3 0.0645833328125 0.640625 0.0692708328125 0.6572916671875 0.0838541671875 0.6817708328125 0.0940104171875 0.6934895828125 0.109375 0.70703125 0.12942708281249998 0.7197916671875 0.1502604171875 0.7286458328125 0.1578125 0.73046875 0.17578125 0.7330729171875 0.19765625 0.73359375 0.21901041718749997 0.7315104171875 0.228125 0.7286458328125 0.2325520828125 0.7283854171875 0.2559895828125 0.7174479171875 0.2674479171875 0.7096354171875 0.2796875 0.6989583328125 0.2953125 0.6799479171875 0.29765625 0.6755208328125 0.3088541671875 0.6614583328125 0.3135416671875 0.653125 0.32083333281250004 0.64375 0.323828125 0.6365885421875 0.3348958328125 0.6239583328125 0.33932291718749996 0.6151041671875 0.3455729171875 0.60859375 0.3466145828125 0.6041666671875 0.34609375 0.6020833328124999 0.3486979171875 0.5997395828125 0.34765625 0.5984375 0.3479166671875 0.5963541671875 0.3497395828125 0.5953125 0.35 0.5825520828124999 0.3489583328125 0.5713541671875 0.34609375 0.5669270828124999 0.3450520828125 0.5627604171875 0.3453125 0.5440104171875 0.34609375 0.5427083328125 0.3450520828125 0.5356770828124999 0.3463541671875 0.5322916671875 0.3455729171875 0.52734375 0.3479166671875 0.5260416671875 0.34817708281250004 0.52265625 0.35234375 0.5161458328124999 0.3497395828125 0.5096354171875 0.346875 0.5078125 0.3419270828125 0.49921875 0.3361979171875 0.49427083281249995 0.33541666718749996 0.4921875 0.3302083328125 0.4895833328125 0.32578125 0.4830729171875 0.31171875 0.47447916718750005 0.2947916671875 0.46770833281249996 0.28671875 0.465625 0.2671875 0.4635416671875 0.2518229171875 0.4643229171875 0.2359375 0.46770833281249996 0.1424479171875 0.49427083281249995 0.12734375 0.5 0.1109375 0.5091145828125 0.09609375 0.5208333328125 0.0830729171875 0.5346354171875001 0.078125 0.54140625 0.06953125 0.5565104171875 0.0653645828125 0.5671875 0.06484375 0.5713541671875 0.0614583328125 0.5796875 0.06015625 0.5888020828125 0.058854167187499994 0.6033854171875 0.0596354171875 0.6221354171875 0.061979167187499996 0.63515625 0.0645833328125 0.640625
3 0.3580729171875 0.5721354171875 0.3760416671875 0.5747395828124999 0.4252604171875 0.5744791671875 0.453125 0.5703125 0.47447916718750005 0.5625 0.4778645828125 0.5583333328125 0.4778645828125 0.5536458328125 0.47942708281249996 0.5515625 0.48046875 0.5291666671875 0.4791666671875 0.5255208328125 0.47734375 0.5236979171875 0.47057291718750005 0.5203125 0.45026041718750004 0.5161458328124999 0.43515625 0.5140625 0.41640625 0.5130208328125 0.3856770828125 0.5127604171875 0.3692708328125 0.5140625 0.3580729171875 0.5161458328124999 0.35234375 0.5182291671875 0.34921875 0.5216145828125 0.34817708281250004 0.53671875 0.34765625 0.5643229171875 0.3489583328125 0.5682291671875 0.3515625 0.5700520828125 0.3580729171875 0.5721354171875
3 0.3552083328125 0.6234375 0.35598958281250004 0.6614583328125 0.3578125 0.6658854171875 0.35703125 0.6731770828125 0.359375 0.696875 0.3604166671875 0.70078125 0.365625 0.7057291671875 0.3734375 0.7098958328125 0.3963541671875 0.7153645828124999 0.40416666718750005 0.71640625 0.4296875 0.7158854171875 0.446875 0.7138020828125 0.4653645828125 0.7096354171875 0.48463541718750003 0.7013020828125 0.4908854171875 0.6963541671875 0.49427083281249995 0.6921875 0.4955729171875 0.6838541671875 0.49453125 0.6752604171875001 0.4947916671875 0.6450520828124999 0.49322916718750004 0.6395833328125 0.49296875 0.6309895828125 0.4934895828125 0.5950520828125 0.4908854171875 0.5625 0.4869791671875 0.5580729171875001 0.4817708328125 0.5580729171875001 0.4739583328125 0.56328125 0.45520833281249995 0.5708333328124999 0.43958333281249995 0.57265625 0.43515625 0.57421875 0.39921875 0.5760416671875 0.3763020828125 0.5752604171875 0.3567708328125 0.57265625 0.3552083328125 0.5731770828125 0.3541666671875 0.5752604171875 0.3552083328125 0.59609375 0.3544270828125 0.6036458328125 0.3528645828125 0.6067708328125 0.3552083328125 0.6234375
3 0.60234375 0.5859375 0.6036458328125 0.5997395828125 0.6028645828125 0.6041666671875 0.6052083328125 0.6330729171875 0.6067708328125 0.63984375 0.6065104171875 0.6505208328125 0.609375 0.6614583328125 0.61171875 0.665625 0.615625 0.66875 0.6192708328125 0.6744791671875 0.6239583328125 0.6770833328125 0.6270833328125 0.6830729171875001 0.6294270828124999 0.6854166671875 0.6317708328125 0.6903645828125 0.6294270828124999 0.6932291671875 0.6302083328125 0.69609375 0.6395833328125 0.6994791671875 0.6419270828125 0.7013020828125 0.6658854171875 0.7049479171875 0.6833333328125 0.7049479171875 0.7013020828125 0.703125 0.7096354171875 0.70078125 0.7182291671875001 0.6966145828125 0.7192708328124999 0.6924479171875 0.71796875 0.67109375 0.7182291671875001 0.6484375 0.7203125 0.64296875 0.7286458328125 0.6348958328125 0.7302083328125 0.63125 0.7294270828125 0.6283854171875001 0.73046875 0.6221354171875 0.7296875 0.60078125 0.73046875 0.5911458328125 0.7317708328125 0.5872395828125 0.73125 0.5794270828125 0.7328125 0.5692708328125 0.7317708328125 0.5572916671875 0.7328125 0.5520833328125 0.73203125 0.5203125 0.7307291671875 0.51484375 0.7330729171875 0.50390625 0.73203125 0.4973958328125 0.7328125 0.42161458281249997 0.73203125 0.41796875 0.7299479171875001 0.415625 0.7143229171875001 0.4140625 0.6653645828125 0.41380208281249997 0.6190104171875 0.41484375 0.6111979171875 0.415625 0.6067708328125 0.4174479171875 0.6044270828125 0.42395833281249995 0.6041666671875 0.44166666718750003 0.6052083328125 0.44348958281249995 0.6041666671875 0.45026041718750004 0.6044270828125 0.5200520828124999 0.6033854171875 0.52421875 0.6036458328125 0.5432291671875 0.6026041671875 0.5557291671875 0.6033854171875 0.5604166671875 0.6026041671875 0.5778645828125 0.60390625 0.5799479171875 0.60234375 0.5859375
3 0.7263020828125 0.6809895828125 0.7296875 0.6869791671875001 0.72890625 0.6924479171875 0.7302083328125 0.7098958328125 0.7361979171875 0.71875 0.75078125 0.72734375 0.7669270828125 0.7330729171875 0.7921875 0.73828125 0.81953125 0.7401041671875 0.834375 0.7395833328125 0.8494791671874999 0.7369791671875 0.8578125 0.7338541671875001 0.8645833328125001 0.7270833328124999 0.8674479171874999 0.71015625 0.8674479171874999 0.7028645828125 0.8684895828125001 0.70078125 0.8729166671874999 0.6979166671875 0.8778645828125 0.6919270828124999 0.8802083328125001 0.68125 0.8794270828125 0.66953125 0.8807291671874999 0.6611979171875 0.8763020828125001 0.6549479171875 0.8705729171875 0.65 0.8622395828125 0.6473958328125 0.8588541671875 0.64453125 0.85078125 0.6408854171875 0.8252604171875 0.6341145828125 0.7947916671875 0.6302083328125 0.7692708328125 0.6296875 0.7471354171875 0.63203125 0.7346354171875 0.6348958328125 0.72421875 0.6416666671875 0.72109375 0.6502604171875 0.721875 0.6575520828125 0.7203125 0.665625 0.7205729171875 0.6744791671875 0.7263020828125 0.6809895828125
3 0.8778645828125 0.6541666671875 0.8822916671875 0.6611979171875 0.8807291671874999 0.66796875 0.88046875 0.6877604171875 0.8786458328125001 0.69296875 0.8716145828125 0.703125 0.8721354171875 0.7072916671875 0.8734375 0.709375 0.8895833328125 0.7143229171875001 0.9182291671874999 0.71796875 0.9283854171874999 0.7182291671875001 0.94375 0.7166666671875 0.9528645828125001 0.7127604171875 0.9552083328125001 0.7098958328125 0.95546875 0.6861979171875 0.9567708328125001 0.68359375 0.9567708328125001 0.67796875 0.95859375 0.6729166671875 0.95703125 0.6700520828125 0.9588541671874999 0.66484375 0.9580729171875 0.66015625 0.96484375 0.5466145828125 0.96484375 0.5380208328125 0.9635416671874999 0.5341145828125 0.95234375 0.528125 0.94453125 0.528125 0.9317708328125001 0.5239583328124999 0.9236979171874999 0.5236979171875 0.91953125 0.525 0.89453125 0.5234375 0.8723958328125001 0.5236979171875 0.8606770828125001 0.52578125 0.8575520828125001 0.52734375 0.8567708328125001 0.53125 0.85390625 0.5799479171875 0.8518229171874999 0.6375 0.853125 0.6395833328125 0.8744791671875 0.65078125 0.8778645828125 0.6541666671875
3 0.74453125 0.553125 0.7481770828125 0.5611979171875 0.74921875 0.5708333328124999 0.7518229171875 0.5736979171875001 0.7791666671875 0.57109375 0.79453125 0.5682291671875 0.7966145828125 0.56484375 0.8015625 0.5489583328125 0.8033854171874999 0.5471354171875 0.8020833328125001 0.5434895828124999 0.8013020828125 0.52734375 0.7973958328124999 0.5158854171875 0.7942708328125 0.5140625 0.7807291671875001 0.5143229171875 0.73515625 0.5190104171875001 0.7330729171875 0.5208333328125 0.7328125 0.5309895828125 0.7328125 0.5440104171875 0.7348958328124999 0.54609375 0.73984375 0.5484375 0.74453125 0.553125
3 0.7575520828125 0.6296875 0.7770833328125 0.6286458328125 0.7903645828125 0.6296875 0.7958333328125 0.6291666671875 0.81328125 0.6315104171875 0.81875 0.6307291671875 0.8203125 0.6091145828125 0.8197916671875 0.6044270828125 0.81796875 0.6018229171875 0.809375 0.596875 0.7947916671875 0.5921875 0.7875 0.5911458328125 0.7481770828125 0.58828125 0.7325520828125 0.5903645828124999 0.73125 0.596875 0.7307291671875 0.609375 0.73125 0.6328125 0.73203125 0.6338541671875 0.7575520828125 0.6296875
3 0.8111979171874999 0.596875 0.81953125 0.6018229171875 0.8203125 0.6028645828125 0.8203125 0.6098958328124999 0.8192708328125 0.6221354171875 0.821875 0.62890625 0.8208333328125 0.6307291671875 0.8276041671875 0.6322916671875001 0.83203125 0.63125 0.8372395828125001 0.621875 0.8380208328125001 0.6135416671875 0.8375 0.5966145828125 0.834375 0.5932291671875001 0.834375 0.5911458328125 0.83671875 0.5903645828124999 0.8388020828125 0.5877604171875 0.83813828125 0.5824114578125 0.8322916671874999 0.5783854171875 0.8279932296875 0.5742174484375 0.8018502609375 0.56953515625 0.7895833328124999 0.5708333328124999 0.7830729171875 0.5708333328124999 0.775 0.5729166671875 0.771875 0.5721354171875 0.7677083328125 0.57265625 0.765625 0.5734375 0.7627604171875 0.5776041671875001 0.75703125 0.5799479171875 0.7578125 0.58671875 0.7703125 0.5880208328125 0.803125 0.5940104171875 0.8111979171874999 0.596875
3 0.5489583328125 0.7114583328124999 0.5716145828125 0.7260416671875001 0.59140625 0.7364583328125 0.6057291671875 0.7338541671875001 0.62421875 0.72734375 0.62421875 0.7065104171875001 0.6229166671875 0.7036458328124999 0.6192708328125 0.7010416671875 0.6049479171875001 0.69453125 0.5369791671875 0.6588541671875 0.51640625 0.6494791671875 0.50546875 0.6486979171875 0.5036458328125 0.64609375 0.49791666718750005 0.6453125 0.49583333281249997 0.6515625 0.4953125 0.67265625 0.49791666718750005 0.6846354171875 0.503125 0.6846354171875 0.5489583328125 0.7114583328124999
3 0.49635416718750003 0.6140625 0.5015625 0.6216145828124999 0.5098958328125 0.6307291671875 0.5140625 0.6333333328124999 0.5268229171875001 0.6481770828125 0.5359375 0.6546875 0.5395833328124999 0.659375 0.54609375 0.6638020828125 0.5609375 0.6700520828125 0.571875 0.67578125 0.5760416671875 0.6791666671875001 0.58984375 0.68515625 0.59296875 0.6869791671875001 0.5955729171875 0.6908854171875001 0.6057291671875 0.6934895828125 0.6174479171875 0.7013020828125 0.6200520828125 0.70078125 0.6229166671875 0.6953125 0.6247395828125 0.68359375 0.6229166671875 0.67890625 0.5763020828125 0.63671875 0.5731770828125 0.6356770828125 0.5721354171875 0.6341145828125 0.5713541671875 0.6348958328125 0.57265625 0.6369791671875 0.57265625 0.6393229171875 0.5684895828125 0.6450520828124999 0.5596354171875 0.6442708328125 0.55546875 0.6395833328125 0.5536458328125 0.63359375 0.5486979171875 0.63046875 0.5486979171875 0.6265625 0.5473958328124999 0.62734375 0.5442708328125 0.62578125 0.5440104171875 0.621875 0.540625 0.61640625 0.5390625 0.6098958328124999 0.5356770828124999 0.6057291671875 0.53359375 0.6049479171875001 0.53046875 0.59765625 0.52421875 0.5934895828125 0.5213541671875 0.5890625 0.51015625 0.5864583328124999 0.49817708281249995 0.5872395828125 0.49505208281249996 0.5888020828125 0.4947916671875 0.5921875 0.49609375 0.5955729171875 0.4955729171875 0.6122395828125 0.49635416718750003 0.6140625
3 0.5463541671875001 0.62265625 0.5572916671875 0.63984375 0.5625 0.6442708328125 0.5645833328125 0.6447916671875 0.5684895828125 0.64375 0.5723958328125 0.6395833328125 0.57265625 0.6338541671875 0.5697916671875001 0.6302083328125 0.5619791671875001 0.6153645828125 0.53984375 0.5825520828124999 0.53125 0.5643229171875 0.5330729171875 0.5638020828125 0.53359375 0.5625 0.53125 0.5625 0.5307291671875001 0.5638020828125 0.5291666671875 0.5638020828125 0.52578125 0.56015625 0.5221354171875 0.5533854171875 0.5192708328125 0.5513020828124999 0.5190104171875001 0.54921875 0.51484375 0.5440104171875 0.5135416671875 0.5401041671875 0.5111979171875001 0.5385416671875001 0.5096354171875 0.534375 0.50859375 0.5341145828125 0.50625 0.5299479171875 0.5057291671875 0.52734375 0.5041666671875 0.5268229171875001 0.5013020828125 0.5231770828125 0.5002604171875 0.5294270828125 0.5205729171875 0.5658854171875001 0.5213541671875 0.57265625 0.5463541671875001 0.62265625
3 0.5643229171875 0.5231770828125 0.5721354171875 0.5330729171875 0.5765625 0.5333333328125 0.5916666671875 0.5283854171875 0.59609375 0.5255208328125 0.6005208328125 0.5247395828125 0.6036458328125 0.5205729171875 0.60390625 0.4895833328125 0.603125 0.48229166718750005 0.5994791671875 0.4809895828125 0.5796875 0.48151041718750004 0.56015625 0.4838541671875 0.5575520828125 0.4856770828125 0.55625 0.4921875 0.55703125 0.51640625 0.55859375 0.51875 0.5643229171875 0.5231770828125
3 0.3424479171875 0.4973958328125 0.3533854171875 0.51328125 0.3575520828125 0.515625 0.36770833281250004 0.51328125 0.3734375 0.5130208328125 0.3760416671875 0.5122395828124999 0.3880208328125 0.5114583328125 0.41223958281249995 0.51171875 0.42303229218749994 0.5133653640625 0.4258458328125 0.49990078125000004 0.4282575515625 0.474378125 0.4290611984375 0.45106614531250006 0.42524296875 0.4150932296875 0.4246401046875 0.40826041718750006 0.423434375 0.39680546875 0.4216255203125 0.3881638015625 0.4131848953125 0.36364609375 0.40474453125 0.35681328125 0.39453125 0.35598958281250004 0.3809895828125 0.35494791718749996 0.34921875 0.35546875 0.3450520828125 0.3567708328125 0.340625 0.35989583281250004 0.3346354171875 0.3671875 0.3268229171875 0.38203125 0.32369791718749996 0.39505208281250004 0.3190104171875 0.4328125 0.31953125 0.475 0.32083333281250004 0.4770833328125 0.33125 0.48541666718750004 0.3424479171875 0.4973958328125
3 0.8325690109374999 0.5679747390625 0.80814453125 0.3263026046875 0.785434375 0.33144453125 0.7892908859375 0.39057708281250003 0.8077161453124999 0.54655 0.82614140625 0.56111875 0.8325690109374999 0.5679747390625
3 0.8487463546875 0.39040989531250003 0.8513518234375 0.4045942703125 0.8516411453125 0.41964713593749997 0.8501937500000001 0.45496328124999996 0.8499044265625001 0.4842002609375 0.8554044265625 0.559175 0.8554044265625 0.5397799484375 0.85829921875 0.5273325515625 0.85829921875 0.5206744796875 0.8562729171875001 0.48651614531250004 0.8574307296875 0.46220026093750005 0.85829921875 0.3999625 0.8533781250000001 0.35683046875 0.8490359375000001 0.31861953125000003 0.8417989578125 0.3183302078125 0.8444044265624999 0.3455408859375 0.8487463546875 0.39040989531250003
3 0.9423822921875 0.4850302078125 0.9319807296875 0.48659036406249995 0.9325007812500001 0.5245562500000001 0.9408221359375 0.5271565109374999 0.9598049484375 0.53105703125 0.9592848953124999 0.4813895828125 0.9548640625000001 0.4819096359375 0.9507036453125 0.48425 0.9423822921875 0.4850302078125
3 0.9491432296875001 0.4689078125 0.9579846359375 0.46500729218750003 0.9574645828125 0.4273015625 0.9309406250000001 0.42704140625000003 0.9319807296875 0.46994791718749995 0.9364013015625 0.4725484375 0.9418622390625 0.472028125 0.9491432296875001 0.4689078125