1 0.7815104171875 0.778125 0.7885416671875001 0.7809895828125 0.8846354171874999 0.7809895828125 0.8880208328125001 0.7776041671875 0.8848958328125001 0.7713541671875 0.8856770828125 0.7604166671875 0.8838541671875 0.7484375 0.88359375 0.7388020828124999 0.8721354171875 0.6546875 0.865625 0.6177083328124999 0.8653645828125001 0.6104166671875 0.8638020828125 0.6059895828124999 0.8640625 0.6020833328124999 0.8630208328125001 0.6002604171875 0.86328125 0.5973958328125 0.8611979171874999 0.5880208328125 0.86171875 0.584375 0.8588541671875 0.5770833328125 0.8572916671874999 0.5536458328125 0.853125 0.55234375 0.8515625 0.55078125 0.85 0.54453125 0.8440104171874999 0.5427083328125 0.8432291671875 0.5403645828125 0.83671875 0.5361979171875 0.8283854171874999 0.53515625 0.8263020828125001 0.5338541671875 0.82109375 0.534375 0.8182291671874999 0.5330729171875 0.8109375 0.5356770828124999 0.8049479171874999 0.5361979171875 0.8036458328125 0.5385416671875001 0.7986979171875 0.5427083328125 0.7973958328124999 0.5515625 0.79453125 0.5575520828125 0.7932291671875 0.56796875 0.7934895828124999 0.57578125 0.7908854171875 0.5791666671875 0.7901041671875 0.5872395828125 0.7864583328125 0.59765625 0.78203125 0.6294270828124999 0.7809895828125 0.64453125 0.7817708328124999 0.6536458328125 0.7809895828125 0.67890625 0.7815104171875 0.778125
1 0.7192708328124999 0.6552083328125 0.7166666671875 0.67578125 0.7153645828124999 0.67890625 0.7153645828124999 0.6869791671875001 0.71171875 0.7075520828124999 0.7270833328124999 0.71953125 0.75546875 0.72578125 0.76015625 0.7255208328125 0.7625 0.7236979171875 0.765625 0.71171875 0.79609375 0.5424479171875001 0.8044270828125001 0.48984375 0.8041666671875 0.48671875 0.8026041671874999 0.48463541718750003 0.7901041671875 0.48151041718750004 0.7768229171875001 0.4809895828125 0.7572916671875001 0.47838541718750005 0.753125 0.47890625 0.74921875 0.4817708328125 0.7473958328125 0.4973958328125 0.7458333328125 0.50078125 0.7440104171875 0.5143229171875 0.7424479171875 0.5182291671875 0.7372395828125 0.5518229171875 0.7283854171875 0.57578125 0.72734375 0.5838541671875 0.728125 0.6010416671875001 0.72578125 0.6020833328124999 0.72421875 0.6059895828124999 0.7223958328125 0.6174479171875 0.7234375 0.6247395828125 0.7205729171875 0.63046875 0.7200520828125 0.6341145828125 0.7213541671875 0.6427083328125 0.7203125 0.6481770828125 0.7208333328125 0.6505208328125 0.7192708328124999 0.6552083328125
1 0.6927083328125 0.7513020828125 0.6971354171875 0.7546875 0.69921875 0.7536458328125 0.7010416671875 0.7510416671875 0.70390625 0.73828125 0.7078125 0.7341145828125 0.7109375 0.7252604171875 0.7127604171875 0.7231770828124999 0.7143229171875001 0.7166666671875 0.7161458328125 0.7143229171875001 0.7140625 0.7114583328124999 0.7088541671875 0.7075520828124999 0.6505208328125 0.67265625 0.64453125 0.6747395828125 0.63828125 0.6815104171875 0.628125 0.7015625 0.6276041671875 0.7075520828124999 0.6299479171875 0.7114583328124999 0.6802083328124999 0.7450520828125 0.6927083328125 0.7513020828125
1 0.7528645828125 0.7809895828125 0.75390625 0.7778645828124999 0.75234375 0.7674479171875 0.7450520828125 0.7473958328125 0.7325520828125 0.72734375 0.7205729171875 0.715625 0.7166666671875 0.71484375 0.7153645828124999 0.71640625 0.7143229171875001 0.72109375 0.7036458328124999 0.7434895828125 0.6963541671875 0.7666666671875 0.69140625 0.7776041671875 0.6916666671875 0.7809895828125 0.7528645828125 0.7809895828125
1 0.6947916671875001 0.76796875 0.6955729171875 0.7625 0.6940104171875 0.7606770828125 0.6544270828125 0.7401041671875 0.65078125 0.7390625 0.6466145828125 0.7395833328125 0.6416666671875 0.7421875 0.6341145828125 0.7486979171875 0.6216145828124999 0.7635416671875 0.61171875 0.7778645828124999 0.6114583328125 0.7809895828125 0.6872395828125 0.7809895828125 0.690625 0.7776041671875 0.6947916671875001 0.76796875
1 0.5828125 0.62421875 0.5846354171875 0.6307291671875 0.5825520828124999 0.6328125 0.5872395828125 0.6421875 0.5875 0.6486979171875 0.5861979171875 0.6541666671875 0.5809895828125 0.6635416671875001 0.578125 0.6651041671875 0.5731770828125 0.6703125 0.5723958328125 0.6729166671875 0.5770833328125 0.7088541671875 0.5765625 0.7122395828125 0.57890625 0.7182291671875001 0.58359375 0.7466145828124999 0.58671875 0.7723958328125 0.5854166671875001 0.7783854171875 0.5859375 0.7809895828125 0.5950520828125 0.7809895828125 0.5979166671875 0.7796875 0.6075520828125 0.7809895828125 0.6080729171875 0.7796875 0.6114583328125 0.7778645828124999 0.6190104171875 0.7669270828125 0.6200520828125 0.7619791671875 0.5997395828125 0.64375 0.59765625 0.6375 0.5958333328125 0.6263020828125 0.5932291671875001 0.6231770828125 0.5895833328125 0.6221354171875 0.5880208328125 0.6190104171875 0.58828125 0.6174479171875 0.5854166671875001 0.61484375 0.5838541671875 0.6140625 0.5828125 0.61484375 0.5838541671875 0.6169270828125 0.5830729171875 0.61953125 0.5838541671875 0.621875 0.5828125 0.62421875
1 0.53305625 0.5645018234375 0.5301916671875 0.5676268234374999 0.5273270828125 0.57439765625 0.5265458328125 0.58611640625 0.5281083328125 0.5895018234375 0.52836875 0.60017890625 0.52680625 0.60642890625 0.5255041671875 0.6072101562500001 0.52524375 0.61424140625 0.52368125 0.6155434890625 0.52680625 0.6228351562500001 0.5239416671875 0.6246580734375 0.52680625 0.6288247390625 0.5270666671875001 0.6340330734374999 0.52915 0.6371580734375 0.5307125 0.6488768234375 0.5338375 0.6520018234375 0.5351395828125 0.6553872390625 0.54086875 0.66346015625 0.54243125 0.66502265625 0.5484208328125 0.6671059890625 0.5515458328125 0.6697101562500001 0.5577958328125 0.6715330734375 0.5656083328125 0.6707518234375 0.5710770828125 0.6686684890625 0.5770666671875 0.6618976562500001 0.582275 0.6577309890625 0.5827958328125 0.6501789062500001 0.5838375 0.6488768234375 0.5820145828125 0.6428872390625 0.5825354171875 0.64002265625 0.57993125 0.6223143234374999 0.5734208328125 0.5991372390625 0.5718583328125 0.5895018234375 0.5700354171875001 0.5879393234375 0.5682125 0.5837726562500001 0.5663895828125 0.5720539062500001 0.5632645828125 0.5694497390625 0.5619625 0.5655434890625 0.5583166671875001 0.56346015625 0.557275 0.5613768234375 0.551025 0.5436684890625 0.5507645828125 0.53846015625 0.5465979171875001 0.5280434890625 0.5419958328125001 0.4770354171875 0.5265950515625 0.4798348953125 0.532275 0.5256997390625 0.5309729171875001 0.5238768234375 0.5288895828125 0.5277830734375 0.52993125 0.5316893234375 0.5307125 0.54783515625 0.532275 0.5496580734375 0.53305625 0.5645018234375
1 0.48802083281249997 0.53671875 0.4953125 0.5651041671875 0.49791666718750005 0.5713541671875 0.5018229171875 0.5736979171875001 0.5096354171875 0.5861979171875 0.5138020828125 0.5893229171875001 0.5177083328125 0.5986979171875 0.51796875 0.6018229171875 0.5216145828125 0.6052083328125 0.5231770828125 0.60390625 0.5276041671875 0.59296875 0.5268229171875001 0.5776041671875001 0.5294270828125 0.5669270828124999 0.528125 0.5606770828125 0.5309895828125 0.5557291671875 0.53125 0.5513020828124999 0.52890625 0.5458333328125 0.52890625 0.5408854171875 0.5244791671875 0.5299479171875 0.5140625 0.4921875 0.5080729171875 0.48645833281249995 0.4973958328125 0.48333333281249996 0.48463541718750003 0.4877604171875 0.4817708328125 0.49296875 0.48046875 0.4986979171875 0.4809895828125 0.5080729171875 0.48645833281249995 0.5338541671875 0.48802083281249997 0.53671875
1 0.5369791671875 0.6859375 0.5473958328124999 0.7231770828124999 0.5484375 0.7322916671875 0.55078125 0.7361979171875 0.55625 0.73828125 0.5604166671875 0.7388020828124999 0.5684895828125 0.7361979171875 0.571875 0.7341145828125 0.5755208328125 0.7294270828125 0.5763020828125 0.72265625 0.5739583328125 0.7184895828125 0.5721354171875 0.7088541671875 0.5666666671875 0.6947916671875001 0.5614583328125 0.6734375 0.5604166671875 0.671875 0.5479166671875 0.66640625 0.5424479171875001 0.66015625 0.5328125 0.64375 0.5330729171875 0.6557291671875001 0.5317708328124999 0.66015625 0.53671875 0.6799479171875 0.5369791671875 0.6859375
1 0.48541666718750004 0.665625 0.48671875 0.66796875 0.48828125 0.67890625 0.49140625 0.6893229171875 0.49244791718750003 0.7 0.49921875 0.7333333328125 0.5067708328125 0.7645833328125 0.5096354171875 0.76953125 0.5197916671875 0.77578125 0.5294270828125 0.7765625 0.5393229171875 0.7736979171875 0.5450520828125 0.7703125 0.5486979171875 0.7666666671875 0.5528645828125 0.7598958328125 0.5533854171875 0.7536458328125 0.5473958328124999 0.7385416671875 0.546875 0.7263020828125 0.5395833328124999 0.703125 0.5375 0.6919270828124999 0.5330729171875 0.6768229171875 0.53046875 0.6713541671875001 0.5299479171875 0.6658854171875 0.5231770828125 0.64765625 0.51953125 0.6315104171875 0.5197916671875 0.6216145828124999 0.5182291671875 0.61640625 0.5161458328124999 0.6140625 0.5135416671875 0.5973958328125 0.50625 0.5841145828125 0.5 0.5807291671875 0.4953125 0.5799479171875 0.48984375 0.5802083328125 0.4799479171875 0.584375 0.4739583328125 0.5888020828125 0.47057291718750005 0.5966145828125 0.47057291718750005 0.6049479171875001 0.475 0.6283854171875001 0.48203125 0.6458333328125 0.48541666718750004 0.665625
1 0.43151041718750005 0.4505208328125 0.453125 0.64921875 0.45416666718750004 0.67734375 0.45677083281249997 0.68446171875 0.45729166718750003 0.7020833328125 0.45859375 0.7171875 0.45989583281249996 0.7221354171875001 0.4609375 0.7484375 0.4640625 0.7533854171875001 0.46640625 0.7549479171875 0.4791666671875 0.7546875 0.48333333281249996 0.7536458328125 0.48723958281249996 0.7494791671875001 0.48723958281249996 0.7356770828125 0.4828125 0.70546875 0.47838541718750005 0.6565104171875 0.47682291718750003 0.65 0.4765625 0.6388020828125 0.47291666718750003 0.6239583328125 0.46901041718750003 0.59921875 0.46666666718750005 0.5588541671875 0.4526041671875 0.45130208281249995 0.4518229171875 0.4390625 0.44713541718750005 0.42161458281249997 0.43932291718750005 0.41041666718750003 0.43828125 0.4125 0.4330729171875 0.41302083281249996 0.43151041718750005 0.4145833328125 0.43151041718750005 0.42421875 0.43333333281249997 0.42578125 0.4309895828125 0.43203125 0.43151041718750005 0.4505208328125
1 0.41979166718750005 0.6955729171875 0.4270833328125 0.6979166671875 0.43359375 0.6973958328125 0.44114583281249997 0.6927083328125 0.44895833281249997 0.6848958328125 0.45208333281249996 0.6802083328124999 0.453125 0.65625 0.45078125 0.5908854171875 0.4484375 0.58359375 0.4427083328125 0.578125 0.44140625 0.5747395828124999 0.4421875 0.5713541671875 0.4419270828125 0.5440104171875 0.43984375 0.484375 0.4375 0.47890625 0.43203125 0.4765625 0.42734375 0.47890625 0.42604166718750003 0.48203125 0.42291666718750004 0.48333333281249996 0.421875 0.4895833328125 0.42291666718750004 0.49427083281249995 0.41901041718750004 0.5010416671875 0.41953125 0.5065104171875 0.41822916718750003 0.51171875 0.41901041718750004 0.5138020828125 0.41901041718750004 0.534375 0.4174479171875 0.5638020828125 0.4184895828125 0.575 0.41614583281249995 0.578125 0.41223958281249995 0.5802083328125 0.409375 0.584375 0.40729166718750004 0.5901041671875 0.4067708328125 0.6028645828125 0.40416666718750005 0.6723958328124999 0.40520833281249996 0.6809895828125 0.40651041718750003 0.6838541671875 0.41979166718750005 0.6955729171875
1 0.3725583328125 0.5861979171875 0.3754229171875 0.5955729171875 0.3840166671875 0.5955729171875 0.38219375 0.59453125 0.38375625 0.5911458328125 0.3824541671875 0.5880208328125 0.3863604171875 0.58671875 0.3861 0.5838541671875 0.3905270828125 0.5822916671875 0.3933916671875 0.5796875 0.3949541671875 0.5799479171875 0.3816895828125 0.6051036453124999 0.3676890625 0.7443690109375 0.38518984375 0.7809895828125 0.40199036406250005 0.7695627609375 0.40199036406250005 0.6002049484375 0.4066729171875 0.5854166671875001 0.4105791671875 0.5799479171875 0.4121416671875 0.5734375 0.41552708281250006 0.5692708328125 0.4163083328125 0.5640625 0.41735 0.5184895828125 0.4152666671875 0.51015625 0.4084958328125 0.50390625 0.3988604171875 0.50078125 0.39469375 0.5010416671875 0.3861 0.5041666671875 0.3803708328125 0.5098958328125 0.37802708281249997 0.51640625 0.3754229171875 0.5361979171875 0.37360000000000004 0.5625 0.3733395828125 0.5713541671875 0.3749020828125 0.5765625 0.3733395828125 0.5802083328125 0.3725583328125 0.5861979171875
1 0.22291666718749997 0.6309895828125 0.2401041671875 0.62890625 0.2518229171875 0.6263020828125 0.2552083328125 0.62421875 0.26328125 0.6276041671875 0.2791666671875 0.6270833328125 0.28125 0.62578125 0.2984375 0.6216145828124999 0.3005208328125 0.6190104171875 0.3018229171875 0.6083333328125 0.30078125 0.6046875 0.30078125 0.5973958328125 0.2994791671875 0.59453125 0.2997395828125 0.5903645828124999 0.29739583281250004 0.5794270828125 0.29296875 0.5692708328125 0.2854166671875 0.5622395828125 0.2791666671875 0.5609375 0.2546875 0.5661458328125 0.2502604171875 0.5690104171875 0.2484375 0.5736979171875001 0.2299479171875 0.5807291671875 0.22630208281250003 0.58125 0.21979166718749998 0.584375 0.2166666671875 0.5838541671875 0.21197916718749998 0.5869791671875 0.2049479171875 0.5875 0.20234375 0.5888020828125 0.19973958281249998 0.5950520828125 0.1984375 0.6044270828125 0.2046875 0.6260416671875 0.21223958281250002 0.6307291671875 0.22291666718749997 0.6309895828125
1 0.10442708281249999 0.7796875 0.10833333281249999 0.7778645828124999 0.1856770828125 0.6213541671875 0.1940104171875 0.6036458328125 0.1973958328125 0.5932291671875001 0.20234375 0.5872395828125 0.20598958281250002 0.57578125 0.21223958281250002 0.5658854171875001 0.21614583281250002 0.54765625 0.2203125 0.5432291671875 0.22395833281250002 0.52734375 0.22135416718749998 0.5252604171875 0.22135416718749998 0.5231770828125 0.22291666718749997 0.5205729171875 0.2270833328125 0.5184895828125 0.22239583281250003 0.51640625 0.2234375 0.5143229171875 0.22265625 0.5119791671875 0.2205729171875 0.5114583328125 0.21953125 0.5130208328125 0.21588541718749998 0.5140625 0.21614583281250002 0.515625 0.2143229171875 0.5171875 0.21015625 0.5184895828125 0.2104166671875 0.5197916671875 0.20859375 0.52265625 0.2046875 0.5244791671875 0.20338541718749997 0.52734375 0.2049479171875 0.5317708328124999 0.2015625 0.5361979171875 0.2013020828125 0.5401041671875 0.1901041671875 0.5643229171875 0.1893229171875 0.5653645828125 0.1854166671875 0.5661458328125 0.1848958328125 0.56953125 0.18020833281249998 0.5731770828125 0.1789583328125 0.5767708328125 0.1731770828125 0.5828125 0.16953125 0.5885416671875 0.1671875 0.5953125 0.1643229171875 0.59765625 0.1403645828125 0.6463541671875 0.1317708328125 0.659375 0.1276041671875 0.66875 0.1174479171875 0.6856770828125 0.08932291718749999 0.7411458328125 0.0796875 0.7580729171875 0.0760416671875 0.7666666671875 0.0713541671875 0.7736979171875 0.0692708328125 0.7778645828124999 0.0703125 0.7809895828125 0.10390625 0.7809895828125 0.10442708281249999 0.7796875
1 0.1932291671875 0.5325520828125 0.20078125 0.5317708328124999 0.1994791671875 0.5299479171875 0.20208333281250002 0.5265625 0.20286458281250003 0.5216145828125 0.2049479171875 0.5182291671875 0.209375 0.5151041671875001 0.21640625 0.5018229171875 0.2205729171875 0.49973958281249997 0.2283854171875 0.49973958281249997 0.2325520828125 0.4984375 0.23333333281250002 0.4966145828125 0.23307291718749998 0.4877604171875 0.22786458281250002 0.4848958328125 0.22109375 0.484375 0.21197916718749998 0.4848958328125 0.2026041671875 0.4877604171875 0.1877604171875 0.496875 0.18411458281249998 0.5096354171875 0.184375 0.5192708328125 0.18802083281249998 0.5252604171875 0.1885416671875 0.5294270828125 0.1932291671875 0.5325520828125
1 0.24140625 0.75 0.2794270828125 0.7559895828125 0.2872395828125 0.7557291671875 0.3234375 0.74921875 0.3270833328125 0.7458333328125 0.3283854171875 0.73984375 0.3307291671875 0.7361979171875 0.33151041718749996 0.7296875 0.3299479171875 0.7260416671875001 0.328125 0.725 0.30703125 0.72265625 0.24088541718749998 0.7111979171875 0.2359375 0.7125 0.2328125 0.7161458328125 0.2260416671875 0.7294270828125 0.22552083281250002 0.7375 0.2283854171875 0.7450520828125 0.2299479171875 0.7458333328125 0.24140625 0.75
1 0.3171875 0.7236979171875 0.3221354171875 0.72421875 0.3244791671875 0.72265625 0.32578125 0.715625 0.3255208328125 0.7111979171875 0.3231770828125 0.70625 0.31953125 0.70390625 0.3018229171875 0.7005208328125 0.2933158859375 0.70625 0.2708333328125 0.703125 0.2674479171875 0.7044270828125 0.26510416718749996 0.70703125 0.2635416671875 0.71015625 0.2635416671875 0.7127604171875 0.2666666671875 0.7153645828124999 0.3171875 0.7236979171875
1 0.20859375 0.7776041671875 0.2109375 0.771875 0.2140625 0.7677083328125 0.21796875 0.76484375 0.22578125 0.7411458328125 0.225 0.7328125 0.22734375 0.7255208328125 0.2325520828125 0.71640625 0.23697916718749998 0.7114583328124999 0.24088541718749998 0.7096354171875 0.2596354171875 0.6697916671875 0.2619791671875 0.6614583328125 0.2614583328125 0.65703125 0.2596354171875 0.6546875 0.253125 0.6526041671875 0.2479166671875 0.6526041671875 0.2455729171875 0.6546875 0.1854166671875 0.7736979171875 0.18359375 0.7776041671875 0.18359375 0.7809895828125 0.20598958281250002 0.7809895828125 0.20859375 0.7776041671875
1 0.265625 0.7809895828125 0.26796875 0.7666666671875 0.2658854171875 0.7643229171875 0.228125 0.7458333328125 0.22421875 0.746875 0.22395833281250002 0.7494791671875001 0.2205729171875 0.7544270828124999 0.21901041718749997 0.7609375 0.215625 0.7677083328125 0.2153645828125 0.7690104171875001 0.2182291671875 0.7716145828125 0.2359375 0.7809895828125 0.265625 0.7809895828125
1 0.36015625 0.7427083328124999 0.365625 0.6921875 0.3729166671875 0.6059895828124999 0.37447916718749996 0.5981770828124999 0.37421875 0.5919270828125 0.3723958328125 0.5841145828125 0.3770833328125 0.5359375 0.3796875 0.5229166671875001 0.37890625 0.52109375 0.37942708281250004 0.5184895828125 0.3776041671875 0.51640625 0.3786458328125 0.5140625 0.3778645828125 0.5098958328125 0.37578125 0.5098958328125 0.375 0.5111979171875001 0.3715278640625 0.5125 0.36875 0.5125 0.3671875 0.5143229171875 0.36171875 0.5359375 0.3591145828125 0.5536458328125 0.3580729171875 0.5721354171875 0.353125 0.59296875 0.3338541671875 0.72890625 0.3333333328125 0.7393229171875 0.33151041718749996 0.7471354171875 0.3484375 0.7458333328125 0.36015625 0.7427083328124999
2 0.58515625 0.4296875 0.5833333328125 0.43072916718750004 0.58671875 0.4341145828125 0.5880208328125 0.4375 0.5880208328125 0.44114583281249997 0.59140625 0.4458333328125 0.590625 0.4486979171875 0.5919270828125 0.45130208281249995 0.5927083328125 0.45729166718750003 0.6052083328125 0.4953125 0.62265625 0.5341145828125 0.6731770828125 0.6716145828125 0.67734375 0.6770833328125 0.68515625 0.6809895828125 0.69375 0.6817708328125 0.7010416671875 0.6809895828125 0.7104166671875001 0.6783854171875 0.7169270828125 0.6697916671875 0.7184895828125 0.6572916671875 0.7184895828125 0.65 0.7171875 0.64609375 0.715625 0.6447916671875 0.7145833328125 0.6390625 0.7067708328125 0.6216145828124999 0.6942708328125 0.5971354171875001 0.6817708328125 0.584375 0.68046875 0.5791666671875 0.68046875 0.56875 0.6700520828125 0.553125 0.6705729171875 0.5513020828124999 0.6638020828125 0.5356770828124999 0.6643229171875 0.5338541671875 0.6630208328125 0.5296875 0.6578125 0.5166666671875 0.6427083328125 0.48932291718750004 0.6390625 0.47760416718750004 0.6330729171875 0.46666666718750005 0.6307291671875 0.45703125 0.62578125 0.45104166718750005 0.6247395828125 0.4369791671875 0.6125 0.42083333281249996 0.6088541671875001 0.41197916718750005 0.59921875 0.3953125 0.5955729171875 0.39375 0.58359375 0.39505208281250004 0.5791666671875 0.39765625 0.5768229171875 0.4 0.57578125 0.4028645828125 0.57578125 0.4135416671875 0.57890625 0.421875 0.58515625 0.4265625 0.58515625 0.4296875
2 0.9300736984375 0.690190625 0.9343427078125 0.6981190109375001 0.9422713546875 0.7005585937500001 0.9556888015625 0.6975091140624999 0.9617875 0.6920203125 0.9660567703125 0.68653125 0.9666666671874999 0.6786028640625 0.8721346359375 0.5474776046875001 0.8623763015625 0.5596752609375 0.8623763015625 0.5798015624999999 0.9300736984375 0.690190625