5 0.6510416671875 0.5178571421875 0.6626984125 0.5272817453124999 0.6654265875 0.528769840625 0.668402778125 0.528521825 0.7046130953125 0.5178571421875 0.715277778125 0.512896825 0.7259424609375 0.466269840625 0.7239583328125 0.46304563437499996 0.7150297625 0.4548611109375 0.6917162703125 0.43526785781250005 0.6855158734375 0.4320436515625 0.671130953125 0.437748015625 0.6679067453124999 0.43799603125 0.6421130953125 0.4466765875 0.637896825 0.44915674531249994 0.6354166671875 0.45634920625 0.628472221875 0.49007936562500004 0.627976190625 0.49776785781250005 0.6294642859375 0.49950396875 0.6416170640625001 0.5086805562500001 0.6510416671875 0.5178571421875
5 0.2251984125 0.1835317453125 0.22594246093749998 0.1855158734375 0.22916666718749998 0.18576388906250002 0.234375 0.18849206406250002 0.23611111093749998 0.193204365625 0.237847221875 0.19444444375 0.2457837296875 0.196924603125 0.25347222187499996 0.1949404765625 0.2581845234375 0.19618055625 0.27008928593750003 0.20907738125000003 0.2919146828125 0.2279265875 0.296130953125 0.23387896874999997 0.3053075390625 0.24255952343749998 0.3077876984375 0.247023809375 0.31572420625 0.252976190625 0.33134920625 0.2720734125 0.3365575390625 0.2757936515625 0.33779761875 0.2790178578125 0.3420138890625 0.28174603125000003 0.343501984375 0.284226190625 0.3519345234375 0.2914186515625 0.35491071406249997 0.29588293593750004 0.3581349203125 0.297123015625 0.3606150796875 0.3020833328125 0.3635912703125 0.3033234125 0.3665674609375 0.3077876984375 0.3697916671875 0.3087797625 0.372271825 0.31349206406249996 0.375248015625 0.3142361109375 0.3769841265625 0.318204365625 0.3814484125 0.3201884921875 0.3821924609375 0.32217261875 0.3841765875 0.3234126984375 0.393353175 0.322420634375 0.3990575390625 0.3199404765625 0.4050099203125 0.315476190625 0.4072420640625 0.3087797625 0.4112103171875 0.306795634375 0.4126984125 0.3043154765625 0.4136904765625 0.2986111109375 0.41071428593750003 0.2864583328125 0.4047619046875 0.275545634375 0.3988095234375 0.26884920625 0.38963293593750004 0.2616567453125 0.3866567453125 0.25694444375000003 0.38467261875 0.25595238125 0.37946428593750003 0.250248015625 0.375 0.2477678578125 0.3732638890625 0.24429563437500001 0.3670634921875 0.2383432546875 0.3640873015625 0.23189484062500001 0.3608630953125 0.22767857187499999 0.3571428578125 0.22569444375 0.3541666671875 0.2209821421875 0.3457341265625 0.2132936515625 0.33680555624999997 0.203125 0.333829365625 0.20238095312499998 0.3293650796875 0.1991567453125 0.3258928578125 0.19345238125 0.32118055624999997 0.18923611093749998 0.3196924609375 0.1852678578125 0.3144841265625 0.1783234125 0.3107638890625 0.1768353171875 0.3072916671875 0.171875 0.29637896874999997 0.162450396875 0.2891865078125 0.1522817453125 0.28993055624999997 0.15029761875 0.29340277812500004 0.1483134921875 0.293898809375 0.14657738125 0.2919146828125 0.1386408734375 0.2827380953125 0.1269841265625 0.2636408734375 0.10689484062500001 0.2581845234375 0.10292658750000001 0.250744046875 0.10094246093749999 0.2420634921875 0.10119047656249999 0.23487103125000003 0.10342261875 0.23263888906250002 0.105902778125 0.2289186515625 0.10689484062500001 0.2232142859375 0.1111111109375 0.2140376984375 0.11929563437499999 0.2053571421875 0.13219246093749998 0.2021329359375 0.14112103125 0.20238095312499998 0.1540178578125 0.2046130953125 0.15972222187500001 0.2197420640625 0.178571428125 0.2251984125 0.1835317453125
5 0.5915178578125 0.6512896828125 0.5952380953125 0.6540178578125 0.5979662703125 0.653769840625 0.603670634375 0.6490575390625 0.6049107140625 0.64657738125 0.609375 0.6423611109375 0.611855159375 0.6354166671875 0.61532738125 0.6329365078125 0.622271825 0.625 0.631200396875 0.6212797625 0.6445932546875001 0.6202876984375 0.6478174609375 0.6212797625 0.650545634375 0.6200396828125 0.6666666671875 0.6183035718750001 0.671875 0.619295634375 0.6770833328125 0.6178075390625 0.6860119046875 0.6173115078125 0.6889880953125 0.6160714281249999 0.6951884921875 0.6163194437499999 0.703125 0.615079365625 0.7123015875 0.6116071421875 0.716021825 0.6078869046875 0.71825396875 0.60342261875 0.718501984375 0.5949900796875001 0.7150297625 0.580605159375 0.7098214281249999 0.57217261875 0.7011408734375 0.5679563484375 0.6914682546875001 0.5674603171875 0.6865079359374999 0.5691964281249999 0.6825396828125 0.56845238125 0.6803075390625 0.5694444437499999 0.669146825 0.5699404765625 0.6572420640625001 0.571924603125 0.653521825 0.5714285718750001 0.6498015875 0.5726686515625 0.6458333328125 0.5726686515625 0.6426091265625 0.5741567453124999 0.638144840625 0.5729166671875 0.6339285718750001 0.5744047625 0.6294642859375 0.5741567453124999 0.627480159375 0.575148809375 0.619295634375 0.5758928578125 0.612351190625 0.5734126984375 0.606646825 0.5679563484375 0.5979662703125 0.5610119046875 0.593501984375 0.559027778125 0.5920138890625 0.5570436515625 0.5882936515625 0.5575396828125 0.5830853171875 0.560019840625 0.581597221875 0.5625 0.581101190625 0.5664682546875001 0.581101190625 0.6016865078125 0.5833333328125 0.6262400796875001 0.5892857140625 0.6478174609375 0.5915178578125 0.6512896828125
5 0.3489583328125 0.5491071421875 0.3519345234375 0.5518353171875 0.3613591265625 0.5538194437499999 0.3675595234375 0.556299603125 0.368799603125 0.560019840625 0.372023809375 0.56299603125 0.3730158734375 0.56845238125 0.374751984375 0.571924603125 0.375 0.5763888890625 0.38169642812500004 0.5947420640625001 0.3888888890625 0.622023809375 0.3953373015625 0.6366567453124999 0.40178571406249997 0.640873015625 0.41046627031250005 0.6416170640625001 0.4231150796875 0.6388888890625 0.42757936562500004 0.6354166671875 0.43402777812500004 0.6262400796875001 0.435019840625 0.6230158734375 0.43526785781250005 0.6143353171875 0.431299603125 0.596230159375 0.4320436515625 0.5917658734375 0.4270833328125 0.5801091265625 0.4231150796875 0.562748015625 0.419146825 0.551173859375 0.42137896875 0.5424107140625 0.4300595234375 0.5292658734375 0.4327876984375 0.5225694437499999 0.43154761875 0.5136408734375 0.428571428125 0.5089285718750001 0.42237103125 0.506200396875 0.4166666671875 0.5074404765625 0.41046627031250005 0.5074404765625 0.40550595312500004 0.50967261875 0.403521825 0.5116567453124999 0.393353175 0.5138888890625 0.389880953125 0.515873015625 0.3727678578125 0.5198412703125 0.3695436515625 0.5176091265625 0.3670634921875 0.5193452375 0.3633432546875 0.5195932546875001 0.35887896874999997 0.5228174609375 0.3551587296875 0.5235615078125 0.3487103171875 0.5275297625 0.3400297625 0.5386904765625 0.3397817453125 0.5416666671875 0.341021825 0.5448908734375 0.346230159375 0.5483630953125 0.3489583328125 0.5491071421875
5 0.15575396875 0.599454365625 0.1602182546875 0.6016865078125 0.1669146828125 0.6071428578125 0.17361111093749998 0.609375 0.1758432546875 0.611855159375 0.1783234125 0.61259920625 0.181795634375 0.61259920625 0.1897321421875 0.606894840625 0.2053571421875 0.611855159375 0.20833333281250002 0.61532738125 0.21130952343749998 0.6165674609375 0.2142857140625 0.6195436515625 0.2172619046875 0.6200396828125 0.2199900796875 0.6232638890625 0.230902778125 0.627480159375 0.23387896874999997 0.630704365625 0.24280753906250002 0.6354166671875 0.2457837296875 0.6386408734375 0.2552083328125 0.6428571421875 0.2584325390625 0.646329365625 0.2671130953125 0.6510416671875 0.2728174609375 0.65674603125 0.2757936515625 0.6579861109375 0.28571428593750003 0.6599702375 0.2931547625 0.656994046875 0.3053075390625 0.644097221875 0.3110119046875 0.63095238125 0.3050595234375 0.6230158734375 0.29786706406249996 0.61904761875 0.2931547625 0.6148313484375 0.287450396875 0.612103175 0.281994046875 0.6073908734375 0.2728174609375 0.6026785718750001 0.25868055624999997 0.5925099203124999 0.2549603171875 0.591269840625 0.246527778125 0.5850694437499999 0.2435515875 0.581597221875 0.240575396875 0.581597221875 0.234126984375 0.5768849203124999 0.2234623015625 0.5711805562500001 0.22073412656250002 0.56845238125 0.21924603125000003 0.5647321421875 0.222222221875 0.552579365625 0.206101190625 0.5396825390625 0.18799603125 0.5297619046875 0.184771825 0.5297619046875 0.177579365625 0.5329861109375 0.16939484062500001 0.5396825390625 0.15575396875 0.5538194437499999 0.14384920625 0.57217261875 0.14112103125 0.5796130953125 0.14087301562500001 0.5848214281249999 0.1426091265625 0.5915178578125 0.1512896828125 0.59375 0.15575396875 0.599454365625
5 0.1852678578125 0.358630953125 0.19097222187500001 0.3616071421875 0.1927083328125 0.3635912703125 0.19196428593749998 0.365079365625 0.20238095312499998 0.3670634921875 0.203373015625 0.3685515875 0.2041170640625 0.374751984375 0.2073412703125 0.3802083328125 0.206597221875 0.3854166671875 0.2078373015625 0.3918650796875 0.20833333281250002 0.40426587343750003 0.21031746093749998 0.40972222187499996 0.2108134921875 0.4203869046875 0.21354166718749998 0.42782738125 0.21378968281250002 0.440228175 0.21676587343749998 0.4513888890625 0.2172619046875 0.46676587343750003 0.2209821421875 0.4702380953125 0.2227182546875 0.474950396875 0.2279265875 0.47867063437499996 0.243799603125 0.4791666671875 0.2519841265625 0.47743055625 0.2579365078125 0.47445436562500004 0.2616567453125 0.47073412656249997 0.2641369046875 0.45510912656249997 0.256200396875 0.41195436562500004 0.255704365625 0.3998015875 0.2542162703125 0.396825396875 0.2537202375 0.3764880953125 0.2517361109375 0.36904761875 0.2519841265625 0.3630952375 0.252976190625 0.3608630953125 0.2641369046875 0.3573908734375 0.265376984375 0.34970238125 0.262896825 0.3296130953125 0.25967261875 0.3142361109375 0.2581845234375 0.312251984375 0.249751984375 0.3105158734375 0.194196428125 0.3142361109375 0.1820436515625 0.315476190625 0.180803571875 0.3164682546875 0.17906746093749998 0.318204365625 0.17906746093749998 0.3209325390625 0.184523809375 0.3573908734375 0.1852678578125 0.358630953125
5 0.3829365078125 0.3841765875 0.3834325390625 0.3883928578125 0.3856646828125 0.3926091265625 0.38715277812500004 0.3990575390625 0.3891369046875 0.40054563437499996 0.39012896874999997 0.40550595312500004 0.3988095234375 0.40848214218749995 0.3998015875 0.4072420640625 0.40252976250000005 0.4072420640625 0.4047619046875 0.409226190625 0.40550595312500004 0.41195436562500004 0.40823412656249997 0.4136904765625 0.41071428593750003 0.41989087343750003 0.41046627031250005 0.424355159375 0.4117063484375 0.4273313484375 0.4117063484375 0.431299603125 0.4144345234375 0.434771825 0.4201388890625 0.4513888890625 0.42261904687499996 0.4543650796875 0.42584325468750006 0.466269840625 0.4293154765625 0.4702380953125 0.43030753906249997 0.47718253906249997 0.43700396875 0.49404761875 0.44320436562500004 0.499751984375 0.45114087343750003 0.5009920640625001 0.4548611109375 0.5009920640625001 0.46502976250000005 0.49553571406249997 0.468998015625 0.4945436515625 0.47247023749999995 0.49007936562500004 0.4737103171875 0.4742063484375 0.471726190625 0.4699900796875 0.471478175 0.462549603125 0.4675099203125 0.45510912656249997 0.46924603125 0.45114087343750003 0.46180555625 0.43551587343750003 0.46031746093750003 0.4072420640625 0.462053571875 0.4007936515625 0.46304563437499996 0.387896825 0.4605654765625 0.3712797625 0.4543650796875 0.3521825390625 0.44940476250000005 0.3454861109375 0.446428571875 0.3454861109375 0.4429563484375 0.3474702375 0.43030753906249997 0.349454365625 0.42584325468750006 0.3521825390625 0.41617063437499996 0.353174603125 0.4144345234375 0.3551587296875 0.3841765875 0.36383928593750003 0.381200396875 0.365575396875 0.37946428593750003 0.36904761875 0.380704365625 0.372519840625 0.3797123015625 0.3769841265625 0.3829365078125 0.3841765875
5 0.506200396875 0.3541666671875 0.5074404765625 0.356894840625 0.51240079375 0.36036706406249996 0.51612103125 0.365079365625 0.51884920625 0.365575396875 0.5223214281249999 0.3678075390625 0.525049603125 0.3727678578125 0.5302579359374999 0.37599206406249996 0.533730159375 0.3804563484375 0.5426587296875 0.3851686515625 0.5453869046875 0.3893849203125 0.54737103125 0.3891369046875 0.5550595234375 0.39409722187499996 0.5577876984375 0.40054563437499996 0.5607638890625 0.4327876984375 0.5625 0.43700396875 0.5664682546875001 0.43948412656249997 0.57217261875 0.43948412656249997 0.5771329359374999 0.43551587343750003 0.58407738125 0.424851190625 0.5863095234375 0.42385912656249997 0.618799603125 0.3886408734375 0.6289682546875001 0.3727678578125 0.6299603171875 0.36904761875 0.6324404765625 0.365079365625 0.631200396875 0.3571428578125 0.6299603171875 0.3556547625 0.6185515875 0.3521825390625 0.5895337296875 0.356398809375 0.5833333328125 0.35342261875 0.578125 0.353670634375 0.5771329359374999 0.35267857187499996 0.577876984375 0.349454365625 0.5664682546875001 0.340773809375 0.559771825 0.3328373015625 0.5555555562500001 0.331101190625 0.549603175 0.325644840625 0.546130953125 0.3239087296875 0.5357142859375 0.3142361109375 0.5220734125 0.30803571406249997 0.513144840625 0.3075396828125 0.5014880953125 0.3137400796875 0.49553571406249997 0.32217261875 0.4923115078125 0.3298611109375 0.49305555625 0.3417658734375 0.497519840625 0.34697420625 0.4985119046875 0.349454365625 0.506200396875 0.3541666671875
5 0.6060101687499999 0.5088772328125 0.601163690625 0.49857862031250005 0.5842011406250001 0.48949131875 0.54845858125 0.485856646875 0.52725545625 0.490703125 0.5266495531250001 0.5421966765625 0.529678571875 0.5524952875 0.522408978125 0.607623759375 0.5230146328124999 0.6251919640625 0.5375540671875 0.6348849203125 0.550881696875 0.63670238125 0.5666326890625 0.626403521875 0.578748759375 0.564611359375 0.581777778125 0.5579474203125 0.5938940968749999 0.5543127484375 0.6060101687499999 0.5088772328125
5 0.5878360609375 0.3022973703125 0.5854126984375 0.333193453125 0.5842011406250001 0.3574255953125 0.60176959375 0.3531850203125 0.6290307546875 0.3525791171875 0.6356946921875 0.368330109375 0.6550803578125 0.3646954359375 0.6671966765625 0.356819940625 0.6738603671875001 0.310778521875 0.6708313484375 0.30350892812499997 0.6562921625 0.29866245 0.6647733140625001 0.24595734062500002 0.6647733140625001 0.2168787203125 0.6623501984375 0.200521825 0.6478107640624999 0.195675346875 0.6302423109374999 0.1968869046875 0.6163087796875 0.21021478125 0.606616071875 0.29199851250000003 0.601163690625 0.2950275296875 0.598134671875 0.2962393359375 0.5878360609375 0.3022973703125
5 0.5975287703125 0.24413988125000002 0.5896532734375 0.2217251984375 0.5623921125 0.22293675624999998 0.4654630453125 0.2471688984375 0.45758755000000007 0.23868774843749999 0.4491063984375 0.22899479218750002 0.40730580312500003 0.23929340312499997 0.4066999015625 0.26897792656249997 0.4151813 0.3010858140625 0.4254799109375 0.3265295140625 0.47152108125 0.315625 0.476367559375 0.3095669640625 0.47152108125 0.2974508921875 0.49030109062499994 0.29199851250000003 0.5835952375 0.2695838296875 0.5993462296875001 0.26049677656250003 0.5975287703125 0.24413988125000002
5 0.52725545625 0.2120322421875 0.5424005453125 0.20657986093749997 0.539371528125 0.181741815625 0.5375540671875 0.1611443453125 0.5321016859375 0.1423645828125 0.519985615625 0.11934375 0.486060515625 0.1308541671875 0.4703095234375 0.13691220312500002 0.4684920640625 0.1556922125 0.46303993125 0.16296180625 0.3800443953125 0.1950696921875 0.3630818453125 0.20900322343750002 0.3618702875 0.22293675624999998 0.3721688984375 0.23565872968749998 0.38246775781250003 0.2435342265625 0.4042767859375 0.2423224203125 0.4769734625 0.215061259375 0.4872720734375 0.212637896875 0.4969650296875 0.2186959328125 0.52725545625 0.2120322421875
5 0.522408978125 0.557341765625 0.5260436515625 0.453748759375 0.5284670140625 0.442238590625 0.5399771828125 0.43860367031249997 0.543612103125 0.42527604218750004 0.5466411203125 0.3943799609375 0.5327075890625 0.38408110156249997 0.50786954375 0.37862896875 0.4830314984375 0.3798405265625 0.4660689484375 0.38711011875 0.4642514875 0.4337571921875 0.46728050625 0.4392095734375 0.4709154265625 0.44102703437499996 0.47879092187500005 0.4476907234375 0.4745500984375 0.5640057046875 0.5024171625 0.568851934375 0.5139275796875 0.5682462796875 0.522408978125 0.557341765625
5 0.3794384921875 0.516752728125 0.4133638390625 0.5064541171875 0.43153794687499997 0.49857862031250005 0.43093204375000005 0.47737524843749995 0.4176044140625 0.4392095734375 0.41215203437500003 0.432545634375 0.3964012890625 0.42951661718749995 0.3558122515625 0.44102703437499996 0.3455133921875 0.46404761875 0.2958373015625 0.48222172656250006 0.2843271328125 0.49736681562499996 0.2885677078125 0.5185701890625001 0.292808284375 0.5228107640624999 0.3152232140625 0.52583978125 0.3606587296875 0.5082713296875 0.36429340312499997 0.502819196875 0.3673224203125 0.5076656749999999 0.3794384921875 0.516752728125
5 0.47218427656250006 0.620259671875 0.46654563437499996 0.6299258437499999 0.448018353125 0.6403978171875 0.46090674531250003 0.6540920140625001 0.47782291718750003 0.6557028765624999 0.5148774796875 0.6468420140625 0.5245438984375 0.6371758437499999 0.510849703125 0.623481646875 0.5148774796875 0.5759553578125 0.47298983124999994 0.56709449375 0.4681564984375 0.5872326390625 0.47218427656250006 0.620259671875