4 0.502480159375 0.328373015625 0.5047123015625 0.3298611109375 0.5064484125 0.3345734125 0.5052083328125 0.3373015875 0.5109126984375 0.343501984375 0.5143849203124999 0.35044642812500004 0.515873015625 0.3573908734375 0.515376984375 0.362351190625 0.51612103125 0.3668154765625 0.5267857140625 0.40277777812500004 0.5272817453124999 0.40823412656249997 0.5334821421875 0.4310515875 0.534722221875 0.43948412656249997 0.5401785718750001 0.45882936562500004 0.5419146828125 0.468501984375 0.5535714281249999 0.509920634375 0.5543154765625 0.515625 0.5570436515625 0.5220734125 0.5734126984375 0.5863095234375 0.5860615078125 0.628472221875 0.59375 0.6579861109375 0.5982142859375 0.6798115078125 0.6021825390625 0.6827876984375 0.6071428578125 0.684523809375 0.637896825 0.6912202375 0.65029761875 0.6951884921875 0.6540178578125 0.696924603125 0.65575396875 0.700396825 0.655505953125 0.759920634375 0.6545138890625 0.7790178578125 0.655505953125 0.7829861109375 0.655505953125 0.830605159375 0.6545138890625 0.8705357140625001 0.6577380953125 0.874751984375 0.6986607140625 0.874751984375 0.6986607140625 0.8735119046875001 0.700644840625 0.872519840625 0.702876984375 0.8730158734375 0.703373015625 0.874751984375 0.715277778125 0.874751984375 0.7177579359374999 0.8730158734375 0.7207341265625 0.8730158734375 0.721726190625 0.8700396828124999 0.7197420640625001 0.8645833328125001 0.7175099203124999 0.8616071421875 0.7167658734375 0.8526785718750001 0.6783234125 0.7234623015625 0.66220238125 0.671130953125 0.65947420625 0.6651785718750001 0.6582341265625 0.6584821421875 0.6478174609375 0.6264880953125 0.646329365625 0.619295634375 0.6366567453124999 0.5897817453124999 0.6329365078125 0.581597221875 0.630704365625 0.5714285718750001 0.5416666671875 0.2775297625 0.540674603125 0.27678571406249997 0.5384424609375 0.27802579375 0.53125 0.283978175 0.5295138890625 0.2867063484375 0.5235615078125 0.2884424609375 0.5071924609375 0.30009920625 0.502480159375 0.30555555624999997 0.5012400796875001 0.3105158734375 0.5012400796875001 0.31696428593750003 0.503472221875 0.32217261875 0.502480159375 0.328373015625
2 0.1522817453125 0.8551587296875001 0.15873015937499999 0.8683035718750001 0.16319444375 0.8727678578125 0.3094412203125 0.8730158734375 0.3188774796875 0.8732638890625 0.3216765875 0.874751984375 0.37599206406249996 0.874751984375 0.380704365625 0.872271825 0.3970734125 0.8732638890625 0.40550595312500004 0.8730158734375 0.4114583328125 0.871527778125 0.41592261875 0.8635912703124999 0.421875 0.856398809375 0.424603175 0.8489583328125001 0.428075396875 0.8457341265625 0.43700396875 0.82762896875 0.4384920640625 0.8177083328125001 0.44345238125 0.8058035718750001 0.446924603125 0.7797619046875 0.44717261875 0.76240079375 0.444196428125 0.7380952375 0.4387400796875 0.718501984375 0.43377976250000005 0.70634920625 0.4201388890625 0.6820436515625 0.41195436562500004 0.6706349203124999 0.403769840625 0.662450396875 0.3859126984375 0.6478174609375 0.375744046875 0.641369046875 0.353174603125 0.630704365625 0.314980159375 0.6232638890625 0.30555555624999997 0.6232638890625 0.28993055624999997 0.62450396875 0.265625 0.62822420625 0.2445436515625 0.6351686515625 0.23387896874999997 0.64012896875 0.2123015875 0.652777778125 0.20510912656250002 0.6584821421875 0.2016369046875 0.6629464281249999 0.19717261875 0.6649305562500001 0.1917162703125 0.669394840625 0.17286706406250002 0.6922123015625 0.1547619046875 0.72197420625 0.14508928593749998 0.747271825 0.14112103125 0.765625 0.13988095312499998 0.7760416671875 0.14012896875 0.809027778125 0.143353175 0.8266369046875001 0.14781746093749998 0.843998015625 0.1522817453125 0.8551587296875001
2 0 0.84052579375 0.005704365625 0.841021825 0.06125992031250001 0.8169642859374999 0.06423611093750001 0.8144841265625 0.0766369046875 0.809771825 0.0828373015625 0.8058035718750001 0.13467261875 0.7854662703125 0.1359126984375 0.7824900796875001 0.13814484062500001 0.781498015625 0.1391369046875 0.7795138890625 0.1418650796875 0.7539682546875001 0.1520337296875 0.72470238125 0.15724206406250002 0.7142857140625 0.17237103125 0.6917162703125 0.1733630953125 0.6887400796875001 0.1822916671875 0.67782738125 0.18700396875 0.6741071421875 0.18774801562500001 0.6701388890625 0.18725198437499999 0.669146825 0.18501984062500001 0.66865079375 0.17906746093749998 0.6708829359374999 0.12276785781249999 0.65674603125 0.106646825 0.6542658734375 0.0389384921875 0.6798115078125 0.0322420640625 0.68154761875 0.012648809375 0.6897321421875 0 0.693700396875 0 0.84052579375
2 0.19593253906250002 0.6639384921875 0.20114087343749998 0.66220238125 0.2041170640625 0.6574900796875001 0.2165178578125 0.6483134921875 0.2435515875 0.6339285718750001 0.25892857187499996 0.6287202375 0.2748015875 0.625248015625 0.29092261875 0.6235119046875 0.2946428578125 0.622271825 0.303075396875 0.62177579375 0.30654761875 0.6227678578125 0.3142361109375 0.622023809375 0.3147321421875 0.6205357140625 0.3112599203125 0.612847221875 0.3105158734375 0.608630953125 0.30580357187499996 0.6009424609375 0.30381944375000003 0.5947420640625001 0.299355159375 0.5873015875 0.2946428578125 0.5848214281249999 0.281994046875 0.5890376984375 0.2790178578125 0.59325396875 0.2708333328125 0.59325396875 0.2671130953125 0.59424603125 0.2053571421875 0.6178075390625 0.2018849203125 0.6230158734375 0.20064484062500001 0.6302083328125 0.19717261875 0.6361607140625 0.196428571875 0.640376984375 0.1922123015625 0.6421130953125 0.193204365625 0.64384920625 0.18824404687500002 0.6547619046875 0.18774801562500001 0.6641865078125 0.190228175 0.666170634375 0.193204365625 0.6669146828125 0.19593253906250002 0.6639384921875
2 0 0.6160714281249999 0.0084325390625 0.6170634921875 0.013144840625000001 0.61904761875 0.0176091265625 0.6195436515625 0.021329365625 0.621527778125 0.0290178578125 0.62177579375 0.0324900796875 0.6237599203124999 0.0329861109375 0.627480159375 0.0354662703125 0.6272321421875 0.037450396875 0.625 0.044146825 0.625744046875 0.047123015625 0.627480159375 0.0731646828125 0.6324404765625 0.07936507968749999 0.63467261875 0.09375 0.637648809375 0.10193452343750001 0.638144840625 0.1073908734375 0.641369046875 0.11383928593749999 0.643601190625 0.11954365156249999 0.64384920625 0.1230158734375 0.6455853171875 0.13343253906250002 0.6473214281249999 0.1391369046875 0.6498015875 0.161954365625 0.6547619046875 0.16493055625 0.6545138890625 0.1696428578125 0.6498015875 0.17261904687500002 0.650049603125 0.1738591265625 0.6515376984375 0.1768353171875 0.6453373015625 0.18501984062500001 0.6331845234375 0.1894841265625 0.628472221875 0.20238095312499998 0.60615079375 0.206101190625 0.6039186515625 0.2043650796875 0.6016865078125 0.2068452375 0.5987103171875 0.2068452375 0.5920138890625 0.2085813484375 0.5890376984375 0.206597221875 0.587549603125 0.2043650796875 0.5873015875 0.20262896874999997 0.5882936515625 0.19990079375 0.5922619046875 0.19717261875 0.591021825 0.1889880953125 0.591021825 0.1733630953125 0.5925099203124999 0.1698908734375 0.590773809375 0.16741071406250002 0.57762896875 0.1679067453125 0.5744047625 0.165674603125 0.57217261875 0.1644345234375 0.563244046875 0.1617063484375 0.559027778125 0.16071428593749998 0.5540674609375 0.159226190625 0.5518353171875 0.15600198437499999 0.55009920625 0.1498015875 0.549603175 0.147321428125 0.5456349203124999 0.1453373015625 0.5396825390625 0.14136904687500002 0.5081845234375 0.14112103125 0.4950396828125 0.13963293593749998 0.487351190625 0.13988095312499998 0.4796626984375 0.13740079375 0.4610615078125 0.1366567453125 0.44320436562500004 0.133928571875 0.42906746093750003 0.1331845234375 0.412450396875 0.131696428125 0.40252976250000005 0.1314484125 0.3891369046875 0.1292162703125 0.36830357187499996 0.12946428593749998 0.3576388890625 0.13467261875 0.3516865078125 0.1383928578125 0.349950396875 0.1445932546875 0.343501984375 0.1510416671875 0.34052579375 0.1609623015625 0.33159722187499996 0.1669146828125 0.32862103125000003 0.17286706406250002 0.32366071406249997 0.18154761875 0.3204365078125 0.18650793593749998 0.3204365078125 0.19990079375 0.3177083328125 0.21701388906250002 0.3172123015625 0.22048611093749998 0.318204365625 0.247023809375 0.3162202375 0.265376984375 0.3244047625 0.2668650796875 0.325644840625 0.2673611109375 0.328373015625 0.275545634375 0.328869046875 0.2795138890625 0.325644840625 0.278521825 0.3231646828125 0.2884424609375 0.278769840625 0.27232142812500004 0.27256944375000003 0.26240079375 0.2705853171875 0.2519841265625 0.26661706406249996 0.1703869046875 0.24255952343749998 0.1644345234375 0.24181547656250002 0.153521825 0.23759920625 0.1443452375 0.2358630953125 0.1351686515625 0.23263888906250002 0.130704365625 0.23189484062500001 0.1264880953125 0.23263888906250002 0.11904761875 0.237847221875 0.103174603125 0.26116071406249997 0.0982142859375 0.2703373015625 0.091021825 0.281001984375 0.087549603125 0.28447420625 0.05009920624999999 0.340773809375 0.0404265875 0.3539186515625 0.0376984125 0.359126984375 0 0.41220238125 0 0.6160714281249999
2 0.3797123015625 0.134920634375 0.372519840625 0.13814484062500001 0.3573908734375 0.1498015875 0.34375 0.1671626984375 0.337549603125 0.1793154765625 0.334325396875 0.190476190625 0.3330853171875 0.20486111093749998 0.3345734125 0.21701388906250002 0.33779761875 0.22867063437500001 0.34275793593750004 0.2380952375 0.346726190625 0.25446428593750003 0.3516865078125 0.26463293593750004 0.3608630953125 0.2671130953125 0.37822420625 0.2678571421875 0.3886408734375 0.27008928593750003 0.393601190625 0.2698412703125 0.43948412656249997 0.27455357187499996 0.4670138890625 0.27529761875 0.4791666671875 0.2790178578125 0.49007936562500004 0.30034722187499996 0.4945436515625 0.3015873015625 0.4982638890625 0.30133928593750003 0.5039682546875001 0.2986111109375 0.5133928578125 0.296130953125 0.5322420640625001 0.2832341265625 0.54365079375 0.2730654765625 0.5535714281249999 0.26240079375 0.5553075390625 0.2579365078125 0.5570436515625 0.24677579375 0.5572916671875 0.22569444375 0.55282738125 0.218501984375 0.549355159375 0.21552579375 0.550347221875 0.2145337296875 0.5602678578125 0.21279761874999997 0.565972221875 0.20833333281250002 0.5679563484375 0.2018849203125 0.5694444437499999 0.1820436515625 0.56845238125 0.17286706406250002 0.5664682546875001 0.1703869046875 0.5605158734375 0.15600198437499999 0.5558035718750001 0.1498015875 0.546875 0.14112103125 0.5426587296875 0.1386408734375 0.5364583328125 0.1329365078125 0.5233134921875 0.125 0.39930555624999997 0.125 0.38392857187499996 0.131200396875 0.3797123015625 0.134920634375
2 0.372023809375 0.618799603125 0.3767361109375 0.6227678578125 0.3923611109375 0.6314484125 0.4007936515625 0.6351686515625 0.4072420640625 0.639880953125 0.41319444375 0.6421130953125 0.434771825 0.653769840625 0.437748015625 0.656498015625 0.44469246093750003 0.659722221875 0.4543650796875 0.66592261875 0.4702380953125 0.6728670640625001 0.47842261875 0.6671626984375 0.48511904687499996 0.666170634375 0.4945436515625 0.6669146828125 0.55654761875 0.6649305562500001 0.5706845234375 0.6336805562500001 0.5701884921875 0.6289682546875001 0.5642361109375 0.624255953125 0.5198412703125 0.599950396875 0.512896825 0.594494046875 0.4769345234375 0.5736607140625 0.46478174531249994 0.5679563484375 0.40426587343750003 0.5334821421875 0.40029761875 0.5334821421875 0.39732142812500004 0.5367063484375 0.3943452375 0.5424107140625 0.3764880953125 0.5677083328125 0.3730158734375 0.5744047625 0.3685515875 0.5793650796875001 0.3643353171875 0.587549603125 0.35838293593750004 0.5952380953125 0.356894840625 0.6004464281249999 0.356398809375 0.6081349203124999 0.356894840625 0.609623015625 0.3611111109375 0.6133432546875001 0.372023809375 0.618799603125
2 0.7862103171875 0.736855159375 0.7980158734375 0.73759920625 0.80654761875 0.7393353171875 0.818700396875 0.7395833328125 0.831101190625 0.7366071421875 0.838045634375 0.73387896875 0.8611111109375 0.7276785718750001 0.8737599203125 0.7227182546875001 0.8772321421875 0.718998015625 0.887896825 0.718005953125 0.893601190625 0.7142857140625 0.908730159375 0.7100694437499999 0.9174107140625001 0.706101190625 0.9231150796875 0.7013888890625 0.927579365625 0.700644840625 0.9300595234375001 0.6976686515625 0.8983134921874999 0.687748015625 0.8869047625 0.6857638890625 0.87450396875 0.681795634375 0.8454861109375 0.675347221875 0.7924107140625 0.65947420625 0.7852182546875001 0.656498015625 0.777777778125 0.65575396875 0.7708333328125 0.6522817453124999 0.7693452375 0.650545634375 0.765376984375 0.650049603125 0.7601686515625 0.6478174609375 0.7589285718750001 0.6488095234375 0.7584325390625 0.6478174609375 0.7591765875 0.6498015875 0.7576884921875 0.652777778125 0.7509920640625001 0.6540178578125 0.7460317453124999 0.6517857140625 0.7333829359374999 0.6510416671875 0.7140376984375 0.64657738125 0.7011408734375 0.6448412703125 0.6976686515625 0.6455853171875 0.6951884921875 0.64657738125 0.69072420625 0.6520337296875 0.6865079359374999 0.65947420625 0.6855158734375 0.6651785718750001 0.6865079359374999 0.712549603125 0.6892361109375 0.7177579359374999 0.693204365625 0.7207341265625 0.7862103171875 0.736855159375
2 0.7413194437499999 0.8060515875 0.743799603125 0.8144841265625 0.7579365078125 0.84424603125 0.769097221875 0.8645833328125001 0.77529761875 0.8727678578125 0.7948908734375 0.8730158734375 0.7986111109375 0.874751984375 0.828125 0.874751984375 0.830853175 0.8730158734375 0.8353174609374999 0.8730158734375 0.843998015625 0.8732638890625 0.8454861109375 0.874751984375 0.8492063484375001 0.874751984375 0.8519345234375001 0.8730158734375 0.8735119046875001 0.872271825 0.8893849203125 0.8697916671874999 0.9082341265625 0.8683035718750001 0.9114583328125001 0.8670634921874999 0.928075396875 0.865575396875 0.9543650796875 0.8603670640625 0.96279761875 0.8608630953124999 0.9734623015625001 0.856646825 0.97842261875 0.8524305562500001 0.987351190625 0.8487103171875001 0.999751984375 0.841269840625 0.999751984375 0.7306547625 0.9697420640625 0.6889880953125 0.9670138890625 0.687748015625 0.9583333328125001 0.6887400796875001 0.9551091265625 0.689980159375 0.952380953125 0.6922123015625 0.943204365625 0.6964285718750001 0.9236111109375 0.7043650796875001 0.918898809375 0.7075892859375 0.90674603125 0.7120535718750001 0.8950892859374999 0.71825396875 0.888144840625 0.7202380953125 0.88095238125 0.724950396875 0.868799603125 0.7271825390625 0.858630953125 0.730902778125 0.8576388890625 0.7321428578125 0.8397817453125 0.7356150796875001 0.8263888890625 0.7408234125 0.8172123015625001 0.7460317453124999 0.752728175 0.7745535718750001 0.7455357140625 0.7767857140625 0.7323908734375 0.7849702375 0.7323908734375 0.78720238125 0.7358630953125 0.793898809375 0.7363591265625 0.79737103125 0.7413194437499999 0.8060515875
2 0.714212053125 0.2025885421875 0.6910017359375 0.23375644843750001 0.678402034375 0.249008928125 0.6618231640625 0.269566715625 0.620044890625 0.355112846875 0.6061188 0.4041860125 0.599487103125 0.4552485125 0.6094345234375 0.50697420625 0.63264459375 0.5573735125 0.655191715625 0.591194196875 0.6856966765625 0.6283306046875 0.7168645828125 0.642256696875 0.7513484625 0.651540675 0.760632440625 0.6449092265624999 0.8547998515625 0.677403521875 0.9363670640624999 0.697298115625 0.9708509421875 0.686024553125 0.9914084828125 0.7059188984375 0.999751984375 0.70658209375 0.999751984375 0.50697420625 0.999751984375 0.13163144843750002 0.9801349203124999 0.12566319374999999 0.7851691468750001 0.125 0.781853421875 0.294103175 0.8136845234375001 0.3391974203125 0.827610615625 0.36771279687499997 0.8388841765624999 0.4075017359375 0.8395473703125 0.43402777812500004 0.8289370046875 0.4293856640625 0.8077162703124999 0.41081746093750005 0.781853421875 0.370365328125 0.760632440625 0.3345553078125 0.74272743125 0.28680853125 0.7414012890625 0.2801770828125 0.7659377484375 0.2861453375 0.780527034375 0.29078745 0.781190228125 0.125 0.7407380953125 0.125 0.7274749500000001 0.150862846875 0.714212053125 0.2025885421875
1 0.44915674531249994 0.7899305562500001 0.44717261875 0.794394840625 0.4466765875 0.8033234125 0.4454365078125 0.8075396828124999 0.4456845234375 0.8147321421875 0.4422123015625 0.8177083328125001 0.44171627031250005 0.8226686515624999 0.4375 0.8382936515624999 0.43824404687499996 0.840277778125 0.4375 0.844494046875 0.4387400796875 0.846726190625 0.4375 0.8544146828124999 0.43675595312500004 0.856398809375 0.43154761875 0.8583829359375 0.4327876984375 0.865079365625 0.4320436515625 0.8675595234375001 0.4360119046875 0.8702876984374999 0.44320436562500004 0.872271825 0.44742063437499996 0.8710317453125 0.4516369046875 0.8730158734375 0.5210813484375 0.8727678578125 0.5248015875 0.874751984375 0.650545634375 0.874751984375 0.650545634375 0.8735119046875001 0.653521825 0.871527778125 0.65575396875 0.7145337296875 0.6550099203124999 0.7008928578125 0.652777778125 0.6981646828125 0.6383928578125 0.6927083328125 0.60987103125 0.6865079359374999 0.5917658734375 0.6803075390625 0.5793650796875001 0.67782738125 0.5704365078125 0.674603175 0.5602678578125 0.6676587296875 0.54637896875 0.66592261875 0.533978175 0.6669146828125 0.48635912656249997 0.6676587296875 0.4796626984375 0.6706349203124999 0.477678571875 0.6736111109375 0.47445436562500004 0.67237103125 0.46279761875 0.6825396828125 0.46155753906249997 0.6855158734375 0.4583333328125 0.6887400796875001 0.4546130953125 0.700396825 0.45238095312500004 0.7207341265625 0.44965277812500004 0.73387896875 0.44717261875 0.7380952375 0.44717261875 0.747519840625 0.44890872968749995 0.752976190625 0.44965277812500004 0.7671130953125 0.44915674531249994 0.7899305562500001
1 0.14012896875 0.487103175 0.1460813484375 0.5394345234375 0.15029761875 0.5486111109375 0.15525793593749998 0.5481150796875001 0.1574900796875 0.5488591265625 0.1612103171875 0.553075396875 0.165178571875 0.565972221875 0.1654265875 0.571924603125 0.168898809375 0.5803571421875 0.1698908734375 0.5892857140625 0.1733630953125 0.591021825 0.1768353171875 0.591021825 0.196428571875 0.5873015875 0.2408234125 0.58134920625 0.24677579375 0.5796130953125 0.2537202375 0.5793650796875001 0.2757936515625 0.57490079375 0.2790178578125 0.5734126984375 0.3107638890625 0.5694444437499999 0.3179563484375 0.5647321421875 0.3206845234375 0.5572916671875 0.32142857187499996 0.5481150796875001 0.3226686515625 0.5451388890625 0.3244047625 0.5324900796875001 0.328125 0.52529761875 0.3301091265625 0.5233134921875 0.33482142812500004 0.52157738125 0.3365575390625 0.516369046875 0.33705357187499996 0.5101686515625 0.333829365625 0.4918154765625 0.32911706406249996 0.47470238125 0.32713293593750004 0.4605654765625 0.3105158734375 0.391369046875 0.3082837296875 0.3866567453125 0.3053075390625 0.372519840625 0.3040674609375 0.3707837296875 0.30282738125 0.3608630953125 0.2988591265625 0.35267857187499996 0.297619046875 0.346230159375 0.2948908734375 0.3422619046875 0.2859623015625 0.3382936515625 0.2797619046875 0.3335813484375 0.265873015625 0.327380953125 0.2633928578125 0.32490079375 0.2537202375 0.321924603125 0.24826388906250002 0.318204365625 0.2398313484375 0.3179563484375 0.215277778125 0.3204365078125 0.1852678578125 0.321924603125 0.177579365625 0.3226686515625 0.17361111093749998 0.3244047625 0.14409722187500001 0.3459821421875 0.1304563484375 0.3571428578125 0.1299603171875 0.3700396828125 0.1341765875 0.42261904687499996 0.1351686515625 0.42509920625 0.14012896875 0.487103175
1 0.3301091265625 0.455605159375 0.3293650796875 0.45734127031250005 0.330605159375 0.4583333328125 0.33680555624999997 0.4761904765625 0.33482142812500004 0.477678571875 0.3358134921875 0.48090277812500004 0.343501984375 0.48363095312500004 0.35069444375000003 0.4895833328125 0.3511904765625 0.4925595234375 0.3551587296875 0.49578372968749995 0.356398809375 0.4982638890625 0.36532738125 0.5074404765625 0.38169642812500004 0.52802579375 0.3926091265625 0.5384424609375 0.3988095234375 0.53125 0.4010416671875 0.5302579359374999 0.40401785781250005 0.53075396875 0.419146825 0.521825396875 0.4392361109375 0.5069444437499999 0.44345238125 0.505704365625 0.44940476250000005 0.5022321421875 0.45535714218749995 0.5012400796875001 0.45907738125 0.502728175 0.47098214218749995 0.4925595234375 0.47445436562500004 0.4853670640625 0.4769345234375 0.47718253906249997 0.47867063437499996 0.4751984125 0.49032738125 0.450396825 0.503472221875 0.41790674531249994 0.5064484125 0.4136904765625 0.5119047625 0.3990575390625 0.5136408734375 0.37549603125000003 0.5133928578125 0.3516865078125 0.5014880953125 0.3373015875 0.4925595234375 0.32911706406249996 0.491071428125 0.3261408734375 0.48635912656249997 0.3234126984375 0.484375 0.3196924609375 0.47867063437499996 0.3137400796875 0.47073412656249997 0.30803571406249997 0.4521329359375 0.302579365625 0.43799603125 0.30009920625 0.415674603125 0.29340277812500004 0.4079861109375 0.29365079375 0.40029761875 0.296626984375 0.393601190625 0.3020833328125 0.3921130953125 0.3087797625 0.39012896874999997 0.311755953125 0.3611111109375 0.325396825 0.3492063484375 0.33159722187499996 0.3479662703125 0.3330853171875 0.3382936515625 0.3363095234375 0.3301091265625 0.34052579375 0.327380953125 0.343005953125 0.325148809375 0.3489583328125 0.3231646828125 0.3633432546875 0.321924603125 0.4012896828125 0.3199404765625 0.4079861109375 0.3204365078125 0.42261904687499996 0.32217261875 0.43154761875 0.3261408734375 0.44742063437499996 0.3301091265625 0.455605159375
1 0.2824900796875 0.3345734125 0.29092261875 0.34027777812500004 0.2953869046875 0.3420138890625 0.3110119046875 0.377976190625 0.3105158734375 0.37847222187499996 0.3144841265625 0.3829365078125 0.31696428593750003 0.3834325390625 0.318204365625 0.3834325390625 0.31944444375000003 0.380704365625 0.31919642812500004 0.369295634375 0.321924603125 0.36383928593750003 0.32490079375 0.3425099203125 0.36036706406249996 0.32490079375 0.3888888890625 0.312251984375 0.391369046875 0.309771825 0.3945932546875 0.2991071421875 0.40029761875 0.2956349203125 0.4074900796875 0.2929067453125 0.4126984125 0.29241071406249997 0.4265873015625 0.2951388890625 0.4389880953125 0.299355159375 0.44866071406249997 0.3008432546875 0.45882936562500004 0.3033234125 0.46279761875 0.3053075390625 0.47073412656249997 0.306795634375 0.4751984125 0.30902777812500004 0.48809523749999995 0.3234126984375 0.4945436515625 0.325148809375 0.49627976250000005 0.3226686515625 0.4890873015625 0.3023313484375 0.47743055625 0.2790178578125 0.4751984125 0.2775297625 0.462053571875 0.2757936515625 0.44890872968749995 0.2762896828125 0.384424603125 0.2705853171875 0.374255953125 0.26884920625 0.2986111109375 0.26512896874999997 0.2946428578125 0.2668650796875 0.29092261875 0.27430555624999997 0.2829861109375 0.3053075390625 0.281498015625 0.3174603171875 0.27777777812500004 0.328125 0.278273809375 0.3303571421875 0.2824900796875 0.3345734125
1 0.562748015625 0.34027777812500004 0.5642361109375 0.344494046875 0.5674603171875 0.34424603125000003 0.5672123015625 0.3521825390625 0.568204365625 0.3554067453125 0.5734126984375 0.3578869046875 0.583829365625 0.35987103125000003 0.58779761875 0.3554067453125 0.593501984375 0.3457341265625 0.6331845234375 0.2554563484375 0.6383928578125 0.240575396875 0.631200396875 0.2356150796875 0.6170634921875 0.22867063437500001 0.6106150796875001 0.22594246093749998 0.606646825 0.22594246093749998 0.591269840625 0.256200396875 0.5602678578125 0.32217261875 0.559523809375 0.325148809375 0.5602678578125 0.3328373015625 0.563244046875 0.33779761875 0.562748015625 0.34027777812500004