0 0.37191245 0.472321428125 0.326524553125 0.494284721875 0.2708876484375 0.5272294140625 0.2606388890625 0.5462643843749999 0.332380953125 0.7366121031249999 0.3382375984375 0.7439330359375 0.3580032234375 0.7578432546875 0.3836252484375 0.7622358625000001 0.4363338296875 0.7527185015625 0.46415228124999997 0.74027256875 0.5029516375 0.72563045625 0.5249134421874999 0.71098834375 0.55858829375 0.6729188984375 0.4861140875 0.45456547656249996 0.45243923593749996 0.45328670625 0.4180322421875 0.4591436015625 0.37191245 0.472321428125
0 0.49489880937499997 0.7483258921875 0.5446790671875 0.87058755 0.999751984375 0.874751984375 0.9992899312500001 0.7139166671875 0.5995838296875 0.64949131875 0.5842105656250001 0.6685260421875 0.5432150296875 0.699274553125 0.49489880937499997 0.7483258921875
0 0.106971478125 0.746986359375 0.11685292656249999 0.76082118125 0.20064806562499998 0.7037502484375 0.1753514390625 0.6440622515625 0.13424429531249998 0.6361567453125 0.05610813437499999 0.6821959328125 0.07535069375 0.7284079859375 0.09748511875 0.7386852671875 0.106971478125 0.746986359375
0 0 0.7477787703125001 0.0749553578125 0.7766326890624999 0.1049950390625 0.7560778765625 0.0990662203125 0.74145238125 0.0056423609375 0.6901587296875 0 0.69391641875 0 0.7477787703125001
0 0.25605084375 0.5463923609375 0.25761284687499997 0.5360830859375 0.27448139843749997 0.51983829375 0.28010416718750003 0.5167142859375 0.2398072921875 0.5217127968749999 0.18514087343750002 0.5588881453125001 0.21856522812499998 0.6254290671875 0.28885069375 0.6241795640625 0.25605084375 0.5463923609375
0 0.3166525296875 0.6961498015625 0.29072495 0.62586011875 0.218877728125 0.624298115625 0.21169295625 0.6205493546875 0.1757693453125 0.64991493125 0.1976359125 0.6927135421874999 0.3025954859375 0.7095830859375 0.3166525296875 0.6961498015625
0 0.0580181046875 0.678649553125 0.1182842265625 0.6439489093749999 0.0862234625 0.6445577874999999 0.0864263390625 0.6372522328125 0.08060540625 0.6419213796875 0.0225079359375 0.678649553125 0.027783729687499998 0.695492559375 0.059641617187499996 0.6910282734375001 0.0580181046875 0.678649553125
0 0.13451760937499999 0.6311130953124999 0.14446031718750002 0.6343598703125 0.148721478125 0.6357802578125 0.173883184375 0.6203578875 0.1531857640625 0.566176090625 0.11138516875 0.574902034375 0.0705989578125 0.59215079375 0.0858177078125 0.631315971875 0.09819543593749999 0.6288807046875 0.112602678125 0.63070709375 0.1247775296875 0.62766319375 0.13451760937499999 0.6311130953124999
0 0.1501421125 0.63496875 0.17185391875 0.644912203125 0.2065525796875 0.61954613125 0.2043204359375 0.6065587796874999 0.17170386875000002 0.6082061015625 0.170839534375 0.6106173109374999 0.17510069374999998 0.6189372515625 0.1501421125 0.63496875
0 0.11044742031250002 0.5688219250000001 0.0885567953125 0.571254215625 0.079638640625 0.5769298109375 0.07396329375 0.58828125 0.12206820468749999 0.5707137890625 0.1561200390625 0.56395709375 0.1634169140625 0.5923353171875 0.16828125 0.6036865078125 0.1758484625 0.60125396875 0.17287574375 0.57314608125 0.1782807546875 0.57314608125 0.18584771875 0.5707137890625 0.18611805625 0.5536867562500001 0.1961173109375 0.546659721875 0.201792659375 0.542335565625 0.195847221875 0.5328759921875 0.1482827375 0.542335565625 0.110987846875 0.5642271828125 0.11044742031250002 0.5688219250000001
0 0.0253177078125 0.594497271875 0.04531646875 0.6220647328125 0.060720734374999995 0.6136865078125 0.08071949375000001 0.6150376984375 0.0704499015625 0.5834164187499999 0.08126016875 0.5701731156250001 0.092340278125 0.565308284375 0.10233978125000001 0.5685515875 0.11531175625000001 0.5601731156249999 0.12477058593749998 0.5526056546875 0.11260937499999998 0.5458489578125 0.09477256875 0.5474704859374999 0.079368303125 0.55395709375 0.06693675624999999 0.55341641875 0.06423412656250001 0.5499030265625 0.0147780265625 0.5677408234375 0.0207234625 0.576389384375 0.01748040625 0.5809838796875 0.0253177078125 0.594497271875