1 0.2956349203125 0.9174107140625001 0.302579365625 0.9181547625 0.310019840625 0.922619046875 0.3125 0.9263392859374999 0.3167162703125 0.938244046875 0.3164682546875 0.94717261875 0.312748015625 0.959325396875 0.3137400796875 0.966269840625 0.3199404765625 0.96875 0.3333333328125 0.9637896828124999 0.337549603125 0.9635416671874999 0.3459821421875 0.965773809375 0.35243055624999997 0.9702380953124999 0.3573908734375 0.97842261875 0.359375 0.9856150796875 0.359126984375 0.999751984375 0.37450396874999997 0.999751984375 0.37822420625 0.9923115078125001 0.387648809375 0.9821428578125 0.3891369046875 0.9791666671874999 0.415178571875 0.94717261875 0.41741071406249997 0.9412202375 0.42237103125 0.9392361109375 0.42757936562500004 0.935019840625 0.6386408734375 0.6731150796875001 0.6669146828125 0.6366567453124999 0.6961805562500001 0.6014384921875 0.6984126984375 0.5954861109375 0.6922123015625 0.5915178578125 0.68700396875 0.5897817453124999 0.6852678578125 0.58779761875 0.6485615078125 0.5669642859375 0.6351686515625 0.5585317453124999 0.6334325390625 0.55654761875 0.627480159375 0.5538194437499999 0.62450396875 0.5545634921875 0.6143353171875 0.5647321421875 0.61259920625 0.565476190625 0.6103670640625001 0.568700396875 0.5949900796875001 0.583829365625 0.5925099203124999 0.58779761875 0.5917658734375 0.5917658734375 0.58407738125 0.593998015625 0.575148809375 0.60615079375 0.5714285718750001 0.6081349203124999 0.56845238125 0.61259920625 0.5639880953125 0.6163194437499999 0.5615079359374999 0.6202876984375 0.5540674609375 0.6272321421875 0.5478670640625001 0.634920634375 0.5362103171875 0.646329365625 0.455605159375 0.7333829359374999 0.40029761875 0.79092261875 0.346478175 0.8487103171875001 0.3397817453125 0.8546626984374999 0.3358134921875 0.8556547625 0.334325396875 0.8549107140625001 0.331101190625 0.8573908734375 0.31349206406249996 0.8762400796875 0.3112599203125 0.8799603171875001 0.3005952375 0.8918650796875 0.2991071421875 0.8923611109375 0.27678571406249997 0.919146825 0.27678571406249997 0.922123015625 0.278273809375 0.9238591265625 0.287450396875 0.919146825 0.2956349203125 0.9174107140625001
1 0.25347222187499996 0.54365079375 0.4518849203125 0.7043650796875001 0.46552579375 0.7150297625 0.468998015625 0.7165178578125 0.4766865078125 0.7098214281249999 0.477678571875 0.7070932546875001 0.4833829359375 0.702380953125 0.5352182546875001 0.6475694437499999 0.55009920625 0.6302083328125 0.5570436515625 0.6237599203124999 0.58134920625 0.5957341265625 0.5865575390625 0.58779761875 0.5855654765625 0.58407738125 0.577876984375 0.57862103125 0.5691964281249999 0.5766369046875 0.5667162703125 0.5709325390625 0.5558035718750001 0.56200396875 0.49925595312500004 0.5240575390625 0.424851190625 0.5248015875 0.4233630953125 0.5210813484375 0.42237103125 0.5138888890625 0.4203869046875 0.4702380953125 0.3373015875 0.41344246093750003 0.33407738125 0.4139384921875 0.32862103125000003 0.41815476250000005 0.321924603125 0.421626984375 0.302579365625 0.43526785781250005 0.2981150796875 0.437251984375 0.29340277812500004 0.44146825468750006 0.28571428593750003 0.4456845234375 0.28125 0.44990079375 0.275049603125 0.452876984375 0.2266865078125 0.484623015625 0.2234623015625 0.48784722187499996 0.215277778125 0.4925595234375 0.21130952343749998 0.49603174531249994 0.2078373015625 0.497519840625 0.20362103125000003 0.5019841265625 0.21626984062500001 0.5136408734375 0.25049603125000003 0.5401785718750001 0.25347222187499996 0.54365079375
1 0.553075396875 0.43551587343750003 0.560019840625 0.4476686515625 0.5610119046875 0.45907738125 0.5647321421875 0.46676587343750003 0.565476190625 0.47445436562500004 0.5694444437499999 0.4853670640625 0.5729166671875 0.503472221875 0.57490079375 0.5064484125 0.5761408734375 0.5116567453124999 0.575644840625 0.518105159375 0.5763888890625 0.52157738125 0.575148809375 0.5235615078125 0.568700396875 0.5262896828125 0.56572420625 0.5260416671875 0.562748015625 0.5235615078125 0.5610119046875 0.528769840625 0.5612599203124999 0.536954365625 0.56572420625 0.559523809375 0.5691964281249999 0.572420634375 0.5716765875 0.575396825 0.574652778125 0.575148809375 0.5803571421875 0.5771329359374999 0.5868055562500001 0.577380953125 0.6009424609375 0.575148809375 0.6049107140625 0.57217261875 0.6106150796875001 0.5644841265625 0.6143353171875 0.561755953125 0.6237599203124999 0.5513392859375 0.6262400796875001 0.550347221875 0.630704365625 0.5515873015625 0.6361607140625 0.5570436515625 0.6445932546875001 0.562251984375 0.653769840625 0.5664682546875001 0.6649305562500001 0.5739087296875 0.6681547625 0.574652778125 0.762648809375 0.5716765875 0.77863194375 0.5701884921875 0.8648313484375001 0.568204365625 0.8705357140625001 0.5679563484375 0.874751984375 0.5664682546875001 0.874751984375 0.5448908734375 0.8732638890625 0.5446428578125 0.8685515875 0.5327380953125 0.8035714281249999 0.40674603125 0.7986111109375 0.40228174531249994 0.768105159375 0.39930555624999997 0.7363591265625 0.40203372968749995 0.7115575390625 0.40302579375 0.68799603125 0.4015376984375 0.6795634921875 0.400049603125 0.6773313484375 0.4007936515625 0.65674603125 0.40054563437499996 0.6366567453124999 0.40203372968749995 0.5424107140625 0.40252976250000005 0.5386904765625 0.403769840625 0.53720238125 0.40674603125 0.5421626984375 0.434771825 0.5451388890625 0.4362599203125 0.55009920625 0.43427579375 0.553075396875 0.43551587343750003
2 0.5887534718749999 0.25212252031250004 0.5978511906249999 0.2495873015625 0.608290921875 0.24913988125 0.6217135421875 0.252271825 0.62961805625 0.2546579859375 0.63856646875 0.2501837796875 0.6504977671875001 0.2570443953125 0.6436374015624999 0.26405381875 0.65243675625 0.2743447421875 0.65243675625 0.281205109375 0.6487080859375001 0.28851289687500004 0.63916319375 0.292390625 0.6249947921875 0.2941803078125 0.6114228671874999 0.29209250937500003 0.5985967265625 0.287170634375 0.587112846875 0.2791170640625 0.650545634375 0.391589534375 0.655505953125 0.3970458828125 0.668898809375 0.3975419140625 0.678075396875 0.3963018359375 0.703373015625 0.40250223281249997 0.716269840625 0.40349429531250003 0.8179563484375001 0.3913415171875 0.83779761875 0.3878692953125 0.8397817453125 0.386629215625 0.840277778125 0.38266096250000003 0.8395337296875001 0.3811728671875 0.8244047625 0.361331596875 0.7485119046875 0.270309771875 0.727752728125 0.24112351250000003 0.6433390375 0.24753645781250003 0.6415493546875 0.247834821875 0.6321535218750001 0.24798387968750002 0.573690228125 0.24470287656249998 0.575148809375 0.249228421875 0.58055084375 0.25778993125 0.5833333328125 0.261629215625 0.5857705859375 0.2655453875 0.5887534718749999 0.25212252031250004
1 0.5037202375 0.2914186515625 0.5042162703125 0.294146825 0.505704365625 0.2956349203125 0.5168650796875001 0.2988591265625 0.533730159375 0.3060515875 0.559523809375 0.2981150796875 0.562748015625 0.2951388890625 0.5706845234375 0.2591765875 0.58779761875 0.1696428578125 0.588045634375 0.1644345234375 0.5868055562500001 0.1609623015625 0.5830853171875 0.15674603125 0.556795634375 0.13715277812499999 0.5538194437499999 0.1366567453125 0.530505953125 0.14112103125 0.518601190625 0.143601190625 0.509920634375 0.14657738125 0.5076884921875 0.15550595312499998 0.49652777812500004 0.2554563484375 0.49652777812500004 0.265625 0.5047123015625 0.275049603125 0.5049603171875 0.28125 0.5037202375 0.2914186515625
1 0.456101190625 0.400049603125 0.4613095234375 0.40426587343750003 0.47098214218749995 0.408730159375 0.4833829359375 0.41195436562500004 0.49156746093750003 0.41319444375 0.502976190625 0.41319444375 0.512648809375 0.41195436562500004 0.527777778125 0.40699404687499996 0.5362103171875 0.4012896828125 0.5401785718750001 0.39732142812500004 0.546130953125 0.3797123015625 0.549851190625 0.356894840625 0.553075396875 0.3489583328125 0.5543154765625 0.3365575390625 0.553075396875 0.3301091265625 0.5481150796875001 0.32118055624999997 0.5421626984375 0.3142361109375 0.5329861109375 0.3075396828125 0.519097221875 0.30133928593750003 0.5042162703125 0.296875 0.48635912656249997 0.29637896874999997 0.46875 0.2986111109375 0.4543650796875 0.3043154765625 0.44469246093750003 0.313244046875 0.44097222187499996 0.32142857187499996 0.43948412656249997 0.3318452375 0.4389880953125 0.34697420625 0.44097222187499996 0.36532738125 0.4546130953125 0.39756944375000003 0.456101190625 0.400049603125
1 0.577876984375 0.3710317453125 0.580605159375 0.36830357187499996 0.5853174609375 0.35615079375 0.5858134921875 0.35243055624999997 0.5850694437499999 0.3492063484375 0.5830853171875 0.34722222187499996 0.57762896875 0.3449900796875 0.5716765875 0.3459821421875 0.568700396875 0.34970238125 0.5667162703125 0.36284722187499996 0.5669642859375 0.368799603125 0.568700396875 0.3710317453125 0.5744047625 0.372023809375 0.577876984375 0.3710317453125
1 0.3075396828125 0.3258928578125 0.3137400796875 0.3261408734375 0.331101190625 0.3320932546875 0.334325396875 0.330853175 0.3373015875 0.32465277812500004 0.3387896828125 0.3177083328125 0.3454861109375 0.2986111109375 0.3457341265625 0.2953869046875 0.3509424609375 0.2829861109375 0.3492063484375 0.2770337296875 0.346230159375 0.27157738125 0.34052579375 0.2693452375 0.333829365625 0.26909722187499996 0.328373015625 0.2668650796875 0.32118055624999997 0.265625 0.31597222187499996 0.265376984375 0.312748015625 0.2673611109375 0.309523809375 0.27157738125 0.297619046875 0.3107638890625 0.296626984375 0.3144841265625 0.30009920625 0.32217261875 0.3020833328125 0.3244047625 0.3075396828125 0.3258928578125
1 0.41989087343750003 0.26512896874999997 0.4295634921875 0.2698412703125 0.43799603125 0.27678571406249997 0.4429563484375 0.2824900796875 0.4456845234375 0.296626984375 0.44866071406249997 0.297619046875 0.45089285781250005 0.3048115078125 0.4704861109375 0.297619046875 0.48487103125 0.29588293593750004 0.5012400796875001 0.296875 0.502480159375 0.2956349203125 0.5042162703125 0.2748015875 0.490575396875 0.26240079375 0.43973214218749995 0.2242063484375 0.43675595312500004 0.2229662703125 0.4298115078125 0.22445436562499999 0.4012896828125 0.234623015625 0.3958333328125 0.23759920625 0.3948412703125 0.24131944375 0.3945932546875 0.2601686515625 0.3955853171875 0.2643849203125 0.4079861109375 0.2636408734375 0.41989087343750003 0.26512896874999997
2 0.3737599203125 0.333829365625 0.3787202375 0.3387896828125 0.3841765875 0.34275793593750004 0.38963293593750004 0.3330853171875 0.39508928593750003 0.328373015625 0.4047619046875 0.32465277812500004 0.409226190625 0.3241567453125 0.41790674531249994 0.32465277812500004 0.4270833328125 0.327876984375 0.43700396875 0.33779761875 0.4392361109375 0.3241567453125 0.4422123015625 0.3142361109375 0.444196428125 0.29092261875 0.4424603171875 0.2827380953125 0.43377976250000005 0.2738095234375 0.422123015625 0.2668650796875 0.4112103171875 0.26512896874999997 0.4010416671875 0.26512896874999997 0.390376984375 0.26661706406249996 0.381200396875 0.2703373015625 0.375 0.275049603125 0.372023809375 0.281001984375 0.37152777812500004 0.30282738125 0.372519840625 0.30920808593750004 0.3727678578125 0.3266369046875 0.3737599203125 0.333829365625
2 0.4045138890625 0.4072420640625 0.412450396875 0.40972222187499996 0.42757936562500004 0.40823412656249997 0.43377976250000005 0.4047619046875 0.44122023749999995 0.39657738125 0.443700396875 0.3886408734375 0.443700396875 0.3841765875 0.4362599203125 0.3417658734375 0.435019840625 0.3373015875 0.4325396828125 0.3335813484375 0.4283234125 0.3296130953125 0.421875 0.3261408734375 0.4141865078125 0.32465277812500004 0.40178571406249997 0.3258928578125 0.39508928593750003 0.32911706406249996 0.38963293593750004 0.333829365625 0.3856646828125 0.3425099203125 0.3856646828125 0.3551587296875 0.3893849203125 0.3893849203125 0.3978174609375 0.40228174531249994 0.4045138890625 0.4072420640625
2 0.3928571421875 0.26512896874999997 0.3948412703125 0.2633928578125 0.3945932546875 0.24007936562499999 0.39756944375000003 0.2358630953125 0.40947420625 0.23189484062500001 0.41195436562500004 0.2299107140625 0.4126984125 0.228174603125 0.41220238125 0.21279761874999997 0.40550595312500004 0.2046130953125 0.40178571406249997 0.2008928578125 0.3990575390625 0.19965277812499999 0.37822420625 0.20362103125000003 0.3767361109375 0.2095734125 0.377728175 0.2609126984375 0.37822420625 0.2636408734375 0.381200396875 0.268353175 0.3928571421875 0.26512896874999997
2 0.3020833328125 0.28174603125000003 0.3043154765625 0.2854662703125 0.3053075390625 0.28571428593750003 0.3075396828125 0.2832341265625 0.3077876984375 0.27430555624999997 0.3107638890625 0.2730654765625 0.31200396874999997 0.268601190625 0.31349206406249996 0.2668650796875 0.3196924609375 0.265625 0.325644840625 0.266369046875 0.33407738125 0.26909722187499996 0.3425099203125 0.2695932546875 0.3457341265625 0.2710813484375 0.3479662703125 0.2738095234375 0.35044642812500004 0.28075396874999997 0.34970238125 0.287450396875 0.34697420625 0.2931547625 0.3454861109375 0.302579365625 0.343501984375 0.30654761875 0.343998015625 0.3085317453125 0.349454365625 0.310019840625 0.3578869046875 0.30803571406249997 0.3700396828125 0.30282738125 0.3710317453125 0.2991071421875 0.3710317453125 0.2824900796875 0.37177579375 0.2792658734375 0.3735119046875 0.2762896828125 0.3789682546875 0.2710813484375 0.37946428593750003 0.268601190625 0.37946428593750003 0.2671130953125 0.3767361109375 0.262896825 0.3712797625 0.25868055624999997 0.3578869046875 0.252480159375 0.34970238125 0.250744046875 0.3358134921875 0.25049603125000003 0.3258928578125 0.2514880953125 0.31572420625 0.2549603171875 0.30803571406249997 0.259424603125 0.3045634921875 0.2636408734375 0.3040674609375 0.2716765875 0.303075396875 0.27455357187499996 0.3018353171875 0.27529761875 0.3020833328125 0.28174603125000003
2 0.4895833328125 0.4635416671875 0.49131944375 0.46180555625 0.49156746093750003 0.45758928593750003 0.4895833328125 0.4546130953125 0.48635912656249997 0.4548611109375 0.48487103125 0.45882936562500004 0.4861111109375 0.462549603125 0.486855159375 0.4635416671875 0.4895833328125 0.4635416671875