1 0.4228670640625 0.8144841265625 0.42534722187499996 0.8169642859374999 0.4300595234375 0.8194444437499999 0.435019840625 0.8206845234375001 0.45089285781250005 0.8206845234375001 0.4613095234375 0.8169642859374999 0.46949404687499996 0.8102678578125 0.47073412656249997 0.8060515875 0.465773809375 0.793402778125 0.46502976250000005 0.7779637890625 0.466021825 0.7725694437499999 0.4697420640625 0.769097221875 0.471726190625 0.7641369046875 0.471230159375 0.75967261875 0.4702380953125 0.7586805562500001 0.446428571875 0.7549603171875 0.4322916671875 0.7547123015625 0.422123015625 0.7554563484375 0.41964285781250005 0.7566964281249999 0.41765872968749995 0.759424603125 0.4154265875 0.7678571421875 0.419146825 0.778769840625 0.42137896875 0.8110119046875001 0.4228670640625 0.8144841265625
1 0.52802579375 0.6676587296875 0.53075396875 0.6698908734375 0.5538194437499999 0.677579365625 0.5580357140625 0.675347221875 0.563244046875 0.674355159375 0.571924603125 0.6795634921875 0.5763888890625 0.6808035718750001 0.5803571421875 0.6798115078125 0.58407738125 0.6738591265625 0.5882936515625 0.6550099203124999 0.5870535718750001 0.646825396875 0.5803571421875 0.6448412703125 0.568700396875 0.6369047625 0.565228175 0.6361607140625 0.56299603125 0.6336805562500001 0.553075396875 0.6324404765625 0.54737103125 0.634920634375 0.5456349203124999 0.6339285718750001 0.5419146828125 0.6341765875 0.5394345234375 0.6324404765625 0.5275297625 0.6326884921875 0.5248015875 0.6336805562500001 0.51884920625 0.6470734125 0.5173611109375 0.6577380953125 0.518105159375 0.662450396875 0.5223214281249999 0.665674603125 0.52802579375 0.6676587296875
1 0.5952380953125 0.674603175 0.6143353171875 0.67509920625 0.622519840625 0.674355159375 0.624255953125 0.6736111109375 0.625248015625 0.669394840625 0.6267361109375 0.66865079375 0.6448412703125 0.6703869046875 0.6488095234375 0.662450396875 0.6480654765625 0.6577380953125 0.6416170640625001 0.65302579375 0.6386408734375 0.6470734125 0.6336805562500001 0.6453373015625 0.6272321421875 0.6445932546875001 0.6237599203124999 0.6426091265625 0.624751984375 0.6383928578125 0.621527778125 0.6331845234375 0.61532738125 0.6324404765625 0.6039186515625 0.6341765875 0.5979662703125 0.637896825 0.5922619046875 0.6391369046875 0.59052579375 0.641369046875 0.5892857140625 0.6458333328125 0.5890376984375 0.661954365625 0.590773809375 0.669146825 0.5922619046875 0.672123015625 0.5952380953125 0.674603175
1 0.6388888890625 0.6388888890625 0.641369046875 0.6490575390625 0.6473214281249999 0.655505953125 0.650545634375 0.65674603125 0.65575396875 0.6773313484375 0.6636904765625 0.6855158734375 0.6770833328125 0.6875 0.687748015625 0.6855158734375 0.6914682546875001 0.6832837296875 0.6956845234375 0.677579365625 0.6951884921875 0.6577380953125 0.6959325390625 0.656001984375 0.7048611109375 0.6490575390625 0.706101190625 0.6448412703125 0.705605159375 0.630704365625 0.703869046875 0.628472221875 0.7018849203124999 0.627728175 0.700644840625 0.624751984375 0.697420634375 0.5952380953125 0.6944444437499999 0.5863095234375 0.6914682546875001 0.581597221875 0.6860119046875 0.578125 0.6768353171875 0.57862103125 0.6741071421875 0.5768849203124999 0.6681547625 0.5768849203124999 0.662450396875 0.578869046875 0.65674603125 0.5793650796875001 0.651909721875 0.583457340625 0.6448412703125 0.5858134921875 0.643105159375 0.58779761875 0.6418650796875001 0.5952380953125 0.6423611109375 0.608630953125 0.6416170640625001 0.6195436515625 0.638144840625 0.62822420625 0.6388888890625 0.6388888890625
1 0.7852182546875001 0.6019345234375 0.793402778125 0.6024305562500001 0.8008432546875 0.6009424609375 0.8040674609374999 0.5982142859375 0.8070436515624999 0.5915178578125 0.8080357140625001 0.5796130953125 0.802579365625 0.5763888890625 0.7926587296875 0.575148809375 0.78174603125 0.5758928578125 0.7792658734375 0.577876984375 0.7775297625 0.5835813484375 0.7772817453124999 0.5925099203124999 0.77802579375 0.5954861109375 0.780505953125 0.5992063484375 0.7852182546875001 0.6019345234375
1 0.5136408734375 0.5136408734375 0.519097221875 0.516369046875 0.521825396875 0.5166170640625001 0.5243055562500001 0.51512896875 0.5332341265625 0.5136408734375 0.5357142859375 0.5114087296875 0.537450396875 0.5111607140625 0.544146825 0.514880953125 0.5483630953125 0.52157738125 0.5570436515625 0.525545634375 0.5612599203124999 0.5257936515625 0.574652778125 0.52157738125 0.5915178578125 0.5133928578125 0.5949900796875001 0.503472221875 0.5959821421875 0.493303571875 0.5987103171875 0.48859127031250005 0.606894840625 0.4826388890625 0.627728175 0.47470238125 0.6289682546875001 0.47073412656249997 0.627976190625 0.4623015875 0.624255953125 0.450396825 0.6165674609375 0.43154761875 0.609375 0.418898809375 0.6039186515625 0.41617063437499996 0.5927579359374999 0.421875 0.5818452375 0.42584325468750006 0.5766369046875 0.4265873015625 0.565972221875 0.4236111109375 0.5570436515625 0.41468253906249997 0.5513392859375 0.4117063484375 0.5394345234375 0.4154265875 0.5220734125 0.4236111109375 0.5193452375 0.42584325468750006 0.5178571421875 0.42757936562500004 0.515376984375 0.43551587343750003 0.514880953125 0.4521329359375 0.512152778125 0.4543650796875 0.5012400796875001 0.45882936562500004 0.49652777812500004 0.462549603125 0.49553571406249997 0.46552579375 0.4952876984375 0.474950396875 0.4985119046875 0.4856150796875 0.5074404765625 0.505704365625 0.5136408734375 0.5136408734375
1 0.764880953125 0.8348214281249999 0.771329365625 0.8368055562500001 0.7743055562500001 0.8390376984374999 0.78174603125 0.8417658734375 0.796626984375 0.8425099203125 0.80654761875 0.8420138890625 0.809027778125 0.840773809375 0.81200396875 0.833829365625 0.811755953125 0.812748015625 0.8147321421875 0.7924107140625 0.8107638890625 0.7762896828125 0.8087797625 0.7735615078125 0.8058035718750001 0.7735615078125 0.803075396875 0.771329365625 0.7978670640625001 0.7708333328125 0.7619047625 0.7708333328125 0.759920634375 0.7797619046875 0.753472221875 0.7824900796875001 0.75 0.7896825390625 0.749751984375 0.8139880953124999 0.7517361109375 0.8189484125 0.7604166671875 0.83134920625 0.764880953125 0.8348214281249999
1 0.6666666671875 0.28174603125000003 0.67137896875 0.28571428593750003 0.6798115078125 0.29017857187499996 0.6852678578125 0.2914186515625 0.6922123015625 0.291170634375 0.6944444437499999 0.290674603125 0.696924603125 0.2884424609375 0.703125 0.2790178578125 0.702876984375 0.2676091265625 0.708829365625 0.2542162703125 0.7120535718750001 0.25 0.715277778125 0.2477678578125 0.718998015625 0.24007936562499999 0.718005953125 0.23164682499999997 0.7232142859375 0.22569444375 0.7239583328125 0.22594246093749998 0.7242063484375 0.222222221875 0.7239583328125 0.2209821421875 0.7207341265625 0.21949404687500002 0.7202380953125 0.21676587343749998 0.709325396875 0.20486111093749998 0.7051091265625 0.20362103125000003 0.703373015625 0.20064484062500001 0.6981646828125 0.1981646828125 0.6976686515625 0.196924603125 0.69345238125 0.1956845234375 0.6855158734375 0.18923611093749998 0.6800595234375 0.18774801562500001 0.669394840625 0.1889880953125 0.6681547625 0.18923611093749998 0.6654265875 0.193204365625 0.6651785718750001 0.1956845234375 0.662450396875 0.19717261875 0.658730159375 0.203125 0.656498015625 0.2046130953125 0.65302579375 0.2108134921875 0.6488095234375 0.215277778125 0.64012896875 0.2234623015625 0.6354166671875 0.2242063484375 0.6319444437499999 0.22594246093749998 0.6230158734375 0.23759920625 0.6227678578125 0.243799603125 0.62450396875 0.2490079359375 0.659722221875 0.2795138890625 0.6666666671875 0.28174603125000003
1 0.7641369046875 0.2735615078125 0.7894345234375 0.27256944375000003 0.796626984375 0.271329365625 0.803075396875 0.2676091265625 0.8050595234375001 0.265376984375 0.8087797625 0.2641369046875 0.809523809375 0.2633928578125 0.80927579375 0.25967261875 0.806795634375 0.2581845234375 0.8058035718750001 0.2547123015625 0.8053075390625001 0.24007936562499999 0.8018353171875001 0.23239087343749998 0.8035714281249999 0.22842261874999997 0.8015873015625001 0.2266865078125 0.799851190625 0.2224702375 0.799603175 0.21056547656250002 0.8005952375 0.2085813484375 0.799603175 0.206597221875 0.799851190625 0.1929563484375 0.7988591265625 0.1889880953125 0.799603175 0.1875 0.803075396875 0.1860119046875 0.803075396875 0.18402777812499999 0.80009920625 0.18303571406250002 0.7926587296875 0.17633928593749998 0.78075396875 0.1733630953125 0.7619047625 0.1758432546875 0.750248015625 0.178571428125 0.7388392859375 0.1852678578125 0.7323908734375 0.1949404765625 0.7299107140625 0.20138888906250002 0.7291666671875 0.21205357187499999 0.7304067453124999 0.22123015937499999 0.7291666671875 0.23189484062500001 0.724454365625 0.23933531718749998 0.7202380953125 0.243799603125 0.7175099203124999 0.2554563484375 0.718005953125 0.2633928578125 0.7239583328125 0.26909722187499996 0.7296626984375 0.271329365625 0.7641369046875 0.2735615078125
1 0.46502976250000005 0.2824900796875 0.46949404687499996 0.2891865078125 0.5017361109375 0.3077876984375 0.5143849203124999 0.3105158734375 0.521825396875 0.3070436515625 0.5248015875 0.3040674609375 0.5364583328125 0.283978175 0.537450396875 0.28075396874999997 0.5399305562500001 0.27802579375 0.544394840625 0.27430555624999997 0.5515873015625 0.2720734125 0.5582837296875 0.2552083328125 0.5553075390625 0.2477678578125 0.5510912703125 0.24330357187499999 0.5200892859375 0.22470238125000003 0.512896825 0.22123015937499999 0.5081845234375 0.2202380953125 0.502480159375 0.2165178578125 0.49553571406249997 0.215277778125 0.4920634921875 0.212549603125 0.48859127031250005 0.21130952343749998 0.4853670640625 0.21279761874999997 0.48040674531249994 0.2242063484375 0.4769345234375 0.22842261874999997 0.47842261875 0.237351190625 0.478174603125 0.2420634921875 0.47296627031250005 0.2539682546875 0.46478174531249994 0.2614087296875 0.462549603125 0.265625 0.4623015875 0.2673611109375 0.46527777812500004 0.2710813484375 0.46453372968749995 0.2740575390625 0.46502976250000005 0.2824900796875
1 0.3712797625 0.26661706406249996 0.3712797625 0.26909722187499996 0.37400793593750004 0.2829861109375 0.374255953125 0.291170634375 0.37599206406249996 0.2981150796875 0.37847222187499996 0.3015873015625 0.38392857187499996 0.30282738125 0.3948412703125 0.303075396875 0.419394840625 0.3023313484375 0.422123015625 0.3005952375 0.4283234125 0.29365079375 0.437251984375 0.286954365625 0.43700396875 0.2827380953125 0.4392361109375 0.28174603125000003 0.440228175 0.2797619046875 0.44072420625 0.2668650796875 0.439980159375 0.262648809375 0.44320436562500004 0.252976190625 0.443700396875 0.24826388906250002 0.44345238125 0.23611111093749998 0.439980159375 0.23115079375 0.434523809375 0.22916666718749998 0.42881944375 0.22842261874999997 0.41989087343750003 0.228174603125 0.4139384921875 0.2296626984375 0.39756944375000003 0.22693452343749998 0.3856646828125 0.22718253906250002 0.372023809375 0.2299107140625 0.369295634375 0.22867063437500001 0.3673115078125 0.230902778125 0.36805555624999997 0.2519841265625 0.3695436515625 0.2581845234375 0.3727678578125 0.2633928578125 0.3712797625 0.26661706406249996
1 0.3980654765625 0.48883928593750003 0.4074900796875 0.490575396875 0.41344246093750003 0.490575396875 0.430803571875 0.48635912656249997 0.446428571875 0.48635912656249997 0.4516369046875 0.48487103125 0.4548611109375 0.4826388890625 0.4580853171875 0.47867063437499996 0.4578373015625 0.47445436562500004 0.452876984375 0.46676587343750003 0.45238095312500004 0.45510912656249997 0.44444444375 0.4451884921875 0.4424603171875 0.43551587343750003 0.43973214218749995 0.43328372968749995 0.4310515875 0.43179563437499996 0.3960813484375 0.4362599203125 0.3948412703125 0.440476190625 0.3945932546875 0.44742063437499996 0.390376984375 0.4583333328125 0.39012896874999997 0.47197420625 0.3923611109375 0.4833829359375 0.39409722187499996 0.487103175 0.3980654765625 0.48883928593750003
1 0.4646498015625 0.7810937499999999 0.46590947343750005 0.7931879953125 0.47019295625 0.8015029765625 0.4737204859375 0.8103216765625 0.4880825890625 0.8198963296875 0.511011409375 0.820400296875 0.5263814484375 0.8083060515625 0.5321765875 0.8017549609374999 0.5304126984375 0.783109375 0.5286490578125 0.7695032234375 0.5132790171875 0.7664796625 0.5052162703125 0.7637080859375 0.5014367562500001 0.76597569375 0.51025545625 0.7722748015625001 0.5140349703125 0.7770622515625 0.5180664687500001 0.7818494546875 0.510759425 0.78361334375 0.5009327875 0.7815974703124999 0.494381696875 0.7730307546875 0.4948856640625 0.7674875984375 0.5006808031250001 0.7657237109375 0.50042881875 0.7629521328125 0.50042881875 0.7604325390625 0.493877728125 0.7579126984375 0.48329513906250005 0.7616922125000001 0.4666654265625 0.7712671125 0.4646498015625 0.7810937499999999
1 0.6634573406250001 0.770896825 0.63698040625 0.7734052578124999 0.6302914187499999 0.7700607640625 0.6294553578125 0.7647653765625 0.6233236609375 0.762814484375 0.6216515375 0.77507738125 0.6197006453125 0.7878978171875 0.6863110125 0.8018330859375 0.6916063984374999 0.7898487109375 0.6941148312500001 0.788455109375 0.7389861109375 0.79681646875 0.7445602671875 0.7895699406250001 0.74901959375 0.770896825 0.7453963296875 0.7686671625 0.6743266375 0.7658802078125 0.6634573406250001 0.770896825
1 0.7088861609375 0.6229047624999999 0.710837053125 0.625412946875 0.709443453125 0.649660465625 0.707492559375 0.6644317953125001 0.7233787203125 0.671678075 0.7470687 0.676415921875 0.757101934375 0.67279290625 0.7640696921875 0.6663826890625 0.7688075390625 0.6393482140625 0.7782834828125 0.632101934375 0.7833000984375 0.6036741078125 0.77577505 0.5961490578124999 0.7780047125 0.577197171875 0.7228211812499999 0.579148065625 0.7180833328125 0.5861158234375 0.7100009921875 0.588902778125 0.7049841265625 0.6151009421875 0.7088861609375 0.6229047624999999
1 0.5686976687499999 0.599772321875 0.5614513890625 0.5883452375 0.560615328125 0.581377728125 0.550860615625 0.5788692953125001 0.5436143359375001 0.5799841265625 0.5419419640625 0.5955917656249999 0.5461225203125 0.610084325 0.5516966765625 0.623462053125 0.5695337296874999 0.6346103671875001 0.5868134921875 0.6382333828125 0.6054866078125001 0.6312658734375 0.6213727671875 0.6229047624999999 0.6291765875 0.6070186015625 0.6330783734375001 0.5941981640625 0.6327996031249999 0.583607390625 0.619421875 0.583607390625 0.612454365625 0.5794268359375 0.607158978125 0.5785907734375 0.610224703125 0.5841646828125 0.6121755953125 0.589181546875 0.61384771875 0.593640625 0.6132904265625 0.5989360125000001 0.6043717765625 0.6078546625000001 0.5923876484374999 0.610084325 0.5792884421875 0.6086907234375001 0.5686976687499999 0.599772321875
1 0.4098283734375 0.594198909375 0.40429761875 0.6183953375 0.435407490625 0.662640625 0.5035037203125 0.668516865625 0.5232065968749999 0.629456596875 0.5373787203125 0.6045687 0.521132440625 0.5869397328125 0.5183673109375 0.5852115578125 0.501084078125 0.5838288687500001 0.49002256875 0.5793353171875 0.46271502968749995 0.5789895828125 0.464443453125 0.579680803125 0.475850446875 0.5838288687500001 0.48207242031249997 0.5886681546875 0.4907140375 0.59903819375 0.49244221250000003 0.6139017859375 0.488985615625 0.620123759375 0.47446775781249995 0.621851934375 0.466171875 0.6166671625 0.45545610156249994 0.6014578375 0.4530364578125 0.583483134375 0.45476488125000003 0.5793353171875 0.4170873015625 0.5807177578125 0.4098283734375 0.594198909375
1 0.6832495046875 0.529905009375 0.7651723703125 0.530596478125 0.8056150796875 0.4638829359375 0.7983561515625001 0.450402034375 0.775887896875 0.41237872031249995 0.7748047625 0.41299182187500005 0.7634439484375 0.393712796875 0.7541111109374999 0.393712796875 0.6791016859375001 0.39855233125 0.644189484375 0.46837673593750007 0.6832495046875 0.529905009375
1 0.7714044875 0.41491652968750004 0.7554938 0.42344022812500004 0.7499630453125 0.42136607187499997 0.7375190968750001 0.41514409687500003 0.718507440625 0.41548983125000005 0.7036438484375 0.417563740625 0.6946564984375 0.42067485156249995 0.6853236609375 0.42793377968749996 0.6777189984375 0.4389950390625 0.6746078875 0.4507477671875 0.6711512890625 0.46837673593750007 0.676336309375 0.48635119062500004 0.6950022328125 0.503980159375 0.7133224203124999 0.5105478671875 0.7437410718749999 0.5067455359374999 0.75929613125 0.4970669640625 0.7686289687500001 0.4815119046875 0.7745052078125 0.46180902812499997 0.7731225203125 0.44210615156250005 0.7575677078124999 0.422748759375 0.7714044875 0.41491652968750004
1 0.6093276296875 0.238234375 0.6066331843749999 0.24384796562500002 0.5972026296874999 0.2487876984375 0.592262896875 0.250359375 0.5812604171875 0.246766865625 0.578565971875 0.24250074375000003 0.578565971875 0.2330701890625 0.5864248515625 0.2229657734375 0.5882212296875 0.21847519843750002 0.5803623515624999 0.21263715312499998 0.5729526296875 0.21959771875 0.56846180625 0.2306001984375 0.56778819375 0.238234375 0.56846180625 0.2474404765625 0.573626240625 0.25462574375 0.5817095734375 0.2609126984375 0.596080109375 0.264954365625 0.6082051093749999 0.26001463281250004 0.615165675 0.25170659687499997 0.6187581843750001 0.24182713281249998 0.6194317953125 0.231722965625 0.6194317953125 0.2254357640625 0.6162884421875 0.21847519843750002 0.6113484625 0.21398437499999998 0.604837053125 0.21039186562499998 0.5972026296874999 0.20792187499999998 0.5904665171875 0.2076974203125 0.5837304062500001 0.2094935515625 0.5817095734375 0.2119635421875 0.5915892859375 0.218699653125 0.5998970734375 0.21982242031250002 0.6068578875 0.22431299531249999 0.60955233125 0.23037574374999997 0.6093276296875 0.238234375
1 0.602142609375 0.2793249015625 0.604837053125 0.2730376984375 0.59967261875 0.271016865625 0.590915675 0.2683224203125 0.583505953125 0.2701188 0.57160540625 0.2716904765625 0.5601540171875 0.2782021328125 0.5558876484375 0.28493824375 0.55027430625 0.298410465625 0.5489270828125 0.31525074375 0.555438740625 0.33209127031249996 0.5747490078124999 0.34309350156249996 0.613144840625 0.33882738125 0.6297606640625 0.32804960312500003 0.6281889875 0.28516269843750003 0.6228000984375 0.28157018906250003 0.61404290625 0.277528521875 0.6059595734375 0.2761813 0.5998970734375 0.28516269843750003 0.6039387406250001 0.2883063 0.6066331843749999 0.2943688 0.607082340625 0.3049221234375 0.6061842765625001 0.3118826890625 0.6028162203125 0.3210887890625 0.5942837296875 0.32670238125 0.5794642859375 0.3296212796875 0.57542261875 0.3271512890625 0.5709317953124999 0.3159243546875 0.57115625 0.3073921125 0.5734017859375 0.30043129999999996 0.578790675 0.2932462796875 0.5949573406249999 0.2876326890625 0.596978175 0.28875545625 0.597876240625 0.28516269843750003 0.602142609375 0.2793249015625
1 0.47941815468750004 0.30077108125 0.49556175625 0.304993303125 0.4953134921875 0.30399975156250003 0.48041145781249994 0.29679712343750003 0.4719670140625 0.2900912703125 0.46103893906250004 0.2866140875 0.44688219218749997 0.287359375 0.4371959328125 0.2905880453125 0.42527430624999996 0.29903249062500004 0.41881671562499995 0.3114506453125 0.4173266375 0.3303266375 0.421300346875 0.3410062 0.42949652812499994 0.34771205312500003 0.4386860125 0.35516319375 0.49009771874999997 0.3506924609375 0.5037579359375 0.342496528125 0.5020193453124999 0.3335553078125 0.499287203125 0.3144310515625 0.497300346875 0.3089670140625 0.49282986093750003 0.3067318953125 0.477927828125 0.301764384375 0.4667514875 0.304993303125 0.4709737109375 0.31318923593750003 0.4714702375 0.320888640625 0.46948338281249996 0.3308231640625 0.4615357140625 0.340509671875 0.455078125 0.34224801562499996 0.4501108625 0.334300346875 0.44862078437499997 0.32163368124999997 0.45284300625 0.3126924609375 0.4622807546875 0.304993303125 0.4667514875 0.3035029765625 0.4689866078125 0.3012678578125 0.47941815468750004 0.30077108125
1 0.4669997515625 0.22626116093749998 0.4722155265625 0.22750322343749999 0.477927828125 0.23197371093750002 0.47941815468750004 0.2240260421875 0.477927828125 0.21955530781250002 0.4669997515625 0.21558159687499998 0.458803571875 0.2163266375 0.44862078437499997 0.22377752968750003 0.4439017859375 0.228496528125 0.44290823437500004 0.230980159375 0.4451436015625 0.23694097187500002 0.44365327343749994 0.2466272328125 0.445391865625 0.25730704375 0.4548298609375 0.2657514875 0.4615357140625 0.2679866078125 0.462529265625 0.2652547125 0.4667514875 0.25705853125 0.46327430625000005 0.2563134921875 0.459300346875 0.2565620046875 0.45656845312499994 0.25457490156249996 0.45209771875 0.2401696421875 0.4543330859375 0.23197371093750002 0.46128745000000004 0.2270064484375 0.4669997515625 0.22626116093749998