3 0.421626984375 0.3008432546875 0.41220238125 0.31572420625 0.4077380953125 0.3199404765625 0.40426587343750003 0.3261408734375 0.3985615078125 0.33258928593750003 0.3804563484375 0.358630953125 0.375248015625 0.3643353171875 0.3732638890625 0.3685515875 0.3702876984375 0.3710317453125 0.35987103125000003 0.3851686515625 0.3573908734375 0.390625 0.34474206406249996 0.40575396875 0.3425099203125 0.41071428593750003 0.3387896828125 0.4136904765625 0.3258928578125 0.4325396828125 0.296626984375 0.4702380953125 0.294394840625 0.474950396875 0.2919146828125 0.4766865078125 0.2800099203125 0.493303571875 0.27678571406249997 0.49627976250000005 0.2720734125 0.5042162703125 0.250744046875 0.531001984375 0.249751984375 0.5334821421875 0.2460317453125 0.5367063484375 0.25 0.5419146828125 0.26116071406249997 0.5505952375 0.2795138890625 0.5639880953125 0.2834821421875 0.565476190625 0.2956349203125 0.575148809375 0.3010912703125 0.5771329359374999 0.3053075390625 0.5818452375 0.30902777812500004 0.583829365625 0.327380953125 0.5984623015625 0.3330853171875 0.6006944437499999 0.33705357187499996 0.6049107140625 0.34474206406249996 0.6103670640625001 0.35044642812500004 0.6130952375 0.36805555624999997 0.627976190625 0.372271825 0.6299603171875 0.375 0.6339285718750001 0.41220238125 0.6626984125 0.4201388890625 0.6649305562500001 0.42137896875 0.668898809375 0.428075396875 0.6741071421875 0.4365079359375 0.6760912703125 0.437748015625 0.67782738125 0.4384920640625 0.6830357140625 0.4424603171875 0.68700396875 0.45114087343750003 0.690228175 0.45882936562500004 0.684771825 0.468501984375 0.6755952375 0.49776785781250005 0.641369046875 0.5009920640625001 0.6391369046875 0.546875 0.58779761875 0.5491071421875 0.5830853171875 0.5553075390625 0.577876984375 0.65947420625 0.46304563437499996 0.6805555562500001 0.437251984375 0.6912202375 0.42881944375 0.715277778125 0.400049603125 0.7232142859375 0.3921130953125 0.7266865078125 0.3869047625 0.7254464281249999 0.38368055624999997 0.7209821421875 0.38095238125 0.718998015625 0.37822420625 0.68154761875 0.3477182546875 0.6783234125 0.346230159375 0.6676587296875 0.33680555624999997 0.6634424609375 0.3345734125 0.6525297625 0.3244047625 0.6321924609375 0.3077876984375 0.627728175 0.3053075390625 0.6227678578125 0.30009920625 0.6197916671875 0.2988591265625 0.6175595234375 0.296130953125 0.6108630953125 0.2916666671875 0.6081349203124999 0.2884424609375 0.5947420640625001 0.27802579375 0.5897817453124999 0.27529761875 0.5830853171875 0.268105159375 0.56845238125 0.2564484125 0.5545634921875 0.24305555625 0.549603175 0.2408234125 0.5386904765625 0.231398809375 0.5332341265625 0.22842261874999997 0.525545634375 0.2197420640625 0.5208333328125 0.2172619046875 0.5136408734375 0.21031746093749998 0.5019841265625 0.2016369046875 0.49776785781250005 0.20262896874999997 0.49627976250000005 0.20510912656250002 0.4920634921875 0.20833333281250002 0.491071428125 0.21180555625 0.487103175 0.2142857140625 0.4831349203125 0.21924603125000003 0.4794146828125 0.2264384921875 0.46875 0.237351190625 0.46651785781250005 0.24280753906250002 0.4632936515625 0.2445436515625 0.459821428125 0.25099206406249996 0.4578373015625 0.252976190625 0.455853175 0.25347222187499996 0.452876984375 0.25694444375000003 0.450148809375 0.2641369046875 0.446924603125 0.265625 0.443700396875 0.271825396875 0.4384920640625 0.2728174609375 0.4392361109375 0.2757936515625 0.4298115078125 0.2896825390625 0.42782738125 0.2946428578125 0.421626984375 0.3008432546875
3 0 0.8727678578125 0.0300099203125 0.8727678578125 0.0332341265625 0.874751984375 0.15873015937499999 0.874751984375 0.161954365625 0.8700396828124999 0.1664186515625 0.8415178578125 0.1679067453125 0.8368055562500001 0.171875 0.8298611109375 0.1733630953125 0.810019840625 0.1758432546875 0.803075396875 0.1810515875 0.7669890875 0.1827876984375 0.762152778125 0.18824404687500002 0.7310267859375 0.193700396875 0.7123015875 0.193204365625 0.7103174609375 0.1949404765625 0.7053571421875 0.1976686515625 0.68427579375 0.20064484062500001 0.6798115078125 0.20064484062500001 0.6738591265625 0.20262896874999997 0.66865079375 0.20486111093749998 0.6515376984375 0.2085813484375 0.6423611109375 0.21205357187499999 0.6183035718750001 0.2142857140625 0.615575396875 0.215277778125 0.60342261875 0.21676587343749998 0.6001984125 0.2199900796875 0.5989583328125 0.2227182546875 0.599454365625 0.22445436562499999 0.60342261875 0.22569444375 0.59970238125 0.22916666718749998 0.5979662703125 0.22445436562499999 0.59424603125 0.2199900796875 0.5952380953125 0.2175099203125 0.5890376984375 0.20907738125000003 0.5860615078125 0.20486111093749998 0.5828373015625 0.203373015625 0.5791170640625001 0.2046130953125 0.5714285718750001 0.2095734125 0.56845238125 0.21180555625 0.562748015625 0.21205357187499999 0.5582837296875 0.2132936515625 0.556299603125 0.2165178578125 0.5570436515625 0.21676587343749998 0.556299603125 0.2175099203125 0.54737103125 0.21626984062500001 0.5391865078125 0.2175099203125 0.5364583328125 0.200148809375 0.530505953125 0.1914682546875 0.52529761875 0.184523809375 0.5240575390625 0.1369047625 0.5233134921875 0.12574404687500002 0.521825396875 0.08630952343750001 0.5200892859375 0.081101190625 0.51884920625 0.0533234125 0.5178571421875 0.0404265875 0.518353175 0.012896825 0.5168650796875001 0.010416667187500001 0.515873015625 0.0042162703125 0.5171130953125 0 0.515873015625 0 0.8727678578125
3 0 0.37599206406249996 0.0042162703125 0.3769841265625 0.00967261875 0.381200396875 0.018353175 0.38392857187499996 0.033978175 0.3928571421875 0.0448908734375 0.3953373015625 0.0491071421875 0.3943452375 0.06299603125 0.3802083328125 0.068700396875 0.372519840625 0.071428571875 0.3670634921875 0.07986111093750001 0.3606150796875 0.0865575390625 0.3511904765625 0.12053571406250001 0.3105158734375 0.1235119046875 0.3050595234375 0.1230158734375 0.30034722187499996 0.12053571406250001 0.296130953125 0.10912698437499999 0.2854662703125 0.08506944375 0.27232142812500004 0.075396825 0.26909722187499996 0.06572420625 0.2673611109375 0.05729166718749999 0.268353175 0.0505952375 0.27157738125 0.0324900796875 0.28794642812500004 0.0210813484375 0.29637896874999997 0.0052083328125 0.312251984375 0 0.3147321421875 0 0.37599206406249996
0 0.60887896875 0.2876984125 0.625 0.3008432546875 0.6339285718750001 0.30927579375 0.646329365625 0.318700396875 0.65029761875 0.31845238125 0.6493055562500001 0.237847221875 0.6485615078125 0.2366071421875 0.6445932546875001 0.2356150796875 0.6426091265625 0.23387896874999997 0.640625 0.23710317500000003 0.63740079375 0.2380952375 0.634424603125 0.23759920625 0.6314484125 0.22842261874999997 0.6292162703125 0.21155753906250002 0.627480159375 0.1832837296875 0.63095238125 0.178075396875 0.6324404765625 0.17137896875 0.63467261875 0.1703869046875 0.63467261875 0.16592261875 0.6272321421875 0.171875 0.624255953125 0.1758432546875 0.61904761875 0.17906746093749998 0.609623015625 0.1887400796875 0.5870535718750001 0.206597221875 0.5845734125 0.2110615078125 0.58134920625 0.21378968281250002 0.5758928578125 0.221726190625 0.5612599203124999 0.2356150796875 0.556299603125 0.24255952343749998 0.55654761875 0.2445436515625 0.5716765875 0.2581845234375 0.6019345234375 0.2832341265625 0.60887896875 0.2876984125
0 0.67137896875 0.33705357187499996 0.6927083328125 0.356398809375 0.69717261875 0.35987103125000003 0.7011408734375 0.3613591265625 0.7165178578125 0.346726190625 0.737103175 0.322420634375 0.76240079375 0.2876984125 0.7767857140625 0.2698412703125 0.7792658734375 0.2641369046875 0.7748015875 0.2636408734375 0.7666170640625001 0.264880953125 0.7482638890625 0.26884920625 0.740079365625 0.2772817453125 0.737847221875 0.2824900796875 0.73387896875 0.28571428593750003 0.7259424609375 0.290674603125 0.716269840625 0.2951388890625 0.7085813484375 0.3005952375 0.705853175 0.3015873015625 0.7011408734375 0.3015873015625 0.69717261875 0.30357142812500004 0.6800595234375 0.3196924609375 0.6765873015625 0.3244047625 0.6741071421875 0.328373015625 0.6731150796875001 0.3333333328125 0.6698908734375 0.334325396875 0.67137896875 0.33705357187499996
0 0.665674603125 0.3335813484375 0.6703869046875 0.3328373015625 0.6728670640625001 0.3301091265625 0.674355159375 0.325644840625 0.6785714281249999 0.3226686515625 0.684523809375 0.3139880953125 0.684771825 0.3102678578125 0.68700396875 0.30580357187499996 0.69072420625 0.2894345234375 0.693204365625 0.28819444375000003 0.693204365625 0.28571428593750003 0.69072420625 0.2834821421875 0.6875 0.2832341265625 0.6512896828125 0.2849702375 0.6490575390625 0.286954365625 0.6488095234375 0.302579365625 0.6525297625 0.3226686515625 0.662450396875 0.3318452375 0.665674603125 0.3335813484375
0 0.43154761875 0.1582341265625 0.4422123015625 0.16592261875 0.4466765875 0.171875 0.44965277812500004 0.17361111093749998 0.45238095312500004 0.1768353171875 0.45907738125 0.17906746093749998 0.46428571406249997 0.1760912703125 0.4670138890625 0.17137896875 0.4702380953125 0.15873015937499999 0.4702380953125 0.15525793593749998 0.478174603125 0.1354166671875 0.4796626984375 0.1297123015625 0.4796626984375 0.125 0.39732142812500004 0.125 0.39732142812500004 0.1262400796875 0.43154761875 0.1582341265625
0 0.487351190625 0.15798611093749998 0.4895833328125 0.1599702375 0.5210813484375 0.14087301562500001 0.5245535718750001 0.13740079375 0.5290178578125 0.1354166671875 0.525545634375 0.1292162703125 0.5195932546875001 0.12673611093749998 0.519097221875 0.125 0.493303571875 0.125 0.493799603125 0.1302083328125 0.487351190625 0.15798611093749998
0 0.3821924609375 0.1418650796875 0.384920634375 0.1470734125 0.4136904765625 0.17212301562500001 0.4203869046875 0.1758432546875 0.42113095312500004 0.17782738125 0.42385912656249997 0.1783234125 0.4295634921875 0.18303571406250002 0.443700396875 0.19072420625 0.455605159375 0.1922123015625 0.45684523749999995 0.19072420625 0.45535714218749995 0.18700396875 0.45734127031250005 0.18501984062500001 0.45634920625 0.181299603125 0.4357638890625 0.166170634375 0.42906746093750003 0.15947420625 0.42385912656249997 0.15625 0.41741071406249997 0.146825396875 0.4139384921875 0.1455853171875 0.4079861109375 0.1391369046875 0.40029761875 0.1369047625 0.396825396875 0.130704365625 0.390873015625 0.1264880953125 0.390625 0.125 0.369295634375 0.125 0.369295634375 0.1264880953125 0.3821924609375 0.1418650796875
0 0.130704365625 0.283730159375 0.133928571875 0.2795138890625 0.14112103125 0.28447420625 0.14037698437499999 0.287450396875 0.14136904687500002 0.2886904765625 0.14161706406250002 0.29365079375 0.1428571421875 0.2953869046875 0.14037698437499999 0.3020833328125 0.140625 0.312251984375 0.14236111093749998 0.3226686515625 0.14012896875 0.3333333328125 0.1364087296875 0.3373015875 0.1356646828125 0.3459821421875 0.1326884921875 0.3516865078125 0.1331845234375 0.3554067453125 0.1314484125 0.3616071421875 0.1314484125 0.3665674609375 0.12475198437499999 0.372023809375 0.1240079359375 0.3767361109375 0.122271825 0.37822420625 0.121527778125 0.3814484125 0.11904761875 0.3851686515625 0.11904761875 0.393105159375 0.12053571406250001 0.3953373015625 0.11855158750000001 0.3985615078125 0.11904761875 0.40302579375 0.12276785781249999 0.403273809375 0.12599206406250002 0.4007936515625 0.1299603171875 0.4015376984375 0.1351686515625 0.4074900796875 0.134424603125 0.41046627031250005 0.13814484062500001 0.4117063484375 0.13888888906250002 0.412946428125 0.13963293593749998 0.4293154765625 0.1386408734375 0.431299603125 0.13963293593749998 0.43402777812500004 0.1386408734375 0.435019840625 0.1369047625 0.434771825 0.13467261875 0.4322916671875 0.1341765875 0.43377976250000005 0.13368055625 0.43973214218749995 0.13616071406250002 0.44146825468750006 0.13715277812499999 0.44618055625 0.134920634375 0.446924603125 0.131696428125 0.4513888890625 0.133928571875 0.45734127031250005 0.13715277812499999 0.4585813484375 0.13814484062500001 0.46304563437499996 0.1525297625 0.474950396875 0.15451388906250002 0.475446428125 0.15600198437499999 0.47470238125 0.18849206406250002 0.4966932046875 0.18923611093749998 0.5042162703125 0.19717261875 0.5089285718750001 0.2420634921875 0.5233134921875 0.2519841265625 0.5245535718750001 0.255704365625 0.5223214281249999 0.25868055624999997 0.5173611109375 0.2708333328125 0.5042162703125 0.3008432546875 0.4632936515625 0.3020833328125 0.46006944375 0.3050595234375 0.45734127031250005 0.3072916671875 0.45238095312500004 0.3189484125 0.43973214218749995 0.32465277812500004 0.43030753906249997 0.32713293593750004 0.428571428125 0.3363095234375 0.41617063437499996 0.33705357187499996 0.41344246093750003 0.3415178578125 0.40997023749999995 0.34424603125000003 0.4047619046875 0.34474206406249996 0.4015376984375 0.349454365625 0.3988095234375 0.3643353171875 0.3772321421875 0.3665674609375 0.375248015625 0.3695436515625 0.365575396875 0.37235090312499997 0.362574540625 0.34515550625 0.350628471875 0.3567294140625 0.34401091250000004 0.415178571875 0.3020833328125 0.331927828125 0.3431837796875 0.2881118546875 0.331603421875 0.40625 0.2926587296875 0.4074900796875 0.29017857187499996 0.41220238125 0.2886904765625 0.4141865078125 0.281498015625 0.41592261875 0.24950396874999997 0.4171626984375 0.24404761874999997 0.4169146828125 0.2388392859375 0.415674603125 0.2358630953125 0.41815476250000005 0.2227182546875 0.40277777812500004 0.1951884921875 0.3998015875 0.193700396875 0.3985615078125 0.18998015937499999 0.393601190625 0.184523809375 0.375248015625 0.1768353171875 0.3700396828125 0.17361111093749998 0.34722222187499996 0.16592261875 0.338045634375 0.16493055625 0.33407738125 0.166170634375 0.3298611109375 0.16592261875 0.3226686515625 0.1706349203125 0.318700396875 0.1698908734375 0.318204365625 0.168898809375 0.31597222187499996 0.16939484062500001 0.3072916671875 0.1731150796875 0.3053075390625 0.17633928593749998 0.30282738125 0.1773313484375 0.2981150796875 0.17534722187500001 0.296626984375 0.1731150796875 0.290674603125 0.17137896875 0.2891865078125 0.1731150796875 0.290674603125 0.17534722187500001 0.286954365625 0.178075396875 0.2829861109375 0.1755952375 0.2797619046875 0.1822916671875 0.278273809375 0.1820436515625 0.27529761875 0.17881944375 0.265625 0.1827876984375 0.2633928578125 0.18675595312499998 0.259424603125 0.18849206406250002 0.2574404765625 0.19072420625 0.2552083328125 0.1981646828125 0.25099206406249996 0.2018849203125 0.2408234125 0.194196428125 0.2408234125 0.1897321421875 0.23958333281250002 0.18849206406250002 0.2408234125 0.18501984062500001 0.237351190625 0.1820436515625 0.23511904687500002 0.17633928593749998 0.23487103125000003 0.1731150796875 0.22842261874999997 0.16865079375 0.22544642812500001 0.16493055625 0.2251984125 0.1614583328125 0.21279761874999997 0.1604662703125 0.20486111093749998 0.165178571875 0.1981646828125 0.17088293593749998 0.18998015937499999 0.17509920625 0.1852678578125 0.1860119046875 0.174603175 0.190476190625 0.166170634375 0.20262896874999997 0.1641865078125 0.20833333281250002 0.1639384921875 0.21552579375 0.16220238125 0.2177579359375 0.15699404687500002 0.22048611093749998 0.15724206406250002 0.22569444375 0.1550099203125 0.23164682499999997 0.15550595312499998 0.237847221875 0.1542658734375 0.24156746093749998 0.15178571406250002 0.2435515875 0.1515376984375 0.246527778125 0.14930555625 0.250744046875 0.146825396875 0.252480159375 0.14657738125 0.264880953125 0.1386408734375 0.26463293593750004 0.13715277812499999 0.266369046875 0.134920634375 0.2668650796875 0.1369047625 0.2698412703125 0.1326884921875 0.271825396875 0.13095238125 0.27430555624999997 0.1272321421875 0.27678571406249997 0.12450396875 0.2757936515625 0.1232638890625 0.2720734125 0.124255953125 0.2668650796875 0.1230158734375 0.264880953125 0.12202380937499999 0.2671130953125 0.12202380937499999 0.27157738125 0.11855158750000001 0.2730654765625 0.11805555625 0.28174603125000003 0.11929563437499999 0.284226190625 0.11929563437499999 0.2876984125 0.12375992031250001 0.28794642812500004 0.12673611093749998 0.2827380953125 0.130704365625 0.283730159375
3 0.4077380953125 0.3070436515625 0.415674603125 0.3043154765625 0.41741071406249997 0.3018353171875 0.41840277812500004 0.29786706406249996 0.42113095312500004 0.296130953125 0.419146825 0.2931547625 0.4201388890625 0.2904265875 0.41617063437499996 0.2884424609375 0.41195436562500004 0.2891865078125 0.40674603125 0.2931547625 0.408978175 0.2953869046875 0.40848214218749995 0.299603175 0.40575396875 0.3018353171875 0.4077380953125 0.3070436515625
3 0.34970238125 0.34375 0.4074900796875 0.30654761875 0.41344246093750003 0.30357142812500004 0.4164186515625 0.3008432546875 0.42137896875 0.2986111109375 0.42410714218749995 0.296130953125 0.424603175 0.2931547625 0.41815476250000005 0.2884424609375 0.415674603125 0.28794642812500004 0.41071428593750003 0.2896825390625 0.381200396875 0.30803571406249997 0.3707837296875 0.3164682546875 0.3608630953125 0.32118055624999997 0.33407738125 0.3397817453125 0.3345734125 0.3422619046875 0.3415178578125 0.3449900796875 0.3454861109375 0.3452380953125 0.34970238125 0.34375
3 0.5979662703125 0.5744047625 0.6076388890625 0.584325396875 0.6116071421875 0.5920138890625 0.6180555562500001 0.594494046875 0.6294642859375 0.6009424609375 0.6364087296875 0.6029265875 0.6455853171875 0.6078869046875 0.6520337296875 0.609126984375 0.6582341265625 0.6133432546875001 0.6666666671875 0.61532738125 0.6929563484375 0.6180555562500001 0.71825396875 0.6168154765625 0.7410714281249999 0.610119046875 0.7549603171875 0.60342261875 0.7705853171875 0.5925099203124999 0.7775297625 0.5860615078125 0.7896825390625 0.568700396875 0.7946428578125 0.55654761875 0.796130953125 0.5515873015625 0.7981150796875001 0.533730159375 0.7981150796875001 0.527777778125 0.796875 0.5243055562500001 0.797619046875 0.521825396875 0.794394840625 0.5198412703125 0.7926587296875 0.5141369046875 0.79365079375 0.509920634375 0.786954365625 0.500744046875 0.7609126984375 0.4987599203125 0.75595238125 0.497271825 0.7423115078125 0.499751984375 0.7361111109375 0.499751984375 0.7321428578125 0.4985119046875 0.724950396875 0.4987599203125 0.718501984375 0.5012400796875001 0.7172619046875 0.5049603171875 0.7140376984375 0.50595238125 0.7108134921875 0.5109126984375 0.705853175 0.512896825 0.700396825 0.51884920625 0.700644840625 0.5203373015625 0.702876984375 0.52157738125 0.69717261875 0.537450396875 0.693204365625 0.537450396875 0.6889880953125 0.5359623015625 0.681795634375 0.5362103171875 0.6788194437499999 0.5396825390625 0.6733630953125 0.541170634375 0.665674603125 0.5458829359374999 0.659226190625 0.5429067453124999 0.65302579375 0.544394840625 0.646329365625 0.5419146828125 0.6341765875 0.5414186515625 0.6314484125 0.5429067453124999 0.6262400796875001 0.5404265875 0.618799603125 0.5399305562500001 0.6163194437499999 0.5364583328125 0.6140873015625 0.5362103171875 0.611855159375 0.53720238125 0.6111111109375 0.5394345234375 0.615575396875 0.5453869046875 0.6160714281249999 0.549851190625 0.6076388890625 0.5570436515625 0.605902778125 0.55654761875 0.6049107140625 0.5538194437499999 0.6024305562500001 0.553075396875 0.599454365625 0.549355159375 0.5974702375 0.5510912703125 0.593998015625 0.550347221875 0.594494046875 0.5483630953125 0.5917658734375 0.54737103125 0.588045634375 0.5478670640625001 0.5873015875 0.549603175 0.583829365625 0.5510912703125 0.5825892859375 0.5553075390625 0.5825892859375 0.55927579375 0.5845734125 0.562748015625 0.5917658734375 0.5709325390625 0.5979662703125 0.5744047625
3 0.69990079375 0.5394345234375 0.702876984375 0.5448908734375 0.7046130953125 0.5513392859375 0.71279761875 0.560019840625 0.7165178578125 0.5612599203124999 0.724454365625 0.5605158734375 0.7385912703125 0.5483630953125 0.7380952375 0.5456349203124999 0.7413194437499999 0.5376984125 0.7413194437499999 0.5362103171875 0.7390873015625 0.5329861109375 0.74032738125 0.5275297625 0.740079365625 0.5210813484375 0.7358630953125 0.5101686515625 0.7323908734375 0.5079365078125 0.724454365625 0.5069444437499999 0.7199900796875001 0.5084325390625 0.7108134921875 0.51512896875 0.7070932546875001 0.5210813484375 0.7043650796875001 0.5235615078125 0.7013888890625 0.5248015875 0.696924603125 0.525049603125 0.6919642859375 0.52802579375 0.69072420625 0.530505953125 0.690972221875 0.534226190625 0.6927083328125 0.5359623015625 0.69990079375 0.5394345234375
3 0.6165674609375 0.6941964281249999 0.6292162703125 0.715277778125 0.6341765875 0.7197420640625001 0.6386408734375 0.7269345234375 0.6421130953125 0.7276785718750001 0.644097221875 0.7269345234375 0.6421130953125 0.7259424609375 0.640873015625 0.7237103171875 0.6418650796875001 0.7209821421875 0.6391369046875 0.71825396875 0.637648809375 0.7147817453124999 0.641369046875 0.7123015875 0.6428571421875 0.70634920625 0.646825396875 0.7046130953125 0.6542658734375 0.705605159375 0.6545138890625 0.703125 0.6507936515625 0.69717261875 0.6334325390625 0.675347221875 0.62450396875 0.661954365625 0.6106150796875001 0.6460813484375 0.6078869046875 0.640873015625 0.599950396875 0.6326884921875 0.5977182546875001 0.627480159375 0.5949900796875001 0.625744046875 0.5882936515625 0.6163194437499999 0.583829365625 0.60615079375 0.5768849203124999 0.5982142859375 0.568204365625 0.5927579359374999 0.563244046875 0.5922619046875 0.559771825 0.5873015875 0.5550595234375 0.5848214281249999 0.552579365625 0.584325396875 0.550347221875 0.5863095234375 0.55009920625 0.5892857140625 0.5535714281249999 0.59325396875 0.563244046875 0.612351190625 0.6165674609375 0.6941964281249999
3 0.1078869046875 0.6453373015625 0.10639880937499999 0.6448412703125 0.1046626984375 0.6460813484375 0.1046626984375 0.6485615078125 0.10714285781249999 0.65029761875 0.108630953125 0.6478174609375 0.1078869046875 0.6453373015625
3 0.6574900796875001 0.7854662703125 0.6626984125 0.7891865078125 0.6765873015625 0.7894345234375 0.6855158734375 0.7876984125 0.690228175 0.7854662703125 0.7021329359374999 0.7770337296875 0.70907738125 0.7698412703125 0.7110615078125 0.764880953125 0.7115575390625 0.7601686515625 0.7103174609375 0.75595238125 0.7085813484375 0.753472221875 0.699652778125 0.747023809375 0.6790674609375 0.7462797625 0.671130953125 0.749751984375 0.6646825390625 0.7539682546875001 0.6604662703125 0.76240079375 0.656001984375 0.764880953125 0.656001984375 0.7738095234375 0.6574900796875001 0.7854662703125
3 0.6617063484375 0.750744046875 0.66592261875 0.7549603171875 0.6674107140625 0.752480159375 0.6755952375 0.746527778125 0.6758432546875001 0.744295634375 0.6698908734375 0.7356150796875001 0.6676587296875 0.73387896875 0.6522817453124999 0.7108134921875 0.65029761875 0.7098214281249999 0.6450892859375 0.7105654765625 0.641369046875 0.7150297625 0.6416170640625001 0.7204861109375 0.6453373015625 0.7266865078125 0.65302579375 0.7353670640625001 0.6617063484375 0.750744046875
3 0 0.5111607140625 0.0091765875 0.513144840625 0.0483630953125 0.5168650796875001 0.0979662703125 0.5193452375 0.1041666671875 0.51884920625 0.11061507968749999 0.5200892859375 0.1331845234375 0.5208333328125 0.1574900796875 0.5238095234375 0.162450396875 0.5235615078125 0.177579365625 0.5193452375 0.1810515875 0.5141369046875 0.180803571875 0.5101686515625 0.1738591265625 0.50595238125 0.165178571875 0.4982638890625 0.1639384921875 0.4945436515625 0.15674603125 0.486855159375 0.15649801562500001 0.48387896875 0.1445932546875 0.47470238125 0.14012896875 0.46949404687499996 0.13888888906250002 0.46651785781250005 0.134920634375 0.46453372968749995 0.131696428125 0.459821428125 0.09325396875 0.44196428593750003 0.091269840625 0.44171627031250005 0.088045634375 0.44345238125 0.08407738125 0.4439484125 0.078373015625 0.4481646828125 0.07688492031250001 0.4513888890625 0.069196428125 0.45386904687499996 0.0667162703125 0.45709325468750006 0.060267857812500006 0.4623015875 0.05084325468749999 0.4677579359375 0.0458829359375 0.47321428593750003 0.00967261875 0.50049603125 0.00595238125 0.5049603171875 0.0017361109374999999 0.5074404765625 0 0.5074404765625 0 0.5111607140625
3 0.203373015625 0.7390873015625 0.20560515937499999 0.735119046875 0.20982142812500001 0.7328869046875 0.221726190625 0.722222221875 0.24801587343749998 0.6961805562500001 0.2537202375 0.69345238125 0.255704365625 0.69345238125 0.307953125 0.687080853125 0.32118055624999997 0.668883184375 0.260830109375 0.6051907234375 0.23520163749999998 0.5994005453125 0.21701388906250002 0.5952646328125 0.20039682499999997 0.674603175 0.184771825 0.75049603125 0.1855158734375 0.763144840625 0.18824404687500002 0.753472221875 0.1949404765625 0.7480158734375 0.203373015625 0.7390873015625
3 0.248429315625 0.6965081843750001 0.183118303125 0.7585463796874999 0.1795634921875 0.7738095234375 0.18154761875 0.768105159375 0.17071750937500002 0.833819196875 0.314566715625 0.6832735609375 0.248429315625 0.6965081843750001
4 0 0.49305555625 0.013640873437500001 0.4950396828125 0.0270337296875 0.48511904687499996 0.0292658734375 0.48487103125 0.03447420625 0.4796626984375 0.0456349203125 0.4734623015625 0.05084325468749999 0.4675099203125 0.058283729687499994 0.4635416671875 0.0625 0.45907738125 0.06646825468749999 0.45734127031250005 0.07118055625 0.453125 0.0761408734375 0.4516369046875 0.080853175 0.4451884921875 0.09250992031250001 0.44171627031250005 0.10714285781249999 0.4484126984375 0.11483134843750001 0.44742063437499996 0.130704365625 0.422123015625 0.1326884921875 0.4139384921875 0.13095238125 0.4074900796875 0.125 0.4072420640625 0.1202876984375 0.408730159375 0.10912698437499999 0.40947420625 0.1046626984375 0.4136904765625 0.099454365625 0.41468253906249997 0.0974702375 0.41617063437499996 0.0987103171875 0.41964285781250005 0.090773809375 0.4228670640625 0.0845734125 0.422123015625 0.07986111093750001 0.41964285781250005 0.0828373015625 0.4164186515625 0.07986111093750001 0.412450396875 0.07415674531250001 0.4164186515625 0.07415674531250001 0.41964285781250005 0.05927579375000001 0.42385912656249997 0.05729166718749999 0.42534722187499996 0.0491071421875 0.4201388890625 0.0488591265625 0.41840277812500004 0.0448908734375 0.4201388890625 0.0421626984375 0.42609127031250005 0.0396825390625 0.428075396875 0.031994046875 0.4392361109375 0.0290178578125 0.44146825468750006 0.027777778125000003 0.44444444375 0.018353175 0.45734127031250005 0.0198412703125 0.4605654765625 0.01884920625 0.46304563437499996 0.013640873437500001 0.4637896828125 0.0047123015625 0.4769345234375 0.00322420625 0.48214285781250005 0 0.4853670640625 0 0.49305555625
0 0.0605158734375 0.42385912656249997 0.072420634375 0.418898809375 0.07936507968749999 0.422123015625 0.090277778125 0.4228670640625 0.10342261875 0.4171626984375 0.1076388890625 0.41344246093750003 0.1140873015625 0.40426587343750003 0.115575396875 0.3990575390625 0.11532738125 0.3955853171875 0.1170634921875 0.3923611109375 0.1173115078125 0.3841765875 0.11532738125 0.3802083328125 0.11681547656249999 0.37549603125000003 0.115575396875 0.374751984375 0.11160714218750001 0.37549603125000003 0.1103670640625 0.3769841265625 0.10639880937499999 0.37822420625 0.105902778125 0.37946428593750003 0.102678571875 0.38095238125 0.099454365625 0.380704365625 0.09548611093750001 0.3821924609375 0.091269840625 0.38740079375 0.0828373015625 0.3921130953125 0.07415674531250001 0.3928571421875 0.07415674531250001 0.39384920625 0.0669642859375 0.40178571406249997 0.060019840625 0.4047619046875 0.059523809375 0.40848214218749995 0.0540674609375 0.41344246093750003 0.052579365625 0.41741071406249997 0.05208333281250001 0.419394840625 0.0543154765625 0.42261904687499996 0.056299603125 0.42385912656249997 0.0605158734375 0.42385912656249997
3 0.359623015625 0.8389384921874999 0.3814484125 0.7945436515625001 0.3826884921875 0.7908234125 0.38194444375000003 0.7893353171874999 0.3772321421875 0.7868551593750001 0.375 0.7841269843750001 0.3670634921875 0.78115079375 0.365079365625 0.7789186515625001 0.361855159375 0.777678571875 0.3578869046875 0.77197420625 0.3519345234375 0.76924603125 0.3474702375 0.7697420640625 0.3452380953125 0.77197420625 0.3400297625 0.7838789687500001 0.32217261875 0.8143849203125001 0.3125 0.8349702375 0.30654761875 0.843898809375 0.2929067453125 0.8699404765625 0.29241071406249997 0.8741567453125001 0.343005953125 0.8741567453125001 0.35069444375000003 0.8597718249999999 0.359623015625 0.8389384921874999
3 0.3082837296875 0.7466765875 0.31845238125 0.7516369046875 0.325644840625 0.7568452375 0.33779761875 0.762053571875 0.341269840625 0.76180555625 0.3457341265625 0.75634920625 0.3477182546875 0.7513888890625 0.34970238125 0.74990079375 0.353174603125 0.7394841265625 0.3573908734375 0.7367559531250001 0.36532738125 0.7233630953125 0.3730158734375 0.715674603125 0.375 0.708978175 0.3787202375 0.7025297625 0.3841765875 0.696825396875 0.38715277812500004 0.6864087296875 0.3851686515625 0.6767361109375 0.3824404765625 0.6747519843750001 0.3764880953125 0.6735119046875 0.37599206406249996 0.6705357140625 0.37152777812500004 0.6675595234375 0.37053571406249997 0.66532738125 0.365079365625 0.6603670640625 0.3571428578125 0.6603670640625 0.3544146828125 0.662351190625 0.34821428593750003 0.6643353171874999 0.34474206406249996 0.66805555625 0.336144096875 0.6737599203125 0.3330853171875 0.6735119046875 0.3328373015625 0.6707837296875 0.330853175 0.668303571875 0.330605159375 0.6648313484374999 0.3298611109375 0.6645833328124999 0.2849702375 0.7263392859375 0.2852182546875 0.7303075390625 0.290674603125 0.7357638890625 0.3043154765625 0.743204365625 0.3082837296875 0.7466765875
3 0.3578869046875 0.755704365625 0.356398809375 0.7591765875 0.3640873015625 0.7646329359374999 0.36631944375000003 0.7676091265625 0.3732638890625 0.7705853171875 0.37599206406249996 0.7738095234375 0.3792162703125 0.775545634375 0.3834325390625 0.78125 0.3824404765625 0.7854662703125 0.384424603125 0.7886904765625 0.3883928578125 0.7884424609375 0.3883928578125 0.7852182546875001 0.38715277812500004 0.7834821421875 0.3893849203125 0.78125 0.39508928593750003 0.7829861109375 0.40029761875 0.7829861109375 0.40550595312500004 0.7770337296875 0.41765872968749995 0.7512400796875001 0.4203869046875 0.747519840625 0.421626984375 0.7430555562500001 0.42385912656249997 0.7408234125 0.42633928593750003 0.7331349203124999 0.42757936562500004 0.7326388890625 0.4360119046875 0.716021825 0.43700396875 0.7115575390625 0.440228175 0.70634920625 0.439980159375 0.7053571421875 0.4392361109375 0.7043650796875001 0.4327876984375 0.706597221875 0.42385912656249997 0.7053571421875 0.41815476250000005 0.7073412703125 0.412450396875 0.7070932546875001 0.40426587343750003 0.70362103125 0.4007936515625 0.700644840625 0.39508928593750003 0.6979166671875 0.3886408734375 0.689980159375 0.38616071406249997 0.6949404765625 0.3814484125 0.700396825 0.3732638890625 0.715773809375 0.3658234125 0.7251984125 0.3539186515625 0.7460317453124999 0.3519345234375 0.75 0.3519345234375 0.7519841265625 0.3539186515625 0.7544642859375 0.3578869046875 0.755704365625
4 0.12943824375 0.366089534375 0.1317537203125 0.3565905265625 0.13430084375 0.340836309375 0.13846875 0.33434920625000003 0.139858134375 0.3236919640625 0.1382373515625 0.31793824375 0.13291170624999998 0.319328125 0.1396267359375 0.311914434375 0.140552828125 0.30102554531250003 0.14032118124999998 0.2945384421875 0.1393950890625 0.28689285781249996 0.1363849203125 0.28434449375000004 0.1241125984375 0.3000987109375 0.125038690625 0.304732390625 0.12156547656250001 0.3089025296875 0.1085984625 0.32419345312500003 0.0805806046875 0.3568603671875 0.05302579375000001 0.39161259843749996 0.0493209328125 0.394991071875 0.0476999015625 0.3992197421875 0.0636770828125 0.3941227671875 0.11739756875 0.3711865078125 0.12943824375 0.366089534375
4 0.115056546875 0.2719216265625 0 0.1820984625 0.001549603125 0.202618303125 0.10382192500000001 0.28005233125 0.115056546875 0.2719216265625