1 0.4704201390625 0.9196688984374999 0.464130953125 0.93321478125 0.4646145828125 0.960790178125 0.4626795640625 0.9994928078124999 0.5492765375 0.999751984375 0.5473412703125 0.9893333328124999 0.5652413187499999 0.9840116562500001 0.5739494046875 0.99030084375 0.5821736109375 0.9956225203125 0.6261976687499999 0.99030084375 0.6363571421875001 0.9941711312500001 0.64167881875 0.99804141875 0.6619975203124999 0.9994928078124999 0.6895731640625 0.9961063984375 0.693443453125 0.98643055625 0.701667659375 0.972884671875 0.7655267859375 0.964660465625 0.7810079359375 0.9936875000000001 0.80955084375 0.995138640625 0.8197103171875 0.9835280265625 0.8724424609374999 0.9738524312499999 0.874751984375 0.924990328125 0.86953993125 0.8514556046875 0.854542659375 0.826298859375 0.8463184531250001 0.8238799609375 0.82503199375 0.826298859375 0.8003591265625 0.8301691468750001 0.7848779765625 0.826298859375 0.7592375984374999 0.8233963296875 0.733597221875 0.8466178078125 0.7321458328125 0.8630664687499999 0.72440550625 0.8659689984375 0.6963459828125 0.8737095734375 0.6707056046875 0.8698392859374999 0.6615138890625001 0.8703231640625001 0.6320032234374999 0.8766123515625001 0.6203923609374999 0.880482390625 0.6353896328124999 0.891609375 0.6387760421875 0.90128521875 0.62232738125 0.92547420625 0.5816897328125 0.890641865625 0.5671763390625 0.896447171875 0.5710466265624999 0.9080580359375 0.5541143359375 0.9201525296874999 0.522668403125 0.9259580859375 0.488319940625 0.9283769843749999 0.4825146328125 0.9041877484375 0.4747740578125 0.9095094250000001 0.4742904265625 0.910476934375 0.4704201390625 0.9196688984374999
1 0.44671478125 0.80259375 0.4534875984375 0.8137207343749999 0.4597767859375 0.82097743125 0.469936259375 0.83113665625 0.4825146328125 0.8383936015625 0.4902552078125 0.8408125 0.49509300625 0.8345233140625 0.5033172125 0.8243638390625 0.61603819375 0.92160391875 0.6179734625 0.9220877968750001 0.6286165671874999 0.9109608140625 0.6339382437500001 0.8993499500000001 0.6339382437500001 0.890641865625 0.538633184375 0.8156557546875 0.53331175625 0.807431546875 0.550727678125 0.7832423109375 0.5473412703125 0.779855903125 0.5275062 0.764375 0.4554228671875 0.788080109375 0.4510687 0.79291790625 0.44671478125 0.80259375
1 0.5628224203125 0.7822748015625 0.5739494046875 0.7793720234375 0.5754005453125 0.7784045140625 0.64167881875 0.8282341265625 0.6673191968750001 0.8364583328125 0.6900567953125 0.8321044140625 0.7127946421875 0.8161396328125001 0.7664942953125 0.7663100203125001 0.79310243125 0.7788883921875 0.80955084375 0.7721153281250001 0.8269670140625 0.7556669140625 0.8298697921875 0.749377728125 0.8124536203125 0.7145453875000001 0.7766537703124999 0.67197271875 0.744240328125 0.6492348703124999 0.7277919140625 0.63762425625 0.7152135421875 0.6327862109375 0.6958623515625 0.6453645828125001 0.679413690625 0.65794295625 0.6769947921874999 0.6676185515624999 0.691024553125 0.6811644343750001 0.69247569375 0.69229141875 0.6886056546875 0.6985806046875 0.6673191968750001 0.715029265625 0.6586111109375 0.719383184375 0.6474841265625 0.7140615078125 0.629584078125 0.70390228125 0.62232738125 0.715029265625 0.6116842765625 0.715029265625 0.5816897328125 0.700515625 0.5720141375 0.6947103171875 0.5933005953125 0.7411532734375 0.5942681046875 0.7445399312500001 0.5318603671875 0.7590533234375 0.5628224203125 0.7822748015625
1 0.5894303078124999 0.60569444375 0.588462796875 0.6110161203125 0.5865275296875 0.6153702875 0.6503869046874999 0.65020238125 0.67602728125 0.6521376484375 0.687154265625 0.6492348703124999 0.701667659375 0.642462053125 0.7461755953125 0.60811334375 0.764075396875 0.614886409375 0.783910465625 0.6144025296875 0.8061644343750001 0.606662203125 0.8187428078125001 0.5848918656250001 0.8235806046875 0.570378471875 0.8235806046875 0.558283978125 0.8182589281249999 0.5389327875000001 0.79697271875 0.506035465625 0.7742348703124999 0.48184647812500003 0.74859449375 0.4692681046875 0.729726934375 0.46636557500000003 0.7113432546875 0.47265451406250003 0.6915081843750001 0.485716765625 0.6818325890625 0.495876240625 0.67844618125 0.5137760421875 0.67989756875 0.528289434375 0.6803812 0.5311922124999999 0.6673191968750001 0.5428028281249999 0.6513544140625 0.5452219734375 0.6228112593749999 0.5336111109375 0.6189409718750001 0.528289434375 0.614587053125 0.5161949406249999 0.6112003968749999 0.5132921625 0.6049114578125 0.5128085312499999 0.578787203125 0.576667659375 0.5720141375 0.5921485609375 0.5855600203125 0.596986359375 0.5894303078124999 0.60569444375
1 0.41623660781250005 0.43104935468749994 0.40897991093749997 0.43395213281249995 0.389628471875 0.44604662656249994 0.38140426562499996 0.45281944375 0.373180059375 0.467816715625 0.363504215625 0.47846006875 0.37027728125000003 0.5099057546875 0.3717286703125 0.51667881875 0.389628471875 0.524419146875 0.395917659375 0.528289434375 0.4060771328125 0.53941641875 0.41478521874999996 0.5418353171875 0.4413931046875 0.49055456406250003 0.461228175 0.46297891875 0.4636470734375 0.45523859062499994 0.465582340625 0.44846552656250005 0.4554228671875 0.43878993125 0.441876984375 0.44024131874999994 0.43800669687499993 0.44024131874999994 0.41623660781250005 0.43104935468749994
1 0.4752579359375 0.568443453125 0.4549389875 0.5752162703125 0.435587796875 0.5640892859375 0.41381770781249994 0.5761837796875 0.41865550625000003 0.600373015625 0.4375228171875 0.614886409375 0.441876984375 0.6173053078125 0.44332837343750003 0.6289161703125 0.4476822921875 0.6356889875 0.4573578875 0.64971875 0.46509846250000003 0.6584268359375 0.476709325 0.6603618546875001 0.483966021875 0.6632646328125 0.4907388390625 0.6584268359375 0.4941252484375 0.6593943453125 0.5018658234375 0.6608457343749999 0.5134766859375001 0.661329365625 0.6073303578125 0.715512896875 0.6189409718750001 0.7130939984375 0.6257140375 0.7082562 0.6339382437500001 0.6966455859375 0.6281329359375001 0.672940228125 0.5313764875 0.6211755953125 0.540568453125 0.608597221875 0.546373759375 0.60811334375 0.5618546624999999 0.6100486109375 0.5618546624999999 0.596502728125 0.5400845734375 0.5906974203125 0.5207333828125 0.582472965625 0.508155009375 0.578602678125 0.4752579359375 0.568443453125
1 0.6059350203125 0.1412162703125 0.61881324375 0.122565228125 0.6152606640625 0.11679216249999999 0.6072671125 0.09947321406250001 0.5299977671875 0.08393055625 0.5299977671875 0.082154265625 0.5206721234375 0.0661674109375 0.5024650296875001 0.055509671875 0.49269543593750004 0.059950396875 0.48159350156249997 0.0577299109375 0.46915947343750003 0.057285962499999996 0.4496200390625 0.0741607140625 0.433633184375 0.06971999062499999 0.41054117031250004 0.10258159687499999 0.41276165625 0.1092428078125 0.41897867031249997 0.11368353125 0.43096875 0.11990079375 0.438073909375 0.1345553078125 0.4607219734375 0.16253199375 0.47004761874999995 0.1674169140625 0.48381398750000004 0.16253199375 0.5024650296875001 0.155870784375 0.5246688984375 0.1452130453125 0.528665675 0.1438807046875 0.5957212296875001 0.154538690625 0.6059350203125 0.1412162703125
1 0.40254786718749996 0 0.40032738125 0.00310863125 0.40165972187500004 0.015542659375 0.4078767359375 0.02220386875 0.4149818953125 0.0235359625 0.42297544687500005 0.0337497515625 0.4265280265625 0.04351959375 0.4536165671875 0.06439112031250001 0.4593896328125 0.06350297656250001 0.4807053578125 0.052844990625 0.49269543593750004 0.053289185937500004 0.49402752968749997 0.053289185937500004 0.50202108125 0.0519568453125 0.5264451890624999 0.0674997515625 0.53399454375 0.0786014390625 0.5406557546874999 0.0812661203125 0.5704087296875 0.0852626484375 0.5792904265625001 0.091923859375 0.588616071875 0.08171006875 0.6001619546875 0.063946925 0.6072671125 0.043075396875 0.6201453375 0.0230920140625 0.6165927578125 0.02220386875 0.5806225203125 0.027532737499999998 0.5890600203125 0.014210565625 0.5917244546875 0 0.40254786718749996 0
1 0.435599703125 0.2846287203125 0.43910937499999997 0.2944556046875 0.444724703125 0.3000709328125 0.4496381453125 0.303931546875 0.45630629999999994 0.3113015875 0.4654313 0.314811259375 0.467537203125 0.31761904687500003 0.46683531718750004 0.3228834328125 0.4724506453125 0.3341140875 0.47666220312499996 0.337623759375 0.48754191406249997 0.3449938 0.4984216265625 0.350258184375 0.507195684375 0.3541188 0.5145657234375001 0.3537678578125 0.5212341265625 0.3541188 0.53702728125 0.3618400296875 0.5500126484375001 0.3664025296875 0.5633492062500001 0.37096478125 0.5717723218749999 0.3678063 0.578089534375 0.3678063 0.585459821875 0.37096478125 0.6072192453125 0.3807916671875 0.6381036703125 0.39833978124999997 0.6391567453125 0.40571006875000004 0.6409114578125 0.42501264843750003 0.6472286703125001 0.4362435515625 0.6728487109375 0.452738590625 0.6928536703125 0.4632673609375 0.7061899796875 0.462214534375 0.7237380953125 0.457301090625 0.7426899796875001 0.44712326406249997 0.77146875 0.4144838796875 0.7791897328124999 0.39974355156249997 0.7823484625 0.38008978125000004 0.774978175 0.3671044140625 0.7616418656249999 0.36675347187499996 0.740233134375 0.3664025296875 0.7030314984375 0.3565756453125 0.6960121531250001 0.3299025296875 0.6928536703125 0.323234375 0.6791661703125 0.3109506453125 0.65986334375 0.299369046875 0.6310845734375 0.290244046875 0.63248834375 0.2895421625 0.61704613125 0.2748018359375 0.5314119546875 0.24532118125000002 0.510705109375 0.25444618124999996 0.4938591265625 0.2565518359375 0.4647294140625 0.2593596234375 0.4591140875 0.2235615078125 0.45560441406249996 0.22531646875 0.4257728171875 0.2175952375 0.409277778125 0.2583067953125 0.4148931046875 0.2646240078125 0.4341959328125 0.27059027812499997 0.434546875 0.27164310468749997 0.435248759375 0.277609375 0.435599703125 0.2846287203125
1 0.36504315468750004 0.6208722718749999 0.3668102671875 0.6261738593749999 0.3682829859375 0.636482390625 0.3768244046875 0.6429623015625 0.36798834375 0.602022321875 0.36769394843750003 0.6085019843749999 0.3662212296875 0.610563740625 0.36504315468750004 0.6208722718749999
1 0.65403521875 0.294224703125 0.667910465625 0.305609375 0.6842760421875 0.3130806046875 0.6942375984375 0.32482118125000004 0.69957415625 0.317705853125 0.69850694375 0.2935131453125 0.692814484375 0.2910228171875 0.6899682546875 0.2874650296875 0.6906798109375 0.27536879999999997 0.691747271875 0.2636282234375 0.69850694375 0.2469067453125 0.7049107140624999 0.24334895781250002 0.7095359625000001 0.22591617031250003 0.7113147328125 0.20777182500000002 0.7074012890625 0.195675346875 0.6956607140625 0.192829365625 0.6789392359375 0.1821560015625 0.6593717765625 0.15725198437500001 0.6472755453125 0.1565404265625 0.6248618546875 0.17539632968750002 0.6109866078125 0.1846463296875 0.5903516859375 0.199233134375 0.5825248015625 0.2131083828125 0.5707842265624999 0.2205796125 0.572207340625 0.225560515625 0.60565005 0.24334895781250002 0.6213040671875001 0.2600704359375 0.6294868546875 0.2860419140625 0.65403521875 0.294224703125
1 0.6789392359375 0.178242559375 0.7017088296875 0.1931850203125 0.7113147328125 0.1835791171875 0.71238194375 0.171126984375 0.695305059375 0.1586750984375 0.692814484375 0.1238092765625 0.6750257937499999 0.1266552578125 0.6625736609375 0.14871329375 0.6789392359375 0.178242559375
1 0.7323053078124999 0.0850297625 0.734084325 0.0917896828125 0.715228175 0.0996165671875 0.69850694375 0.11776091250000001 0.6981510421875 0.1266552578125 0.699930059375 0.1412420640625 0.7063338296875 0.15938665624999998 0.7130935015625 0.1739732140625 0.7134494046875 0.238368303125 0.696372271875 0.250464534375 0.6896125984375 0.265762896875 0.6874779265625001 0.2803494546875 0.696372271875 0.289599703125 0.6981510421875 0.296003471875 0.6981510421875 0.305965278125 0.700997271875 0.352571428125 0.7134494046875 0.36004290625 0.7401324406249999 0.3628888890625 0.7621904765624999 0.36217733124999996 0.7821135906250001 0.3603985609375 0.8031044140624999 0.35648511875 0.8198256453124999 0.3532829859375 0.8383258921875001 0.3429657734375 0.844018353125 0.3308692953125 0.8457971234375 0.26683010937499996 0.8532683531249999 0.265762896875 0.8529126984375001 0.25153199375 0.8543358140624999 0.23979141875 0.8468643359374999 0.23765674531249997 0.8312103171875 0.2287624015625 0.8230275296875 0.2237814984375 0.8233834328125 0.1540498515625 0.8358355656249999 0.12772271875000002 0.8383258921875001 0.11669369999999998 0.8347681046875 0.1042415671875 0.8347681046875 0.087164434375 0.8169794140625 0.0740009921875 0.8109313 0.06937574375 0.8045275296875 0.066173859375 0.8109313 0.0562123015625 0.815912203125 0.05016418593750001 0.8233834328125 0.037712053125 0.8319218749999999 0.016009920312500002 0.8337008921875 0.001423115625 0.712737846875 0 0.7465362109375 0.0362889390625 0.73159375 0.0633276296875 0.73159375 0.0725778765625 0.7323053078124999 0.0850297625