5 0.151266865625 0.23108829375 0.22944692500000002 0.3264603171875 0.28185987031250004 0.289590278125 0.31708457343749996 0.333762153125 0.3539779265625 0.3072217265625 0.3204216265625 0.2613623515625 0.356944196875 0.23296602187499998 0.36213516874999996 0.240575396875 0.3662137890625 0.240575396875 0.37548363125 0.2322237109375 0.3708487109375 0.2218303578125 0.2981512890625 0.12025372031249999 0.2362380953125 0.1489563484375 0.20273462343749998 0.108556546875 0.1983747515625 0.108556546875 0.1873598703125 0.11314756875000001 0.17841046562500001 0.1200337296875 0.16854290624999999 0.12760863125 0.1637239578125 0.13544766875 0.18938219218750002 0.1732234625 0.19437276718750002 0.17565005 0.151266865625 0.23108829375
5 0.2608447421875 0.324101190625 0.3135483625 0.3988392859375 0.3321235125 0.3906619546875 0.342082340625 0.4054484125 0.42404811562500005 0.40984127031249995 0.4341572421875 0.4451696421875 0.4383650796875 0.44345014843749997 0.44536805625 0.4314977671875 0.4446790671875 0.4241423609375 0.4594084828125 0.414216021875 0.4626321921875 0.40929811562499996 0.464934771875 0.40376587343750003 0.465855903125 0.4023826890625 0.46798090312499996 0.39820634843749997 0.4677891859375 0.393119046875 0.4664466765625 0.3894717265625 0.4632827375 0.383136409375 0.4592557046875 0.3777611609375 0.453502728125 0.37315401718749996 0.44803745 0.369986359375 0.441709325 0.36893055625 0.43528521875 0.370658234375 0.4309704859375 0.3734419640625 0.42579290625 0.3750736609375 0.4232041171875 0.3777611609375 0.41879365156250004 0.3816966765625 0.41601314531250005 0.3852482640625 0.4127532234375 0.389663690625 0.4119861109375 0.3911994046875 0.4086302078125 0.3911994046875 0.40258978125 0.3918712796875 0.3980833328125 0.3868799609375 0.3952068453125 0.3860161203125 0.39165922656249996 0.379777034375 0.391946925 0.377857390625 0.3883033234375 0.37420982187499996 0.38843849218750004 0.3680337296875 0.38579985156249996 0.36401835312499997 0.39329365156249996 0.3513387890625 0.359248759375 0.30533358125 0.3166140875 0.33587723281250004 0.3064990078125 0.3302395828125 0.2892557046875 0.304404265625 0.2893712796875 0.302203125 0.2804327875 0.2945811015625 0.2748318453125 0.30012896875 0.267670634375 0.3102108140625 0.26453745 0.316595734375 0.2608447421875 0.324101190625
5 0.131027778125 0.11844444375 0.1308591265625 0.1030771328125 0.1435967265625 0.10333333281249998 0.15196230156249999 0.0982767859375 0.1518045640625 0.0899017859375 0.16443204375 0.08800570468749999 0.1677467765625 0.094800346875 0.170430059375 0.10001488124999999 0.1772172625 0.10633556562499999 0.2163618546875 0.1018000984375 0.2171922125 0.10085019843750001 0.21873412656250002 0.0963380453125 0.23118824375 0.0946755953125 0.23249305625 0.09099454375 0.23356051562500002 0.0852951390625 0.2328489578125 0.0748459828125 0.2693812 0.0708087796875 0.28913839218750004 0.060880704687499995 0.290277778125 0.038637896875 0.28628993125 0.034075396875000004 0.22229340312499998 0.0390181046875 0.2211540171875 0.0325545640625 0.2175458828125 0.022478670312499997 0.21431770781249998 0.0192467765625 0.20197420625 0.020767857812500002 0.1943782234375 0.014684276562500001 0.1556383921875 0.0182963796875 0.151080853125 0.027421626562500002 0.1522202375 0.0382576890625 0.14025644843750001 0.03996875 0.135129215625 0.031033482812500002 0.132660465625 0.0312237109375 0.1288625984375 0.028942460937499997 0.1268283734375 0.0293258921875 0.125641865625 0.140773809375 0.1287450390625 0.136424603125 0.131027778125 0.11844444375
5 0.14115079375 0.13050694375 0.1418774796875 0.133126240625 0.159319940625 0.137637153125 0.16266319375 0.1351634421875 0.167459821875 0.1264327875 0.17443675625 0.12075768906249999 0.1835939984375 0.1142095734375 0.192896578125 0.108680059375 0.2019084828125 0.10576984062499999 0.206269096875 0.106934028125 0.2081587296875 0.1098442453125 0.211065971875 0.1127544640625 0.217170634375 0.11406398749999999 0.2165892859375 0.11857490156249999 0.22153125 0.12032118124999999 0.2208045640625 0.1252686015625 0.22618278749999998 0.1268692953125 0.225310515625 0.13065252968750002 0.23097941406250003 0.133271825 0.22981646875 0.1374915671875 0.23519469218750003 0.1393834328125 0.236357390625 0.1456403765625 0.24071800625 0.1433122515625 0.24580555624999997 0.14127505 0.244061259375 0.13167113125000002 0.24231696406249997 0.1238134921875 0.24071800625 0.11537375937500001 0.23940997031250003 0.10737053593749998 0.2389737109375 0.10067683593750001 0.2388283734375 0.09747569375000001 0.2303978171875 0.0960205859375 0.2241478171875 0.096602678125 0.2210952375 0.09805778750000001 0.21804290625 0.10329613124999999 0.1757447921875 0.10737053593749998 0.167605159375 0.09849429531250001 0.1639712296875 0.08990897812500001 0.1577333828125 0.0912251984375 0.15323983125 0.091633928125 0.15262723281249999 0.099915178125 0.14039459375000002 0.1052177578125 0.140278521875 0.11246354218750002 0.140133184375 0.11901165625000001 0.140569196875 0.12468650781249999 0.14115079375 0.13050694375
5 0.137971478125 0.45736111093750004 0.1394955359375 0.45459573437499995 0.18511979218750002 0.44966716250000005 0.2061212796875 0.42965004999999995 0.2108658234375 0.4275014875 0.21727380937500002 0.4198735125 0.25171130937499997 0.410462796875 0.24246056562499999 0.3209766859375 0.24001810468749998 0.3225486109375 0.228329365625 0.3290106640625 0.1493013390625 0.2317936515625 0.19057738125 0.1773903765625 0.1866140875 0.1735595234375 0.1845639875 0.1728754953125 0.1823772328125 0.1715071921875 0.18032713281249999 0.1672658734375 0.17800396875 0.1656240078125 0.177184028125 0.16069866093750002 0.171170634375 0.1575518359375 0.1611937 0.1548154765625 0.15121701406250002 0.15262648750000002 0.141513640625 0.1507110609375 0.1322202375 0.15016369062499998 0.125751984375 0.14968551562500002 0.12568303593750002 0.46127108124999994 0.1369236109375 0.459459078125 0.137971478125 0.45736111093750004
5 0.280356646875 0.401987846875 0.2912681046875 0.40236904687499997 0.312837053125 0.404147321875 0.3129637890625 0.400209821875 0.2593392859375 0.3248018359375 0.26622519843750003 0.310183284375 0.2650364578125 0.3049360125 0.24335069374999999 0.31957415624999996 0.2542748015625 0.40801438437500004 0.260056546875 0.4061795640625 0.2674154265625 0.40338516875 0.280356646875 0.401987846875
5 0.1957368546875 0.4927452875 0.195079365625 0.48638194375 0.1762299109375 0.473426090625 0.1755724203125 0.4704637890625 0.1748053078125 0.46651413750000004 0.1863122515625 0.45137425625 0.1410513390625 0.45565302656249995 0.137654265625 0.4613578875 0.125818453125 0.46464930625 0.1254895828125 0.47749553593750005 0.128667659375 0.5010830859375 0.1957368546875 0.4927452875
5 0.501618303125 0.1318745046875 0.5058980656250001 0.13175545625 0.5089888390625 0.130803571875 0.5111287203125 0.1286614578125 0.51136631875 0.1247341265625 0.52016319375 0.1199737109375 0.5211143359375 0.118188740625 0.52158978125 0.11235739062500001 0.5204010421875 0.1072400796875 0.5176669140625 0.105216765625 0.5167157734375001 0.10295560468750001 0.5149327875 0.099028521875 0.5116041671875 0.095815228125 0.5091076390625 0.0954583328125 0.5062547125 0.09557713281249999 0.5028072921875 0.0967673609375 0.5001919640625 0.09712425625 0.497933284375 0.097243303125 0.4948422625 0.098314484375 0.493178075 0.09998040625 0.49139484062500005 0.10343179531249999 0.4978142359375 0.13163665625 0.4995974703125 0.1319935515625 0.501618303125 0.1318745046875
5 0.5143623515625 0.20526016875000003 0.5178990578125 0.21739856093749999 0.527194196875 0.2142966265625 0.5301158234375001 0.23691765937499998 0.5218854171875 0.24177306562499998 0.5258536703125001 0.25648635937500003 0.5258536703125001 0.263695684375 0.53608829375 0.3086041671875 0.5439630453125 0.30872743125 0.567094990625 0.30872743125 0.614555803125 0.29701016875 0.61378819375 0.2858650796875 0.6163474703125 0.28330282812499996 0.61085069375 0.2403608625 0.6046200390625 0.22933035781250002 0.6026755953125 0.22873139843749998 0.5992353671874999 0.22558680625 0.5987864578125001 0.2230411703125 0.5969915671875 0.21989657812500002 0.5872688484374999 0.21839930624999998 0.5860724203125 0.2020771328125 0.6062653765625 0.19833358125 0.6034233625 0.1749737109375 0.5953462296875001 0.1742251984375 0.5853244046875 0.1733266375 0.574105903125 0.1733266375 0.5625885421875 0.1751235125 0.5528658234375 0.1770701890625 0.5428439984375 0.1788670640625 0.532822171875 0.18231125937499998 0.5229499015625 0.1857552078125 0.5147232140625 0.1896485609375 0.51363194375 0.19395709375 0.5134141859375 0.19860540625 0.5143623515625 0.20526016875000003
5 0.604381696875 0.17419146875 0.6067720734375001 0.19232564531250002 0.60822569375 0.19687301562499998 0.6060453875 0.202966765625 0.6030473703125 0.2094241078125 0.60186631875 0.21042460312500003 0.5971098703125 0.21013516875 0.597691715625 0.21595982187499999 0.59900074375 0.21872643906250003 0.601619046875 0.22440525781249998 0.60525545625 0.2277544640625 0.61194618125 0.2392576890625 0.6142735609375001 0.259498015625 0.6317279265625 0.21900868125 0.638127728125 0.21900868125 0.6464186515625 0.19177008906249998 0.6451096234375 0.18696478125 0.6471458328125 0.1812859625 0.648600446875 0.176626240625 0.64729141875 0.1726946921875 0.658200396875 0.1456108625 0.6554367562500001 0.13993204374999998 0.6528187 0.13774776718749998 0.6462733140625 0.1309040171875 0.6411822921875 0.12973908750000002 0.6326006937499999 0.1281374015625 0.6262006453125 0.128428571875 0.62169146875 0.1295935015625 0.6171825390625 0.1325057046875 0.601620784375 0.1698360609375 0.596644096875 0.17261805624999998 0.604381696875 0.17419146875
5 0.5479005453125 0.373123759375 0.5519233625 0.394123015625 0.5552130453124999 0.4069685015625 0.555730159375 0.41182266875 0.5604109625 0.429030009375 0.5647080859375 0.43463764843749997 0.5704632937499999 0.43955406718749995 0.5745302578125 0.4415513390625 0.5773435015625 0.44120039687499996 0.576503471875 0.418665921875 0.568116071875 0.412852678125 0.562678075 0.4116532734375 0.5620265375 0.39863988125 0.56803521875 0.400331596875 0.57127256875 0.39925 0.5709052578125 0.3795290171875 0.5675853171874999 0.377532490625 0.5690813484375 0.36839756874999996 0.56938045625 0.3619583328125 0.5684828875 0.35731597187499997 0.5663886406249999 0.3261626984375 0.5635463796875 0.31927430625 0.559507440625 0.3150811015625 0.5544216265624999 0.3123856640625 0.54783978125 0.3108881453125 0.5414072421875 0.3110376984375 0.536509671875 0.3111572421875 0.5443189484375 0.354540675 0.545898809375 0.3656118546875 0.5479005453125 0.373123759375
5 0.6077552078124999 0.331544146875 0.6098978171875 0.33395709375 0.6124868546875 0.3352978671875 0.6142723218749999 0.335834078125 0.6157899312499999 0.337800346875 0.6179325390625 0.3394982640625 0.6200052078125 0.3398782234375 0.6300932546875 0.3405932546875 0.6358067953125001 0.339252728125 0.636788690625 0.3409508921875 0.65232266875 0.3348735125 0.6536617062500001 0.33013665625 0.6559828875 0.3295111609375 0.657768353125 0.3285280265625 0.6593752484375 0.32513194375 0.662120784375 0.3175885421875 0.662834821875 0.3115111609375 0.66135069375 0.30544146875 0.6665287703125 0.2991852671875 0.669474703125 0.29328670625000003 0.6704568453124999 0.2863157234375 0.6715280265625 0.278987103125 0.671238590625 0.2665203375 0.671238590625 0.2534719734375 0.6699888390625001 0.2437529765625 0.6672857140625 0.2343700390625 0.6635 0.2253412703125 0.660159721875 0.21519766875 0.6583779765625 0.20427405781250002 0.6569375 0.1949375 0.6575731640625 0.190863590625 0.658209078125 0.185771578125 0.66037574375 0.1744357640625 0.661226190625 0.1734895828125 0.6627380953124999 0.17159771875000002 0.665100446875 0.1695166171875 0.6681242562499999 0.168570684375 0.6698251484375 0.1707462796875 0.671242559375 0.1718814484375 0.6737938984375 0.1734895828125 0.6754947921875 0.17471949375 0.6783296125 0.17594915625000002 0.6803139875 0.17604389843749998 0.6825818453125 0.17500322343750002 0.6857946421875 0.17386805624999999 0.6871175593750001 0.17386805624999999 0.689101934375 0.1734895828125 0.690897321875 0.1733005953125 0.693259671875 0.17225992031249998 0.6955275296875 0.1715032234375 0.69732266875 0.17046255 0.69949603125 0.16885441406249999 0.7026143359375 0.168948909375 0.7056381453125 0.169421875 0.71140228125 0.1628000984375 0.7136701390625 0.16024603125 0.71499305625 0.1576919640625 0.7165049609375 0.154759425 0.7174499015625 0.151732390625 0.7154955359375 0.1389995046875 0.7153415171875 0.13730257968749998 0.7144938 0.1356830359375 0.712413690625 0.1336775796875 0.709331596875 0.131363590625 0.7060186015625 0.1309779265625 0.7043236609375 0.130206596875 0.7013958328125 0.12750694375 0.6898385421875 0.1305151296875 0.6843549109375 0.131143353125 0.680494046875 0.135663690625 0.6780071921874999 0.135630953125 0.674628471875 0.13645957343749998 0.6733201890625 0.13747817499999998 0.672084821875 0.1388603671875 0.6701225203125001 0.1396607140625 0.6678697921875 0.14155233125 0.665762153125 0.14402604218749998 0.6640905265625 0.147008928125 0.6630004953124999 0.15064657812499999 0.662564484375 0.1544298109375 0.6631443453125 0.1572008921875 0.6590615078125001 0.162325396875 0.654612846875 0.169188740625 0.6496284718750001 0.1756091265625 0.64622271875 0.1865106640625 0.6476225203125 0.19058755 0.6467953875 0.19377256874999998 0.6467807546875 0.19646875 0.6468809531249999 0.2003767359375 0.6488829359375 0.212201140625 0.6530265375 0.21989062499999998 0.657798115625 0.23326562499999998 0.660448909375 0.24430505937500002 0.662039434375 0.2558754953125 0.661821428125 0.26597743125 0.66157738125 0.2752693453125 0.6605188484375 0.2843983140625 0.6584833828125001 0.29189707343750004 0.6562423109375 0.29673313437500004 0.654623015625 0.2958489578125 0.6510161203125 0.293269840625 0.6431401296875 0.2936383921875 0.6276088796875 0.2990912703125 0.6234868546875 0.297912203125 0.615610615625 0.2995357140625 0.6121510421874999 0.3012306546875 0.6089124499999999 0.3037358625 0.60596800625 0.30624131875 0.6036125984375 0.3097048609375 0.602066715625 0.3147155265625 0.602066715625 0.3193578875 0.6033807046875 0.324305059375 0.6050768843750001 0.3278799609375 0.6077552078124999 0.331544146875
5 0.6838477187499999 0.1832142859375 0.6761155750000001 0.1762475203125 0.6735749015625 0.17646875 0.6693774796875 0.1797862109375 0.6656220234375 0.1822189984375 0.66109300625 0.185315228125 0.6598779765625 0.18940674531249999 0.6642963796875 0.19626264843750002 0.6609826390625 0.198142609375 0.65965699375 0.19991170625000002 0.6593102671875 0.202610615625 0.659398065625 0.205601190625 0.6601009421875 0.21070238125000001 0.66124305625 0.216507440625 0.6640776296875 0.22493923593749998 0.6672829859375 0.231795634375 0.670790675 0.24307886875 0.6758911203125 0.23951636875 0.6793311015625 0.23975396875000002 0.6820592765625 0.2382103171875 0.6837197421875 0.23571651718750003 0.687396825 0.24212896874999998 0.6890575390625 0.24248511874999998 0.701512153125 0.233341765625 0.7019866078125 0.2262170140625 0.7024610609375 0.2220607640625 0.7024610609375 0.2179047625 0.7002075890625 0.209592509375 0.708629215625 0.204961309375 0.709341021875 0.2059112109375 0.7289126984375 0.19474900781249999 0.7267951390625 0.18791145781250002 0.7244255953125001 0.179866071875 0.7209223703125 0.1742963796875 0.717728421875 0.170892609375 0.7134397328125 0.1682321421875 0.709253471875 0.17171031718750002 0.706160465625 0.1708256453125 0.6872720734375 0.1868598703125 0.6838477187499999 0.1832142859375
5 0.6327475203125 0.24912847187499998 0.6364275796875 0.2515052078125 0.6401078874999999 0.2534067453125 0.6574399796875 0.2446123515625 0.6594580859375 0.24366170625 0.6576681546875001 0.23648313437500001 0.655451884375 0.2296158234375 0.6522859624999999 0.2228541671875 0.649330853125 0.21852256875 0.6470091765625 0.21598710312499997 0.6378276296875 0.22148090312500002 0.6352946421875 0.22148090312500002 0.6329729656249999 0.222537203125 0.630862103125 0.2261294640625 0.6297013890625001 0.22898189531250002 0.628573909375 0.232073909375 0.62752430625 0.23771949375 0.6281178078125 0.24223561562499998 0.6297797625 0.2465138890625 0.6327475203125 0.24912847187499998
5 0.7148387890625 0.267084078125 0.7212703375 0.2732123015625 0.7256872515625 0.275849703125 0.7287061015625 0.269154265625 0.7274437 0.2671532734375 0.7272333828125 0.2639938 0.7286009421874999 0.260412946875 0.7310205859375001 0.257780009375 0.7384900796875 0.25156622031250003 0.7455384421875 0.2474588296875 0.7537495046875 0.2441701390625 0.756933284375 0.24293625937500002 0.7628901296875 0.24118824375 0.7689499015625 0.2389263390625 0.778912203125 0.23728125000000003 0.783262153125 0.23448958281249999 0.80335069375 0.2381669140625 0.817733134375 0.22379761875 0.8206810515624999 0.2202140375 0.828893353125 0.20408754999999998 0.8188911203125 0.215365575 0.8168906249999999 0.21610342187499998 0.8116264875000001 0.21810590312499997 0.8034141859374999 0.21778968281250002 0.796044146875 0.21578720312500002 0.7874109625 0.21199280781250002 0.7785669640624999 0.20693353124999997 0.7684102187499999 0.1983849203125 0.766451140625 0.1958516859375 0.7651453375 0.1930734125 0.7632678578125 0.189805059375 0.7621249999999999 0.1864546125 0.7613903765625001 0.1831044140625 0.76057415625 0.18032614062500002 0.759839534375 0.177466021875 0.7595131453125 0.17460615156249998 0.7594315468749999 0.17199131875 0.7599211312499999 0.169621528125 0.760982390625 0.1660260421875 0.7622068453125 0.1629208828125 0.770758928125 0.154955109375 0.7668177078125 0.15100917656249999 0.7508120046875 0.1768891375 0.7454072421875 0.18180778749999998 0.7386924609375 0.19033358125 0.7228063 0.2001708828125 0.703808284375 0.2260758921875 0.703808284375 0.2395200890625 0.7036443453125 0.2485376984375 0.7060052078125 0.25475 0.7098797125 0.26142113125 0.7148387890625 0.267084078125
5 0.727478175 0.2764990078125 0.725840278125 0.2823125 0.7323797125 0.31768055624999997 0.7410942453125 0.322425346875 0.7496560015625 0.31783358125 0.75301959375 0.32227207343750003 0.75210243125 0.3262517359375 0.753325396875 0.32762921562499997 0.7554657734375 0.3283943453125 0.75607738125 0.3303841765625 0.755771578125 0.3331391375 0.7543955859375 0.3345166171875 0.7493504468750001 0.337730903125 0.7427760421875 0.343853175 0.738189484375 0.34875074375000004 0.74201165625 0.3680359625 0.7519494046874999 0.3648216765625 0.7565359625 0.36910739062500003 0.7615813484375 0.3657400796875 0.7716721234375 0.3609952875 0.779928075 0.35686284687500003 0.787725446875 0.354719990625 0.8068658234375 0.3510687 0.815565971875 0.3510687 0.8208901296875 0.35041865156249996 0.826993303125 0.35067881875 0.8386803078125 0.35197867031249996 0.8402385906250001 0.35197867031249996 0.8359623015625001 0.3298970734375 0.8322110609375001 0.326141865625 0.8256463296875 0.31997222187499996 0.8207705859375001 0.3179375 0.8081240078124999 0.317469990625 0.8082415671875 0.306758184375 0.82023511875 0.309230159375 0.8219990078125001 0.3066403765625 0.8215285218749999 0.3004015375 0.8280071921875001 0.2915084328125 0.8186443453125 0.25484920624999996 0.8035597718749999 0.24568427656249997 0.800334821875 0.244226190625 0.795861359375 0.2444345234375 0.795029265625 0.23828993125000003 0.7895153765625 0.237352678125 0.782753471875 0.23724851249999998 0.775783234375 0.23849826406250002 0.7671485609375 0.2412061015625 0.759554315625 0.24308060468749998 0.7516478171875 0.24568427656249997 0.7445736609375 0.24985019843749998 0.7383318453125 0.25412003906249997 0.73396255 0.2578692953125 0.7302172625 0.2622435515625 0.7305295140625 0.2678673109375 0.7303075390625 0.270685515625 0.72971180625 0.27247420624999996 0.727478175 0.2764990078125
5 0.5806336812499999 0.329548859375 0.574496528125 0.3303603671875 0.570675346875 0.34369146875 0.5710905265624999 0.3609161703125 0.568919146875 0.3764474203125 0.57679141875 0.3817013890625 0.5755729171875 0.392115328125 0.573230159375 0.392115328125 0.57248040625 0.399245784375 0.5701374015625 0.4008407734375 0.5700436515625 0.40581324375000005 0.5714494046875 0.4124744546875 0.5734174109375 0.413975446875 0.5811961812499999 0.416039434375 0.5854134421875 0.41735292656249995 0.5926294640624999 0.41932316406250003 0.5992834828125 0.4195109125 0.602282490625 0.399245784375 0.59450396875 0.395023809375 0.59431646875 0.3935228171875 0.5948787203125 0.38733060468749997 0.5921483140625 0.3852775296875 0.5918685515625 0.3807611609375 0.5964727187500001 0.380945684375 0.602918403125 0.38085342187500004 0.6061411203125 0.3806688984375 0.6061411203125 0.379655009375 0.606325396875 0.377534721875 0.606325396875 0.3749536203125 0.6065094249999999 0.37264930625 0.6070620046874999 0.3706212796875 0.6078908734375 0.368316715625 0.6086274796875 0.366012153125 0.609548115625 0.3639841265625 0.6114818953125 0.361771825 0.6136919640625 0.3493187 0.6135076890625 0.3479357640625 0.612402778125 0.3459079859375 0.6147048609375 0.33834895781249996 0.6128630953124999 0.3363209328125 0.6093640875 0.3348459828125 0.604944196875 0.3332790171875 0.600892609375 0.33134325468750003 0.6014451890625 0.325996528125 0.5987748015625 0.32452157812500004 0.5949072421875 0.3228623515625 0.5908556546875 0.3235076890625 0.58855381875 0.32452157812500004 0.5876329359375 0.327748015625 0.5870024796875 0.3294330359375 0.584455109375 0.3294330359375 0.5806336812499999 0.329548859375
5 0.6229987593749999 0.4078172125 0.6246666671875001 0.41015476250000005 0.6267346234375 0.41155704374999996 0.6393430062500001 0.41856944374999994 0.6410736609375001 0.4185446421875 0.6417946421875 0.4185446421875 0.6444166671875 0.417757440625 0.647628471875 0.417429315625 0.6493325890625 0.417691715625 0.6515610125 0.418216765625 0.6530687000000001 0.4201852671875 0.6530687000000001 0.42215377031249995 0.6539863593749999 0.423137896875 0.6552973703125 0.4251721234375 0.6568048109375 0.4267470234375 0.6597544640625 0.428125 0.66401488125 0.4279938 0.663752728125 0.4259595734375 0.6653258921874999 0.42615649843750003 0.668209821875 0.42681274843750006 0.6726696421875 0.42587896875000003 0.67579761875 0.42547495 0.679934771875 0.4247678578125 0.6826592265625 0.42385863125 0.6876036703125 0.4236564984375 0.6908325890625 0.42385863125 0.6940615078125 0.4242626484375 0.696584078125 0.4236564984375 0.698703125 0.42274752031249996 0.70243675625 0.42133333281249996 0.7044548609375 0.4217373515625 0.7062710812499999 0.4217373515625 0.712930803125 0.4203231640625 0.7211041671875 0.418908978125 0.73360391875 0.4173596234375 0.7318663187500001 0.40937351250000004 0.7104655265625001 0.3959873515625 0.709144096875 0.39116269843749996 0.707123015625 0.3882837296875 0.7020563 0.3856537703125 0.697009425 0.3775364578125 0.68049305625 0.3678732640625 0.6768177078125001 0.36879315468749996 0.6741530265625 0.3626302078125 0.6540724203125 0.3487068453125 0.645773809375 0.3502326390625 0.644334325 0.3490458828125 0.641455109375 0.34777430625 0.6384067453125 0.3471810515625 0.63417261875 0.34811334375 0.6287532234375 0.350148065625 0.6248578874999999 0.35345411718749997 0.6217247031250001 0.35608209375 0.6185915171875 0.3574384921875 0.6143576390625001 0.360659721875 0.6120711812499999 0.3633725203125 0.6097849703125 0.36710243125 0.609361359375 0.370154265625 0.6094461812499999 0.3745625 0.6083452375 0.3777837296875 0.60724454375 0.384480903125 0.6077524796875 0.3928732640625 0.6091922125 0.3963489578125 0.6117475203125 0.399190228125 0.6216646828125 0.40414409687499997 0.62186483125 0.40574677656249997 0.6229987593749999 0.4078172125
5 0.68568824375 0.3340124015625 0.6845900296874999 0.339788690625 0.6852611609375 0.3440451390625 0.68514930625 0.3457251984375 0.6867157734375 0.3508774796875 0.688394096875 0.35771006875 0.6931021828125 0.3736897328125 0.6944776781249999 0.3744109625 0.697228421875 0.376574653125 0.7006403765625 0.3815124015625 0.7079370046875 0.3810161203125 0.7126123515625 0.3913700390625 0.7131790671875 0.391795634375 0.716579365625 0.3938521828125 0.7194838796874999 0.395837796875 0.724301090625 0.399596478125 0.7303516859375 0.40398859062500003 0.7324236109375 0.4060627484375 0.733950396875 0.40911979218749994 0.735368303125 0.41523363125 0.7371130953125 0.4165436515625 0.7440927578125 0.4142509921875 0.7389670140625 0.39983978124999997 0.7348759921875 0.398015625 0.74034920625 0.3958045640625 0.74371006875 0.3941703875 0.7439982640625 0.3925362109375 0.7390158734375001 0.3708266375 0.7369992562500001 0.3701897328125 0.734034721875 0.37068452343749997 0.7318938484374999 0.363430059375 0.7361755953125 0.36194618125 0.7239186515625 0.3252775296875 0.722117559375 0.3248616078125 0.7164372515624999 0.3243067953125 0.71158829375 0.3227810015625 0.70036631875 0.2960131453125 0.69621006875 0.2968452375 0.6887289187500001 0.3001741078125 0.6851267359375 0.3010062 0.6809704859375 0.3039186515625 0.6774357640625001 0.308951140625 0.679766865625 0.3153640875 0.6811237593749999 0.315858134375 0.68568824375 0.3340124015625
5 0.30481175625 0.618148065625 0.3047095734375 0.6208107640625 0.3038911203125 0.6210153765624999 0.3030729171875 0.62132266875 0.302152034375 0.6220396828125 0.3014360125 0.6231661703125 0.301640625 0.6256240078124999 0.3003107640625 0.6280818453125 0.29846949375 0.6270577875 0.29673040624999997 0.62582886875 0.29304761875 0.6263407734374999 0.2906946921875 0.6263407734374999 0.28854637968749997 0.629003471875 0.28588665625 0.62961805625 0.2816924609375 0.63094915625 0.277600446875 0.6350456343750001 0.273855159375 0.63928745 0.2724665171875 0.6540540671875 0.299084821875 0.6640987109375 0.2611860125 0.6722795140625 0.25649082343749996 0.721684028125 0.250362846875 0.724834325 0.250197171875 0.7284821421875 0.24189707343750003 0.7332405750000001 0.23841393906250002 0.735710565625 0.2334794140625 0.7396334328124999 0.23014136875000002 0.7452998515625 0.22752901718750002 0.7506758437500001 0.22622271875000002 0.7569233625 0.2279642859375 0.7654955359375 0.2308670640625 0.7745037203125 0.23376959375 0.7803154765625 0.2368174609375 0.78409300625 0.24233258906250002 0.7869990078125 0.24538045625 0.7887423109375 0.250169890625 0.7894689984375 0.25612028750000004 0.7887423109375 0.26236111093750003 0.7896140875000001 0.330872271875 0.8165235609374999 0.3977455359375 0.7865967265625 0.42241790625000003 0.7483705359374999 0.42834027812500003 0.6721783234375 0.40930208281249997 0.666633928125 0.41501364062499996 0.6655942453125 0.42297494999999996 0.64653521875 0.42314806562499996 0.6349263390625 0.40687896874999996 0.6273025796875 0.397705853125 0.6283422625 0.38437896875 0.6305947421875 0.3707061015625 0.6311143359375 0.3547829859375 0.6311143359375 0.334879215625 0.62920858125 0.3220716765625 0.6259164187499999 0.32293700468750003 0.6162135421875 0.3189563484375 0.6160404265625 0.3146294640625 0.6156937 0.307533234375 0.6134414687499999 0.306141865625 0.614461309375 0.30511879999999997 0.617123759375 0.30481175625 0.618148065625
5 0.17153521875 0.6284216265625 0.1644806546875 0.6407807546875001 0.1489900796875 0.6537056046874999 0.1420498515625 0.7360498515625 0.15603993124999999 0.7453720234375 0.1898536703125 0.765870784375 0.20492361093749997 0.7867095734375 0.20763541718749998 0.7867095734375 0.2277807546875 0.7836068953125 0.23385019843750002 0.7839947921875 0.231783978125 0.7807626484375 0.22933035781250002 0.7761088796875 0.22765153749999997 0.770420634375 0.225450396875 0.7594952875 0.225450396875 0.7531232640625001 0.22686483124999998 0.74852108125 0.22910441406249998 0.7435649796875 0.2320513390625 0.738962796875 0.23740972187499998 0.73417584375 0.24825818437499997 0.728487103125 0.2488487109375 0.7249407234375 0.25498288750000003 0.7216994046874999 0.2589037703125 0.6754506453125 0.2600513390625 0.671663690625 0.2771966765625 0.667987846875 0.277335565625 0.6578110125000001 0.2742326390625 0.656516865625 0.271560515625 0.654445684375 0.272346478125 0.64078670625 0.2731852671875 0.6381909718750001 0.28028893906249996 0.6307509921875 0.2835188484375 0.566722965625 0.2656626984375 0.5642767859375 0.25964781718749996 0.562771578125 0.2562646328125 0.560513640625 0.25494890937500003 0.5561857640625 0.23182986093750002 0.55336334375 0.19919915625 0.5528157234375 0.177330109375 0.61253125 0.1750625 0.6168191968750001 0.17153521875 0.6284216265625
5 0.3253908734375 0.9100329859375 0.32699801562499997 0.9170719249999999 0.3252609125 0.92119766875 0.33323685468750003 0.9475711812500001 0.329853175 0.957975446875 0.34556324374999997 0.9678955859375 0.354505953125 0.97321875 0.36369047656250003 0.9756383921875 0.3750500984375 0.9768482140625 0.3827842265625 0.9753963296875 0.39186631875 0.9540533234374999 0.39994618125 0.9518829359375 0.41610615156249997 0.9134122031249999 0.41866790624999994 0.909269096875 0.4241860125 0.905915178125 0.42852157812499997 0.90492881875 0.43841691406249994 0.9053891374999999 0.436111359375 0.9111592265624999 0.46077976249999997 0.9164675093750001 0.47714831406249997 0.9118514390625 0.504122271875 0.9190061999999999 0.4984255953125 0.9010133921874999 0.4998115078125 0.8989322921875 0.5005044640625 0.895290178125 0.5017170140625 0.890607390625 0.504142609375 0.8862715781249999 0.504138640625 0.8766899796875001 0.5028596234375 0.8716959328125 0.5010689484374999 0.8651654265625 0.5016001984375 0.8557504953124999 0.5026242562500001 0.8524702375000001 0.5044672625 0.8469350203125 0.504859375 0.8401830359375 0.498200396875 0.8392633921874999 0.49108209374999995 0.8353556546875 0.4867192453125 0.8300684531250001 0.47914186562500005 0.8245515875 0.4724828875 0.8231723703125 0.4649052578125 0.8238618546875 0.45803199375 0.8268906250000001 0.4541408734375 0.83022271875 0.4512986109375 0.8242844734375 0.4503100203125 0.8215627484375 0.4468814484375 0.820190971875 0.44651488125 0.8163985609375001 0.44883680625 0.812116815625 0.44895882968749995 0.810404265625 0.4478591265625 0.808813740625 0.449569940625 0.8084469249999999 0.4627619046875 0.777053075 0.4633249015625 0.7733325890625 0.46366269843749996 0.7709650296875 0.4627619046875 0.7665679562500001 0.45848214218749994 0.763185515625 0.44958506875 0.758112103125 0.43798511875 0.752023809375 0.4329171625 0.7501071421875001 0.42784920625 0.7490925093749999 0.42356944375000005 0.750219990625 0.4003814484375 0.7890639875 0.3955131453125 0.7901470734375 0.3908249015625 0.794840278125 0.3864975203125 0.7959233625000001 0.38293278750000004 0.7954432046875 0.3804077375 0.7991078875000001 0.3755314984375 0.805787946875 0.3253908734375 0.9100329859375
5 0.222042659375 0.8160592765624999 0.2269208828125 0.825826140625 0.2356763390625 0.8487408234375 0.2370942453125 0.8495312500000001 0.24104464218750002 0.8495312500000001 0.2448303578125 0.8495312500000001 0.250591021875 0.848707340625 0.256351934375 0.84392881875 0.2565166171875 0.8386560015625 0.2578333328125 0.837502728125 0.2596438484375 0.83486631875 0.258491815625 0.798615328125 0.263100446875 0.7943313484375001 0.260759425 0.7927631453124999 0.25127256875000004 0.7914439484375 0.2446845234375 0.7914439484375 0.2378328375 0.7885421625 0.22488318437500002 0.7868702875 0.20502951406249997 0.7903616078125 0.2130369546875 0.8001567453125 0.2170396828125 0.80654290625 0.222042659375 0.8160592765624999
5 0.5037748015625 0.863440971875 0.5050801093749999 0.869321925 0.5057328875 0.8742693453125 0.5079015375 0.8796135906250001 0.5081669140625 0.881872271875 0.5072380953125 0.8854595734374999 0.5061763390625 0.89143824375 0.5043182046875 0.8946269843750001 0.5040528281250001 0.9019342765625 0.509001984375 0.9176520343749999 0.577288690625 0.9430034718750001 0.598347965625 0.9011388890625 0.598944940625 0.873871528125 0.598189484375 0.8679727187499999 0.5972829859375001 0.8587460312499999 0.596122271875 0.8504372515625 0.5936438484375001 0.845337053125 0.5848546625 0.8353432546875 0.5815952375 0.831158234375 0.5770602671875 0.8270438984374999 0.572809028125 0.8239938 0.5708015875 0.8192889390625 0.5682013890625 0.8158782234374999 0.56622891875 0.813993303125 0.5625530750000001 0.8095954859375001 0.5572633921875 0.8059154265625 0.552242559375 0.8036716265624999 0.546039434375 0.8025438984375001 0.540022321875 0.802780009375 0.5341232640625 0.8039610609375 0.5278702875 0.8075044640625 0.5223251484375 0.8132919140625001 0.5195828375 0.8172591765625 0.5166361609375001 0.8207991078125 0.5142787703125 0.8276822921875 0.5144751984375 0.833582340625 0.5136894843750001 0.835548859375 0.5107428078125 0.8396788187500001 0.5076178078125 0.8452914187499999 0.5057579359375 0.8499040171875001 0.5041478171875 0.8561599703124999 0.5037748015625 0.863440971875
5 0.5596326890625 0.518623015625 0.558568453125 0.5202619046875 0.5583229171874999 0.523457340625 0.565607390625 0.5388616078124999 0.5669990078125 0.5405004953125 0.5690451390625 0.540582340625 0.573301090625 0.545990328125 0.580555059375 0.5453774796874999 0.5817509921874999 0.5456924609375 0.58389136875 0.5472048609375 0.5852132937500001 0.548654265625 0.585591021875 0.5502926593749999 0.5868499500000001 0.55470386875 0.5868187 0.557551090625 0.5859126984375 0.5581790671875 0.5827073406250001 0.5597137890624999 0.57943204375 0.561806546875 0.5898841765625 0.5727889390625001 0.614355159375 0.59793675625 0.6268861609374999 0.610591765625 0.643681546875 0.6253462296875 0.64570858125 0.6274677578125 0.6464456843749999 0.6311572421875 0.6452477671875 0.6337400796875 0.6415622515625 0.6359538687499999 0.6362182546875 0.6415803578125 0.628366815625 0.648658234375 0.6284342765625001 0.64945858125 0.629408234375 0.651950396875 0.6321138390625001 0.6552006453125 0.6304905749999999 0.6558506937499999 0.6284342765625001 0.656934028125 0.624646578125 0.6593174609375 0.6223740078125 0.6632177578125 0.6361763390624999 0.6942522328125 0.63884771875 0.693855903125 0.6451798109375 0.705345734375 0.647851190625 0.7057418156249999 0.668909721875 0.6980513390625 0.6819640375 0.69235243125 0.6848854171875 0.6880414187499999 0.6814848703124999 0.677959325 0.6815838296875001 0.67696800625 0.6815838296875001 0.675778521875 0.6822767859375001 0.6729037703125 0.6665865578125 0.6413549109375001 0.6540057046875 0.6437075890624999 0.6488903765625 0.6313896328124999 0.6785310015625 0.6150310015625 0.6775771328125 0.61271180625 0.6936574906249999 0.6075277781249999 0.6930582843749999 0.5919131937500001 0.6910213296875 0.5908936015624999 0.6847829859375001 0.5873251484375 0.67638045625 0.5792958828125 0.670103421875 0.5700146328125 0.6664216265625 0.5643439984375 0.66118204375 0.5518685515625 0.6599508921874999 0.543434771875 0.65945386875 0.53779613125 0.657134671875 0.5333182046875 0.6323603671875 0.537650296875 0.625015625 0.5407658734375 0.623397321875 0.5425106640624999 0.6089565968749999 0.5463740078125 0.6055954859375 0.5388965781249999 0.6137720734375 0.5302286703125 0.6004689984375 0.502191715625 0.5951478171875 0.50078993125 0.595427828125 0.49756547656250005 0.5929072421875 0.49336011874999997 0.5902467765625 0.49321974218750003 0.5824050093750001 0.4943412703125 0.576103421875 0.496163690625 0.5707822421875 0.4984067453125 0.5678415171875 0.499668403125 0.5629404765625 0.5020515875 0.559299603125 0.5058365578124999 0.5574791671875 0.5077991078124999 0.5567790171875 0.50976165625 0.5561130953125 0.5105932546874999 0.556931546875 0.513625 0.5596326890625 0.518623015625
5 0.6196703875 0.5417445437499999 0.6205935015625 0.541559771875 0.62299305625 0.5408206843750001 0.6243772328125 0.53961954375 0.626869046875 0.5379563484375 0.630376240625 0.536662946875 0.633237103125 0.5349999999999999 0.6376671625 0.53472271875 0.657509671875 0.53250545625 0.660647321875 0.5363859125 0.66073983125 0.535554315625 0.6600937499999999 0.533521578125 0.66166021875 0.5307026296874999 0.66317584375 0.52931175625 0.665701884375 0.52754141875 0.66936483125 0.5257713296875 0.6535766375 0.4966892359375 0.649913690625 0.4923901296875 0.6411986609375 0.48809102187500003 0.6343779765625001 0.48809102187500003 0.6280627484375 0.48922891875 0.6179583328125 0.49365451406250005 0.6102537203125 0.49921800625 0.6055803578125001 0.5070575390625 0.6150560515625 0.529271578125 0.6147790171875 0.533521578125 0.6196703875 0.5417445437499999
5 0.693869046875 0.6088826890625 0.6878095234375 0.6103549109374999 0.6817824906250001 0.6140029765625 0.6838849203125 0.627754215625 0.6857070937499999 0.631262153125 0.6833244046875 0.6350505953125001 0.683459821875 0.638355159375 0.6841684031249999 0.6398921125 0.6841684031249999 0.6414290671875 0.683341765625 0.642375 0.6818065468750001 0.6450942453125 0.6816884921875 0.6480498515625001 0.6797988593750001 0.6515967265625 0.676846478125 0.6546706343750001 0.682633184375 0.657980903125 0.684050346875 0.6610548109375001 0.6807435515625 0.6628283734375 0.6839322921875 0.6714588296875 0.683459821875 0.6742963796875 0.6831056546875 0.6752423109375 0.6832237109375 0.6760696921875 0.684050346875 0.6783162203125 0.684876984375 0.681153521875 0.6867666171875 0.68458209375 0.68712103125 0.6886019343750001 0.68653050625 0.6903752484375001 0.6844047625 0.69238516875 0.6799169140625 0.6954590781250001 0.679530009375 0.700616815625 0.6765515875 0.7021674109375 0.67345386875 0.702883184375 0.6694030265625 0.7035987109375 0.667139384375 0.7044335312500001 0.6647564484374999 0.7052686015625 0.6624928078125001 0.70622271875 0.6603482140625 0.708130953125 0.6587993546875001 0.7112321421875001 0.654839534375 0.7137492562500001 0.6536688984375 0.7141006937500001 0.6513276296875 0.7155071921875 0.6487522328125 0.71726488125 0.647464534375 0.7189055062499999 0.6468792156250001 0.72031175625 0.6479327875 0.7213665671875 0.6484010421875 0.7221870046875 0.6502155265625 0.7247651296875001 0.6522641375 0.7264057546875 0.6633640875 0.7367361109375 0.668847221875 0.7422542156249999 0.675315971875 0.747920634375 0.68259375 0.755071428125 0.6908234125 0.762747271875 0.691096478125 0.760823909375 0.691096478125 0.75835540625 0.691096478125 0.7558869046875001 0.6915074406249999 0.751566715625 0.692740328125 0.7497155265625 0.6956173109375 0.7470411703125001 0.6976721234375 0.7449838796875 0.699315971875 0.7418983140625001 0.7003435015624999 0.7392239578125 0.7042477671875 0.73798983125 0.71061805625 0.737783978125 0.7128782234375 0.7394298109374999 0.715138640625 0.742309771875 0.71883755 0.7478640875 0.7153442453125 0.7523896328124999 0.7134947921875 0.7546525296875 0.7093849203125 0.759383928125 0.7100014875 0.7602068453124999 0.715549603125 0.7657611609375 0.716371528125 0.7706981640625 0.7161661703125 0.7748125 0.7128782234375 0.77686954375 0.7089739578125 0.777898065625 0.7017819937499999 0.7789265875 0.7019873515625 0.7807780265625001 0.70301488125 0.7859208828125 0.7071247515625 0.79003521875 0.7128782234375 0.794149553125 0.7180156249999999 0.8017609125 0.723152778125 0.8048464781250001 0.730961309375 0.8084466765625 0.7340436515625 0.8062864578125 0.7383588796875 0.8007323906250001 0.7377646328125 0.7726654265625 0.7467400796875 0.7633474703124999 0.7382780265625 0.673069196875 0.737544146875 0.6703752484375001 0.73509771875 0.6682934031250001 0.7330411703124999 0.653941715625 0.7319114578125 0.65243353125 0.7292748015625 0.650548115625 0.7266383921874999 0.6499826390625 0.7247552078124999 0.64903993125 0.724190228125 0.6467777781249999 0.7234370046875 0.6435729171875 0.7228720234375 0.6413105156250001 0.7206123515625 0.6392368546875 0.719670634375 0.6381056546874999 0.7187291671875 0.6337695937500001 0.7164692453125 0.62943353125 0.715527778125 0.6250974703125001 0.7157160218749999 0.621515625 0.7151510421875 0.615294146875 0.72230704375 0.6132204859375 0.7221188 0.6085074406250001 0.7202356156249999 0.6034171625 0.7164692453125 0.598515625 0.7127028765625 0.5949337796874999 0.7104432046875 0.5934255953124999 0.703662946875 0.59427505 0.6948591265624999 0.593518353125 0.696179315625 0.60723040625 0.693869046875 0.6088826890625