3 0.8249221234374999 0.29351140937500003 0.8177373515624999 0.30657440468749997 0.8340659718750001 0.33857837343749997 0.832106646875 0.345762896875 0.8112061015625001 0.37254191406250003 0.8040213296875001 0.3738482140625 0.79748983125 0.3849516375 0.999751984375 0.7513660718749999 0.999751984375 0.3647041171875 0.9503258921875 0.3006959328125 0.8249221234374999 0.29351140937500003
3 0.1409345234375 0.6872006453124999 0.14964682499999998 0.6989878468749999 0.1660466265625 0.7102626484375001 0.3033936015625 0.8040481156249999 0.33619295625 0.8101981640625 0.356180059375 0.8040481156249999 0.3756545140625 0.7922609125 0.3848794640625 0.778936259375 0.392054315625 0.7702239578125 0.4166537703125 0.734349703125 0.391029265625 0.7153876484375 0.3730922625 0.7461369046875 0.3607924109375 0.7635615078125 0.3423427578125 0.7804737109375 0.315693453125 0.7738112593750001 0.1819337796875 0.6872006453124999 0.16553397812499998 0.6687509921875 0.167071428125 0.6492765375 0.17885863125 0.6359516375 0.2152455359375 0.60673983125 0.18654613125 0.593415178125 0.14964682499999998 0.629289434375 0.13939707343750002 0.6492765375 0.136322171875 0.6697760421875001 0.1409345234375 0.6872006453124999
2 0.3729875984375 0.5876713796875 0.36812103125 0.5960141375 0.363949653125 0.60818055625 0.3611686515625 0.616870784375 0.3590830859375 0.6238229171875 0.358040178125 0.6537175093750001 0.4765758921875 0.721154265625 0.6674146828125 0.76669146875 0.6900094250000001 0.7614771828125 0.7049568453124999 0.7496584828125 0.7223373015625 0.7187209828125 0.730680059375 0.6874360125 0.731722965625 0.6676220234375 0.7292896828125001 0.6457224703125 0.7268563984374999 0.6238229171875 0.7112137890625 0.5894094734374999 0.705652034375 0.580023809375 0.688966765625 0.5664670140625 0.6750622515625 0.562643353125 0.572169146875 0.5643814484375 0.42651959375 0.5619481640624999 0.405662946875 0.5633385421875 0.38828249062500003 0.5706383921875 0.3764635421875 0.5821096234375001 0.3729875984375 0.5876713796875
3 0.21825272812500002 0.5447294140625 0.233066715625 0.5463754953125 0.3459821421875 0.4591376484375 0.3594794140625 0.468355159375 0.3746225203125 0.46210044687499996 0.5007061015625001 0.353464534375 0.5500858140625 0.299146578125 0.56325396875 0.30704737031249996 0.596173859375 0.2826865078125 0.6004533734375 0.2662266859375 0.5800431546875 0.2481205359375 0.5701671625 0.250754215625 0.3611252484375 0.390993303125 0.326888640625 0.41601240156249997 0.32293824375 0.429509671875 0.3265595234375 0.434118303125 0.33117485156250004 0.4354352671875 0.21496081406249998 0.51872271875 0.20738913750000001 0.5279402281250001 0.21101041718750002 0.538474703125 0.21825272812500002 0.5447294140625
3 0.3232177578125 0.431957340625 0.3232177578125 0.41702430625 0.47553521875 0.31282465312499996 0.5097152781250001 0.2869407234375 0.5346036703125 0.27731721249999997 0.57044295625 0.25110143906250004 0.5717703375000001 0.2428053078125 0.5498685515624999 0.23284995 0.541240575 0.23616840312499998 0.5309533734375 0.25441989062500003 0.524980159375 0.24678745000000002 0.5020828374999999 0.2428053078125 0.5004236109375 0.26404340312499996 0.4947822421875 0.2686892359375 0.4871498015625 0.2587338796875 0.47321230156249994 0.2574064984375 0.2346150796875 0.4847209828125 0.2322921625 0.49202157812499997 0.23063293593749998 0.5052953875 0.2332876984375 0.5042998515625 0.2369379953125 0.5023087796875 0.3225540671875 0.4412490078125 0.3232177578125 0.431957340625
3 0.342796875 0.5783015875 0.36071651718750003 0.57962896875 0.374322171875 0.5676822921875 0.394896578125 0.5567313984375 0.420116815625 0.5593861609374999 0.42774925625 0.555072171875 0.6072780265625 0.3596150796875 0.6271887406250001 0.33605406718749997 0.624533978125 0.32045734062500003 0.6046232640625 0.310169890625 0.59300868125 0.3098380453125 0.3142579359375 0.5809563484375 0.33582812500000003 0.5842748015625 0.3368236609375 0.5836111109375001 0.342796875 0.5783015875
3 0.57741170625 0.3181341765625 0.5601557546875 0.3041966765625 0.5505322421875001 0.3035329859375 0.4274174109375 0.42930257968749996 0.427085565625 0.44489930624999996 0.44765997031250004 0.45186830312500004 0.57741170625 0.3181341765625
3 0.5467048609375 0.558294890625 0.5566607140625 0.5621907234375 0.59258829375 0.5007242062499999 0.5869610609375 0.4842755453125 0.5986483140625001 0.4777827375 0.60557415625 0.48124553593749997 0.6843549109375 0.3513869046875 0.7021024312499999 0.33580381875 0.7233125 0.2890548109375 0.7085952375 0.27044171562499997 0.6943107640624999 0.272605903125 0.6882507437500001 0.27693452343749997 0.52462896875 0.5223673109375 0.5215989578125 0.5344875984375 0.5315545640625 0.5522348703125 0.5467048609375 0.558294890625
3 0.5566607140625 0.565220734375 0.6363072921875 0.5617579359375 0.7038338296875 0.42713764843749996 0.6917137890625 0.41718204375 0.6964751984374999 0.4037631453125 0.7137896828125 0.3959717265625 0.7233125 0.3864486609375 0.7362983625 0.3609099703125 0.7267755453125 0.35008829375 0.7124910718749999 0.34489384843750004 0.693012153125 0.3466254953125 0.5566607140625 0.565220734375
3 0.6047083328125 0.386881696875 0.6384717265625001 0.33450520781250004 0.64756175625 0.320220734375 0.6570848218750001 0.3141607140625 0.6614134421875 0.30333928593750004 0.6557862109375 0.2938162203125 0.630680059375 0.2907862109375 0.6254858624999999 0.277367559375 0.60514136875 0.2691431046875 0.6003797125 0.2933834328125 0.6012455359375 0.2933834328125 0.5834982640625 0.3011748515625 0.6012455359375 0.305503471875 0.6176941968749999 0.31026488125 0.6254858624999999 0.324982390625 0.6263514390625 0.33796825468749997 0.5718107640625 0.4067931546875 0.5666165671875001 0.40289756875 0.520733134375 0.46566245000000006 0.45234102187499997 0.5608921125 0.4817755453125 0.5634893359375 0.6047083328125 0.386881696875
3 0.3909310515625 0.45105877968749997 0.364438740625 0.469399553125 0.3464375 0.462606646875 0.23469444374999998 0.5546505453125 0.30126488125 0.575029265625 0.3960255453125 0.469399553125 0.4021391375 0.45547420625 0.40146006874999995 0.4432470234375 0.3909310515625 0.45105877968749997
3 0.277829365625 0.6062765375 0.291075396875 0.5804635421875 0.23299627968749997 0.56585863125 0.22824131875 0.5645002484375 0.2241654265625 0.5689154265624999 0.277829365625 0.6062765375
3 0.33422420625 0.59153050625 0.31258209375 0.586398809375 0.2929481640625 0.6046941968749999 0.291609375 0.6107182546875001 0.3380171125 0.6412849703125 0.3360091765625 0.62812103125 0.3424794140625 0.608040921875 0.3391326890625 0.6082641375 0.331769840625 0.6044709828125 0.33422420625 0.59153050625
2 0.34270238124999997 0.6303521828124999 0.34404117031250003 0.61584995 0.345826140625 0.6104952875 0.3444873515625 0.608040921875 0.3398020828125 0.624328125 0.33957886875 0.6426235124999999 0.34404117031250003 0.6446314484375 0.34270238124999997 0.6303521828124999