1 0.6827876984375 0.484126984375 0.6897321421875 0.49280753906249997 0.6944444437499999 0.49627976250000005 0.6986607140625 0.4947916671875 0.7110615078125 0.493303571875 0.7242063484375 0.49553571406249997 0.73759920625 0.5014880953125 0.7408234125 0.5039682546875001 0.7415674609375 0.505704365625 0.750248015625 0.509424603125 0.7566964281249999 0.503472221875 0.759920634375 0.49652777812500004 0.762152778125 0.4947916671875 0.7641369046875 0.4858630953125 0.7678571421875 0.475446428125 0.771825396875 0.4585813484375 0.775545634375 0.43055555625 0.7738095234375 0.418898809375 0.7678571421875 0.40848214218749995 0.762648809375 0.403769840625 0.7579365078125 0.40029761875 0.75049603125 0.3970734125 0.7328869046875 0.3921130953125 0.718998015625 0.39112103125000003 0.7068452375 0.3921130953125 0.6912202375 0.3990575390625 0.6865079359374999 0.403521825 0.6830357140625 0.40972222187499996 0.6800595234375 0.4114583328125 0.674355159375 0.4322916671875 0.674355159375 0.44320436562500004 0.6765873015625 0.4548611109375 0.6785714281249999 0.47470238125 0.6827876984375 0.484126984375
1 0.6741071421875 0.5572916671875 0.677579365625 0.56200396875 0.6790674609375 0.56845238125 0.678075396875 0.57217261875 0.6783234125 0.577380953125 0.674851190625 0.587549603125 0.674851190625 0.5927579359374999 0.6763392859375 0.5959821421875 0.690972221875 0.6004464281249999 0.6979166671875 0.6014384921875 0.700644840625 0.6004464281249999 0.7080853171875 0.5927579359374999 0.7123015875 0.591269840625 0.7147817453124999 0.5887896828125 0.7175099203124999 0.581597221875 0.7271825390625 0.5637400796875001 0.7296626984375 0.5607638890625 0.731398809375 0.5553075390625 0.73387896875 0.5520833328125 0.7363591265625 0.5394345234375 0.7423115078125 0.521329365625 0.7430555562500001 0.512896825 0.7415674609375 0.5076884921875 0.734375 0.500744046875 0.7150297625 0.493799603125 0.700644840625 0.4952876984375 0.6949404765625 0.49776785781250005 0.690972221875 0.5012400796875001 0.6820436515625 0.53075396875 0.6783234125 0.5381944437499999 0.671875 0.5448908734375 0.6741071421875 0.5572916671875
1 0.565476190625 0.525545634375 0.5694444437499999 0.52802579375 0.5716765875 0.52802579375 0.590277778125 0.5230654765625 0.5920138890625 0.5210813484375 0.593005953125 0.5173611109375 0.59970238125 0.50967261875 0.6021825390625 0.502976190625 0.6009424609375 0.493799603125 0.5952380953125 0.4828869046875 0.588045634375 0.4769345234375 0.5801091265625 0.4739583328125 0.574652778125 0.4739583328125 0.5716765875 0.47594246093750003 0.568700396875 0.4761904765625 0.559523809375 0.4796626984375 0.5540674609375 0.4826388890625 0.5513392859375 0.48635912656249997 0.5515873015625 0.49007936562500004 0.5610119046875 0.5114087296875 0.565476190625 0.525545634375
1 0.242165921875 0.7099990078125 0.24848065468749997 0.7249303078125 0.2576654265625 0.737564484375 0.269146578125 0.750773065625 0.28005381875 0.7628328375 0.2946922125 0.7771899796875 0.31650644843750003 0.7840813484375 0.3822358625 0.7200488593750001 0.3830969734375 0.7031299609375 0.404337053125 0.6775744046875001 0.40634622968749995 0.6643658234375 0.4077814984375 0.64656324375 0.4006056546875 0.6293345734375 0.3816619546875 0.6112447921874999 0.37706944375 0.599184771875 0.3414779265625 0.5710451390625 0.33229290625 0.5638665671875 0.318228421875 0.56013368125 0.3035900296875 0.563579365625 0.2909608140625 0.5710451390625 0.27833159687500003 0.5833921125 0.26742435468750003 0.597462053125 0.261396825 0.6106703875 0.256804315625 0.6233048109375 0.25623040625 0.638523065625 0.2642671125 0.649147321875 0.284072171875 0.65776165625 0.24360119062500002 0.6904732140625 0.24015674531250003 0.6985133921875 0.242165921875 0.7099990078125
1 0.779044146875 0.7634362593749999 0.7853033234375 0.7503432546875 0.7901401296875 0.7244424609375 0.790709078125 0.7139112109375 0.795261409375 0.7011029265625 0.797821925 0.6914255953125 0.8074955359375 0.6083482140625 0.8049350203125 0.6063556546875 0.8074955359375 0.5961091265625 0.7995290171875 0.585293403125 0.78928670625 0.5778931046875 0.771362103125 0.5702080859375 0.7557137890625001 0.5670773812500001 0.74205704375 0.567646578125 0.7286850203124999 0.5707775296875 0.7192958828125 0.5770391859374999 0.7175887890625 0.587001240625 0.712751984375 0.59354761875 0.7079154265625001 0.593262896875 0.6973883921875 0.602086309375 0.6683678078125 0.5944015375 0.67178199375 0.6000939984375 0.685438740625 0.60661805625 0.698241815625 0.618287946875 0.7093380453125 0.6313807046875 0.720149553125 0.6484583328125 0.7284002968750001 0.6655357140625 0.733521578125 0.6900136406249999 0.7329526296875 0.71079141875 0.7278313484375001 0.730715278125 0.7210029765625 0.75149305625 0.71633755 0.7627998515625001 0.7286850203124999 0.7694134421875 0.746609375 0.772544146875 0.76737896875 0.7714057546875 0.779044146875 0.7634362593749999
1 0.5300151296875 0.7702438 0.5380121531250001 0.770472221875 0.5446381453125 0.7782438 0.5524067453125 0.7837296625 0.5599466765625001 0.7919583328125 0.609299603125 0.79607266875 0.6639077375 0.799044146875 0.6826436015625 0.7919583328125 0.6993229171875 0.779615328125 0.7093764874999999 0.7697864578125 0.7192013890625 0.7558435015625 0.72377108125 0.7371001984375 0.7303970734375 0.7153856640625 0.7324533734374999 0.6939084828125 0.7303970734375 0.679508184375 0.7255989578125 0.661679315625 0.7182874499999999 0.6470684531249999 0.7082338796875 0.62946800625 0.690869046875 0.61118204375 0.677616815625 0.6031817953124999 0.6592938984375001 0.5925327375 0.6403908734375 0.586414434375 0.6200977187500001 0.587527034375 0.602584325 0.5883611109375 0.581179315625 0.5972604171875 0.56950396875 0.6067155265624999 0.546430803125 0.6222889390625 0.535311259375 0.6331346718749999 0.527527778125 0.6236795640625 0.517798115625 0.6175612593750001 0.4313439984375 0.6081061515624999 0.42717410781250004 0.6089404765624999 0.421336309375 0.6245138890625 0.4163325890625 0.6431463296875 0.4124407234375 0.6651158234375 0.40827083281250004 0.6942943953125 0.40660292656249997 0.719879215625 0.4049350203125 0.741292659375 0.40298908750000006 0.7596470734375 0.40410119062499994 0.7713271328125 0.404768353125 0.7866654265624999 0.5176768359375 0.7921870046875 0.5181339281249999 0.7830438984375 0.5300151296875 0.7702438
1 0.3781254953125 0.5992125500000001 0.3829506453125 0.6108541671875 0.3906143359375 0.617101190625 0.4002646328125 0.6287428078125 0.40821205312500003 0.636693453125 0.4153080359375 0.6395329859375 0.42126860156249996 0.6216443453125 0.4280806046875 0.607446925 0.449652034375 0.6100024796875 0.503296875 0.614545634375 0.52515228125 0.6000642359375 0.56034771875 0.54327505 0.56460540625 0.5177197421875 0.5501297125 0.48563392812500006 0.5384925593750001 0.4739920640625 0.5288204359375 0.4638782234375 0.5171557546875001 0.456472965625 0.5001076390625 0.44794543593749997 0.4817135421875 0.44345734062500003 0.46376785781249996 0.4416619546875 0.45187896875 0.441886409375 0.43931721250000005 0.44480381874999997 0.4332604171875 0.4465989578125 0.4287740578125 0.44390600156250004 0.41688516875000003 0.440764384375 0.394902034375 0.440764384375 0.3798725203125 0.444579365625 0.366862103125 0.45131150781249996 0.3540649796875 0.4587170140625 0.3415032234375 0.46746875 0.331857390625 0.47891369062500005 0.325127728125 0.487440971875 0.32019270781250003 0.4977638890625 0.318173859375 0.510555059375 0.3202232140625 0.5194233625 0.3497420640625 0.5722375984375 0.36166319375 0.5850151296874999 0.36904290624999997 0.5921138390625 0.3781254953125 0.5992125500000001
1 0.34531646875 0.40085491093750003 0.34957862031250003 0.4035478671875 0.3480084328125 0.40713839218750003 0.33948412656250004 0.40893353125000004 0.3183983140625 0.45447941406250003 0.33454910781249997 0.47422718281250004 0.34554092187499996 0.4639045140625 0.35810267812499996 0.45447941406250003 0.367075396875 0.44999131875 0.373805059375 0.445951884375 0.3693187 0.41790104218749996 0.3744779265625 0.4048854171875 0.3832264390625 0.4008462296875 0.38053472187500004 0.39344072343750003 0.37963740156250003 0.37818105156250004 0.379412946875 0.37279538749999996 0.3852452875 0.355309028125 0.390853421875 0.3517185015625 0.3892829859375 0.3490255453125 0.380758928125 0.347679315625 0.36595386875 0.34856795625000003 0.34957862031250003 0.37504811562499996 0.34890575468749996 0.3878392859375 0.3450922625 0.3900833328125 0.34531646875 0.40085491093750003
1 0.5510171125000001 0.3988353171875 0.5543819437499999 0.38290228125 0.5521388890625001 0.3649499015625 0.5503442453125 0.350587796875 0.5489982640625 0.34565079375 0.5445119046875 0.336243303125 0.5362120531250001 0.3319794140625 0.478337796875 0.327266865625 0.469813740625 0.3313063 0.4660002484375 0.338262896875 0.45186805625000004 0.3387115578125 0.43751165625 0.337589534375 0.41934176562500003 0.3360188484375 0.41328521875 0.33736532812500003 0.401844990625 0.3427509921875 0.3948911203125 0.349483134375 0.38748859062499996 0.3566641859375 0.3821049109375 0.36698685468750003 0.38188045625 0.367211309375 0.3803102671875 0.37955381875 0.38232911718749996 0.39840401718749996 0.3744779265625 0.407587053125 0.37111334375 0.4194806546875 0.3744779265625 0.4434923109375 0.3760483625 0.44640947343750004 0.3955639875 0.44035044687499997 0.41440674531250005 0.4394528765625 0.42786607187500003 0.4434923109375 0.4354928078125 0.4470828375 0.4502978671875 0.4407993546875 0.4635327375 0.43967733124999997 0.479459325 0.4412482640625 0.4935915171875 0.44506299531250004 0.4978536703125 0.44640947343750004 0.5038209328125001 0.44761855156249997 0.5406984125000001 0.4468583828125 0.5411470734375 0.42464211250000006 0.545184771875 0.40803596249999996 0.5510171125000001 0.3988353171875
1 0.6564513890625 0.47054712343749994 0.66192261875 0.459339534375 0.6744285718749999 0.44005208281249997 0.6744285718749999 0.42468427656249996 0.677555059375 0.4129553578125 0.677555059375 0.40461483125 0.6772946421875 0.402269096875 0.6778157234375 0.3923849203125 0.675991815625 0.38274131875 0.6710416671874999 0.37049107187499997 0.6666123515625 0.3561557546875 0.6655701890625 0.353288690625 0.667915178125 0.34677256875 0.6723442453125 0.3402564484375 0.6744285718749999 0.335304315625 0.65071949375 0.2733018359375 0.6444665171875 0.2709561015625 0.6327423109375 0.271216765625 0.61372271875 0.27981795625 0.5936612109375 0.2878978171875 0.5772470234375 0.2933712796875 0.5621356640624999 0.2998874015625 0.5537986109374999 0.308488590625 0.54103199375 0.31526537656250003 0.53790550625 0.3246483140625 0.5444191468749999 0.336637896875 0.5491088796875 0.344447171875 0.5551011906250001 0.354612103125 0.5564037703125 0.36477728125 0.563177828125 0.37494221250000004 0.565262153125 0.38119766875 0.5650017359375 0.3858891375 0.5522353671875 0.3963048109375 0.5462428078125 0.40542733125 0.542855903125 0.414028521875 0.53998983125 0.42704017812500006 0.541292659375 0.44059375 0.54207415625 0.448412946875 0.544940228125 0.4554501484375 0.548066715625 0.463008928125 0.551974703125 0.46874305625 0.556664434375 0.474737846875 0.5608330859375 0.47708358124999994 0.57281795625 0.47187078437499996 0.5795920140625 0.4710887890625 0.588450396875 0.4765622515625 0.597569196875 0.48307837343750004 0.5999141859375 0.4862061015625 0.6009563484375 0.4885518359375 0.60293675625 0.496134671875 0.6173702875 0.49895734062499997 0.6358688 0.4924412203125 0.64915625 0.48227604218750003 0.6564513890625 0.47054712343749994
1 0.666311259375 0.3510205859375 0.6703092765625 0.363399553125 0.6748782234374999 0.376159721875 0.6889657734375 0.3784451890625 0.7064804062500001 0.3748266375 0.713905009375 0.37063665625 0.7194258437500001 0.3635900296875 0.7217103171875 0.35501984062499997 0.7249466765625 0.34549752031250003 0.7234236109375 0.3352353671875 0.72532738125 0.32038045625 0.7182834828125 0.2855282734375 0.7156183031250001 0.283433284375 0.7108588796875 0.282862103125 0.706670634375 0.2769580859375 0.6937251984375 0.2725778765625 0.6830642359375 0.27429191406250003 0.671070684375 0.276005953125 0.66593055625 0.2805766375 0.6602192453125 0.286099703125 0.6575540671875 0.287813740625 0.6748782234374999 0.3342609125 0.6706899796875 0.33921255 0.666311259375 0.3510205859375
1 0.6192889390625 0.272196925 0.6114836312499999 0.271054315625 0.597586309375 0.26876884843750004 0.584450396875 0.271054315625 0.576073909375 0.276196428125 0.5734087296875 0.282290675 0.5718856640625 0.2927653765625 0.5732182546875 0.294669890625 0.6240483625000001 0.2741014390625 0.6192889390625 0.272196925
1 0.5354737109375 0.3189424609375 0.5285359625 0.30926760937500003 0.5266438484375 0.30169618125 0.521808284375 0.2930729171875 0.5087733140624999 0.2661515375 0.4751349203125 0.266782490625 0.45537227187499996 0.2924419640625 0.4625205859375 0.3101088796875 0.46756622031250006 0.31704960312499997 0.47156076406249997 0.3231490578125 0.48291369062499995 0.327986359375 0.5409399796875001 0.33324454375 0.537366071875 0.3246212796875 0.5354737109375 0.3189424609375
1 0.45313392812500003 0.3380213296875 0.4632232140625 0.337806546875 0.4640818453125 0.3345853171875 0.46236458281250004 0.3298608625 0.4600032234375 0.32320386874999996 0.45571006875000003 0.3176205359375 0.45077281718749995 0.3079568453125 0.44969940468749997 0.306883184375 0.443903521875 0.307097965625 0.4396103671875 0.3036619546875 0.4353169640625 0.30452083281250003 0.43231175625 0.3040912703125 0.4263013390625 0.3073125 0.422652034375 0.3098896328125 0.420719990625 0.317190971875 0.4215786203125 0.320626984375 0.4192172625 0.32470709375 0.418144096875 0.333296875 0.4220079359375 0.33308209375 0.43188244062500003 0.3337264390625 0.45313392812500003 0.3380213296875
1 0.5838385421875001 0.5251106156249999 0.5739751984375 0.5265200890624999 0.5666483140625 0.519472221875 0.5646755953125 0.5282115578125001 0.56242113125 0.53751488125 0.55678521875 0.548509671875 0.5260682046875 0.600382440625 0.5153596234375 0.6065845734375 0.5240954859375 0.6187068453125 0.53311334375 0.6288559031250001 0.5398767359375001 0.6263187 0.556221478125 0.6164516375 0.5694662703125 0.6040473703125 0.5832748015625 0.596717509375 0.5968015875 0.5905153765625 0.6125828375 0.5879779265625 0.63118204375 0.5860047125000001 0.6458358140625 0.5882599203125001 0.66358978125 0.5953077875 0.672889384375 0.5882599203125001 0.675707340625 0.57980233125 0.676552828125 0.5747279265625 0.6759890875 0.5724724703125 0.674580109375 0.5597862109375 0.6720438984375 0.551046875 0.6630260421874999 0.540334078125 0.6568263890625 0.5307490078125 0.6461178078125001 0.5214456843749999 0.6241369046874999 0.5166530265625 0.6190642359375 0.5177807546875 0.6055376984375 0.5290572921875001 0.6007467765625 0.5256743546875 0.593419890625 0.5242648812499999 0.5889109625 0.5248286203125 0.5852475203124999 0.5245466265625 0.5838385421875001 0.5251106156249999