3 0.32049925625000003 0.54353125 0.147915675 0.997548115625 0.42075545625000005 0.99468353125 0.4465357140625 0.786294146875 0.44581944375000004 0.7590818453125 0.4393745046875 0.7347338796875 0.32049925625000003 0.54353125
3 0.5381984125 0.43181721250000005 0.5224437 0.4289528765625 0.51456646875 0.454016865625 0.43507787656249997 0.9982641375 0.56899131875 0.9996964281249999 0.581165178125 0.43754613124999997 0.5381984125 0.43181721250000005
3 0.874751984375 0.99898040625 0.8719079859375001 0.799900296875 0.702188740625 0.306497271875 0.6176870046875 0.289310515625 0.5775845734375 0.39601165625 0.57400396875 0.43754613124999997 0.5818814484375 0.43683010937500005 0.5632624015625 0.999751984375 0.874751984375 0.99898040625
3 0.7945674609375 0.4525845734375 0.752316715625 0.447571925 0.8740563 0.8099260906250001 0.874751984375 0.63161334375 0.7945674609375 0.4525845734375
3 0.49710863125 0.129451884375 0.47404836250000004 0.1268313484375 0.46880753906250006 0.14569890937500002 0.3687048609375 0.49631969218750005 0.371325396875 0.52357266875 0.38023511875 0.5298618546875 0.4399821421875 0.5387713296875 0.445747271875 0.52724131875 0.5065424109375 0.1352170140625 0.49710863125 0.129451884375
3 0.5492239578125 0.24855084375 0.551141865625 0.23397519843749998 0.5599637890625 0.1526592265625 0.551908978125 0.0828501984375 0.5212237109375 0.21518055625 0.5104838796875 0.2704141859375 0.5407857140625 0.2773182046875 0.5492239578125 0.24855084375
3 0.5875806046875 0.2585235609375 0.5848955859375 0.190632440625 0.563799603125 0.1867966265625 0.5599637890625 0.1683854171875 0.5496076390625 0.2566056546875 0.5453883921875 0.2784689984375 0.5779915671875 0.2838387890625 0.5875806046875 0.2585235609375
3 0.5749228671875 0.0751790671875 0.58988194375 0.1430701890625 0.5894985125 0.063671875 0.5760736609375 0.0594526296875 0.5749228671875 0.0751790671875
3 0.59064930625 0.15994692500000002 0.5680188484375 0.052164931250000005 0.5545939984375 0.049863590624999996 0.5515255453125001 0.07364459375 0.564566715625 0.18564608124999998 0.584512153125 0.191399553125 0.59141641875 0.16531696406250002 0.59064930625 0.15994692500000002
3 0.5054975203125001 0.13156324375 0.5016619546875 0.1637827375 0.5139360125 0.168769096875 0.5476897328125 0.0333702875 0.5258266375 0.0260825890625 0.48593576406250005 0.1150696921875 0.48363417656249996 0.1219739578125 0.4828670640625 0.125809771875 0.4947576890625 0.12926165625 0.5054975203125001 0.13156324375
3 0.7043301093750001 0.2202056046875 0.6368063 0.0107522328125 0.607990328125 0.0012901781249999998 0.59508755 0.0352673609375 0.5972380953124999 0.0524709828125 0.6023990578125 0.053331101562500004 0.6127467765625 0.2845540671875 0.6629126984375 0.295936259375 0.670783234375 0.296331596875 0.700029265625 0.23396850156250001 0.7043301093750001 0.2202056046875
3 0.7193834328125 0.3462219734375 0.7813162203124999 0.2666552578125 0.779165675 0.2485915171875 0.7344365078124999 0.23353844218750003 0.6484186515625 0.039568204687500004 0.6583107640625 0.0206443453125 0.63938665625 0.015483134374999999 0.7060505953125 0.22493675624999998 0.6712132937499999 0.2976217765625 0.6742239578125 0.3010625 0.70390005 0.3036431046875 0.7193834328125 0.3462219734375
3 0.77239930625 0.244388640625 0.794071428125 0.21764409687500003 0.7949935515625 0.20657762968750001 0.6783325890625 0.027205604687500003 0.6585049609375 0.0198278765625 0.6515882937499999 0.037811012500000005 0.650665921875 0.04565005 0.733665921875 0.2287108140625 0.77239930625 0.244388640625
3 0.5902606640625 0.14709424531249998 0.5939494046875 0.17245535781250002 0.5865716765625 0.1955109125 0.5874938000000001 0.25868303593749997 0.5796550093749999 0.2886552578125 0.5791939484374999 0.3790329859375 0.6123938484375 0.295571925 0.6036326890625 0.050722221874999994 0.5907217265625 0.065938740625 0.5902606640625 0.14709424531249998