3 0.628457340625 0.999751984375 0.2280151296875 0.49183928593750004 0.226466021875 0.4980357140625 0.22569146875 0.512751984375 0.227240575 0.5321158234375 0.227240575 0.54993055625 0.22181869999999998 0.5840106640625 0.193160465625 0.6428764874999999 0.2187204859375 0.687800346875 0.2187204859375 0.69786954375 0.1265491078125 0.7699025296875 0.125 0.8690448906249999 0.1939350203125 0.9983948406250001 0.628457340625 0.999751984375
3 0.1273236609375 0.8791140875 0.12577455312500002 0.9983948406250001 0.1978077875 0.999751984375 0.1273236609375 0.8791140875
3 0.216396825 0.691673115625 0.197033234375 0.6544947921875 0.1993568953125 0.6266108625 0.2125240578125 0.5832361109375 0.125 0.53908680625 0.125 0.768353421875 0.16760019843750001 0.7342733140625 0.216396825 0.691673115625
3 0.22569146875 0.5359885906249999 0.2233678078125 0.507330109375 0.226466021875 0.489515625 0.36046329374999997 0.6560438984375 0.602897321875 0.784619046875 0.874751984375 0.9232633921875 0.874751984375 0.7048249015625 0.125 0.344674603125 0.1265491078125 0.5359885906249999 0.21484771875000003 0.5863343249999999 0.22569146875 0.5359885906249999
3 0.5866316968749999 0.9356562500000001 0.670283234375 0.8210228171875 0.372855903125 0.6622400796875 0.390670634375 0.6901240078125 0.5781116078124999 0.941078125 0.5866316968749999 0.9356562500000001
3 0.6696428578125 0.935019840625 0.6733630953125 0.937251984375 0.6758432546875001 0.94072420625 0.6857638890625 0.949652778125 0.6954365078125 0.953869046875 0.70634920625 0.9541170640625 0.7120535718750001 0.9518849203125 0.7177579359374999 0.9464285718750001 0.7224702375 0.94345238125 0.721230159375 0.9238591265625 0.718005953125 0.9146825390625001 0.7123015875 0.90575396875 0.706597221875 0.90029761875 0.6986607140625 0.8950892859374999 0.6961805562500001 0.8921130953124999 0.6951884921875 0.8888888890625 0.697420634375 0.8839285718750001 0.6986607140625 0.8772321421875 0.6981646828125 0.872023809375 0.6989087296875 0.8685515875 0.6976686515625 0.8665674609374999 0.6946924609375 0.8658234125 0.693204365625 0.86904761875 0.6917162703125 0.8759920640625 0.6912202375 0.8883928578125 0.6897321421875 0.891369046875 0.6800595234375 0.894097221875 0.6763392859375 0.8960813484375001 0.6708829359374999 0.9025297625 0.6679067453124999 0.9104662703124999 0.6674107140625 0.91865079375 0.669394840625 0.9273313484375001 0.6679067453124999 0.931795634375 0.6696428578125 0.935019840625
3 0.1272321421875 0.266369046875 0.12673611093749998 0.296130953125 0.1264880953125 0.2981150796875 0.125 0.2988591265625 0.12673611093749998 0.3023313484375 0.1269841265625 0.3179563484375 0.1314484125 0.3261408734375 0.13616071406250002 0.3266369046875 0.1470734125 0.3335813484375 0.1498015875 0.33705357187499996 0.15277777812499999 0.33779761875 0.15649801562500001 0.3415178578125 0.1666666671875 0.34424603125000003 0.1703869046875 0.34325396874999997 0.17237103125 0.3454861109375 0.1731150796875 0.349950396875 0.1760912703125 0.349950396875 0.200148809375 0.3630952375 0.2016369046875 0.365079365625 0.2041170640625 0.365079365625 0.20833333281250002 0.3675595234375 0.2099454359375 0.3675595234375 0.2199900796875 0.374255953125 0.22594246093749998 0.37599206406249996 0.2289186515625 0.37450396874999997 0.2306547625 0.375 0.2333829359375 0.3767361109375 0.234623015625 0.380704365625 0.259424603125 0.3893849203125 0.26116071406249997 0.393353175 0.2641369046875 0.393105159375 0.26463293593750004 0.396329365625 0.2671130953125 0.3998015875 0.2891865078125 0.41195436562500004 0.3008432546875 0.415178571875 0.3033234125 0.41964285781250005 0.312748015625 0.422123015625 0.3164682546875 0.42757936562500004 0.32366071406249997 0.4298115078125 0.3296130953125 0.43551587343750003 0.3345734125 0.4362599203125 0.337549603125 0.43824404687499996 0.34027777812500004 0.4387400796875 0.343005953125 0.44320436562500004 0.374751984375 0.45882936562500004 0.37946428593750003 0.46006944375 0.389880953125 0.46651785781250005 0.430803571875 0.48809523749999995 0.43179563437499996 0.49007936562500004 0.43377976250000005 0.4908234125 0.440476190625 0.49032738125 0.4422123015625 0.49429563437499996 0.44890872968749995 0.49553571406249997 0.450148809375 0.49801587343750003 0.5012400796875001 0.5233134921875 0.6800595234375 0.6078869046875 0.6914682546875001 0.6073908734375 0.6976686515625 0.6083829359374999 0.6984126984375 0.6073908734375 0.731894840625 0.62549603125 0.7326388890625 0.627976190625 0.733630953125 0.6240079359374999 0.736855159375 0.6230158734375 0.7390873015625 0.6230158734375 0.7445436515625 0.6269841265625 0.747271825 0.6267361109375 0.7490079359374999 0.6292162703125 0.7517361109375 0.630704365625 0.752976190625 0.6351686515625 0.75049603125 0.637896825 0.747023809375 0.6361607140625 0.7462797625 0.637648809375 0.747023809375 0.6393849203124999 0.7566964281249999 0.6386408734375 0.7616567453124999 0.64012896875 0.7611607140625 0.6423611109375 0.762152778125 0.6448412703125 0.762648809375 0.643353175 0.7745535718750001 0.639880953125 0.7762896828125 0.6416170640625001 0.7829861109375 0.640873015625 0.7862103171875 0.64384920625 0.7884424609375 0.6490575390625 0.791170634375 0.6478174609375 0.7931547625 0.6490575390625 0.7983630953125 0.6488095234375 0.799851190625 0.65575396875 0.803075396875 0.6582341265625 0.8043154765624999 0.656994046875 0.8075396828124999 0.65674603125 0.81572420625 0.658978175 0.8177083328125001 0.6631944437499999 0.8211805562500001 0.661954365625 0.8236607140625001 0.6698908734375 0.824652778125 0.669394840625 0.824652778125 0.66592261875 0.831597221875 0.661954365625 0.8266369046875001 0.6602182546875001 0.82862103125 0.656498015625 0.8333333328125001 0.65674603125 0.8382936515624999 0.6584821421875 0.8417658734375 0.6572420640625001 0.84424603125 0.6599702375 0.84697420625 0.659722221875 0.8504464281249999 0.6574900796875001 0.8524305562500001 0.6604662703125 0.8511904765624999 0.661954365625 0.8514384921874999 0.6701388890625 0.8524305562500001 0.672123015625 0.859623015625 0.6708829359374999 0.869295634375 0.672619046875 0.8705357140625001 0.674851190625 0.8712797625 0.6738591265625 0.8730158734375 0.6302083328125 0.8730158734375 0.62109375 0.871527778125 0.609375 0.8730158734375 0.60342261875 0.8727678578125 0.581597221875 0.874751984375 0.575396825 0.872023809375 0.562748015625 0.8730158734375 0.5302579359374999 0.872271825 0.5257936515625 0.8705357140625001 0.5238095234375 0.862103175 0.5198412703125 0.8583829359375 0.5168650796875001 0.8415178578125 0.5106646828125 0.8258928578125 0.5017361109375 0.8216765875 0.500744046875 0.756200396875 0.4699900796875 0.44965277812500004 0.3328373015625 0.4456845234375 0.3303571421875 0.4310515875 0.32490079375 0.42757936562500004 0.3216765875 0.3400297625 0.281498015625 0.19965277812499999 0.218501984375 0.14112103125 0.193700396875 0.13888888906250002 0.194196428125 0.1329365078125 0.1894841265625 0.1289682546875 0.18849206406250002 0.127728175 0.1897321421875 0.1272321421875 0.1922123015625 0.125 0.1954365078125 0.125 0.2601686515625 0.1269841265625 0.263144840625 0.1272321421875 0.266369046875
3 0.1689595734375 0.200417659375 0.41522767812500005 0.314334325 0.24789756875000002 0.19380009843749998 0.1689595734375 0.200417659375
3 0.3150186015625 0.20703521875000003 0.320690971875 0.237759671875 0.39915625 0.306298859375 0.543324653125 0.37341989062500003 0.4142822421875 0.21601636875 0.28193080312499996 0.0647576890625 0.22804489062500002 0.06995709375 0.2365533234375 0.132823909375 0.23986210312499998 0.1342420640625 0.2568787203125 0.1276245046875 0.26822296562500003 0.13471478125 0.306983134375 0.18056497968750002 0.3150186015625 0.20703521875000003
3 0.3150186015625 0.2018358140625 0.2833489578125 0.1739474203125 0.2857123015625 0.19049131875 0.26822296562500003 0.2018358140625 0.3334533734375 0.25619444375 0.322581596875 0.23965054531250002 0.3150186015625 0.2018358140625
3 0.667167659375 0.3611299609375 0.5225267859375 0.19332738124999999 0.514018353125 0.1782016375 0.475730903125 0.142277778125 0.44784275781250005 0.11911631874999999 0.4402797625 0.0869737109375 0.37032266875 0.11438938437499999 0.3863938484375 0.1725295140625 0.5461607140625 0.375783234375 0.770212796875 0.47457415625 0.667167659375 0.3611299609375
3 0.44035540624999997 0.08886458281250001 0.4455548109375 0.114862103125 0.46493502031249995 0.12904265937499998 0.4994407234375 0.1607123015625 0.50889459375 0.1744201390625 0.7655615078125 0.47031994062500004 0.874751984375 0.5204243546875 0.874751984375 0.411234375 0.473367559375 0.007090278125 0.43082614062499996 0.012762401562500001 0.4109734625 0.008980903125 0.390648065625 0.062394096875000006 0.35566939531249997 0.07326587343749999 0.360869046875 0.08461036718750001 0.379303571875 0.0831922125 0.39490228125 0.07090252968750001 0.40246502968750003 0.0482137890625 0.4142822421875 0.022688740625000002 0.4161728671875 0.089337053125 0.42373586249999995 0.0931185515625 0.4233387890625 0.08791914687499999 0.4327924109375 0.0794107140625 0.44035540624999997 0.08886458281250001
3 0.1562986109375 0.16196279687499998 0.154779265625 0.1555813484375 0.1559947921875 0.1488963296875 0.2091721234375 0.185360615625 0.2125146328125 0.1725982140625 0.21585714218750002 0.1555813484375 0.2188958328125 0.140387896875 0.22071899843749998 0.129144840625 0.125 0.11638219218750001 0.125 0.182321925 0.1371547625 0.18961483125 0.1562986109375 0.16196279687499998
3 0.1572103171875 0.15163120000000002 0.1532599203125 0.1561892359375 0.1559947921875 0.1589241078125 0.15781795625 0.160747271875 0.1371547625 0.1908303578125 0.1727075890625 0.20480853125 0.22345386875 0.197515625 0.1572103171875 0.15163120000000002
3 0.23165848281249998 0.1637859625 0.2246693953125 0.17107886875 0.2289236109375 0.1789794140625 0.2380396828125 0.17077504999999998 0.2766312 0.1519350203125 0.27420014843749996 0.1458576390625 0.26721106093749997 0.141603421875 0.2550563 0.1461614578125 0.243509425 0.1519350203125 0.23408928593749997 0.1488963296875 0.234697171875 0.15588541718749999 0.23500099218749998 0.161051090625 0.23165848281249998 0.1637859625
3 0.23074677656249998 0.1419072421875 0.24320535781250002 0.13917237031250002 0.2596143359375 0.1327911703125 0.2565756453125 0.1306641859375 0.246244046875 0.13096800625 0.2416860125 0.13309499062500002 0.2365203375 0.13613368125 0.23135441406249999 0.1303603671875 0.2319623015625 0.1194208828125 0.23135441406249999 0.115470734375 0.2161609625 0.1264099703125 0.22436557499999998 0.134006696875 0.22497321406249998 0.140691715625 0.23074677656249998 0.1419072421875
3 0.16875719218750002 0.068978421875 0.177265625 0.069586309375 0.1796966765625 0.06837078437500001 0.186381696875 0.0610778765625 0.19458630937500002 0.0577353671875 0.1882048609375 0.0516579859375 0.180912203125 0.036160465625 0.1724037703125 0.0331217765625 0.1693650796875 0.036768353125 0.167845734375 0.0467958828125 0.15781795625 0.051353918750000005 0.1450553078125 0.1121279765625 0.146574653125 0.1191170640625 0.15781795625 0.1200287703125 0.16875719218750002 0.068978421875
3 0.28088541718750004 0.0331217765625 0.266299603125 0.0376798109375 0.271465278125 0.06533209375 0.2811892359375 0.0632048609375 0.291824653125 0.07809449375000001 0.28088541718750004 0.0331217765625
3 0.311272321875 0.077790675 0.3048911203125 0.0735364578125 0.30063690468750004 0.068674603125 0.2912170140625 0.06533209375 0.293040178125 0.077790675 0.3039794140625 0.08873015937499999 0.311272321875 0.077790675
3 0.19458630937500002 0.09511135937500001 0.188508928125 0.0978462296875 0.20035987031250002 0.10787375937499999 0.2046138390625 0.11060863125 0.19033209375 0.11303968281250001 0.1717958828125 0.1121279765625 0.174226934375 0.1194208828125 0.20704489062500003 0.12519444375 0.2225424109375 0.12276339218750001 0.2310505953125 0.11395138906249999 0.2280119046875 0.10453125 0.225277034375 0.081741071875 0.22406175625000002 0.067459078125 0.2225424109375 0.061685515625 0.21646478125000002 0.054392857812499994 0.207652778125 0.0568236609375 0.2064372515625 0.056519840625 0.2055255453125 0.07323263906250001 0.1848623515625 0.058950892187500006 0.1796966765625 0.074751984375 0.186381696875 0.0869067453125 0.19458630937500002 0.09511135937500001
3 0.20982142812500001 0.0553075390625 0.21304563437500001 0.055803571875 0.21701388906250002 0.0550595234375 0.21875 0.052579365625 0.2232142859375 0.0543154765625 0.222222221875 0.060267857812500006 0.2234623015625 0.06423611093750001 0.22693452343749998 0.06646825468749999 0.23189484062500001 0.06795634843750001 0.23759920625 0.06795634843750001 0.2398313484375 0.0669642859375 0.2435515875 0.06770833281250001 0.2549603171875 0.0647321421875 0.2581845234375 0.0580357140625 0.2584325390625 0.0550595234375 0.2547123015625 0.0349702375 0.2547123015625 0.025049603124999997 0.250248015625 0.0178571421875 0.2462797625 0.0146329359375 0.24107142812500001 0.013640873437500001 0.21875 0.013144840625000001 0.209325396875 0.00967261875 0.202876984375 0.00868055625 0.19990079375 0.0091765875 0.1989087296875 0.00967261875 0.20386904687500002 0.0260416671875 0.2075892859375 0.053571428125 0.20982142812500001 0.0553075390625
3 0.15550595312499998 0.02529761875 0.161954365625 0.0292658734375 0.171875 0.0334821421875 0.19072420625 0.0446428578125 0.19965277812499999 0.0515873015625 0.2016369046875 0.0515873015625 0.202876984375 0.0533234125 0.20560515937499999 0.0540674609375 0.2070932546875 0.052579365625 0.2046130953125 0.0327380953125 0.1991567453125 0.009424603125 0.196428571875 0.0081845234375 0.1912202375 0.0076884921875 0.18725198437499999 0.0054563484374999995 0.1741071421875 0.0039682546875000006 0.15575396875 0.00322420625 0.15277777812499999 0.0049603171875 0.1525297625 0.0101686515625 0.15550595312499998 0.0178571421875 0.1547619046875 0.0200892859375 0.15550595312499998 0.02529761875
3 0.3702876984375 0.165674603125 0.372023809375 0.1666666671875 0.37400793593750004 0.16592261875 0.3764880953125 0.16220238125 0.37599206406249996 0.15029761875 0.3707837296875 0.1458333328125 0.368799603125 0.1386408734375 0.36631944375000003 0.13467261875 0.35491071406249997 0.1232638890625 0.3487103171875 0.1235119046875 0.3373015875 0.12673611093749998 0.33705357187499996 0.130704365625 0.3511904765625 0.1460813484375 0.357308284375 0.151455109375 0.3702876984375 0.165674603125