1 0.53075396875 0.630704365625 0.533978175 0.6356646828125 0.5448908734375 0.659226190625 0.5486111109375 0.6646825390625 0.5510912703125 0.6671626984375 0.5540674609375 0.6679067453124999 0.5689484125 0.66865079375 0.5714285718750001 0.6696428578125 0.6006944437499999 0.6706349203124999 0.609623015625 0.6698908734375 0.615575396875 0.661954365625 0.6175595234375 0.656498015625 0.621527778125 0.6522817453124999 0.6230158734375 0.6480654765625 0.6331845234375 0.6324404765625 0.6391369046875 0.6202876984375 0.64012896875 0.615079365625 0.6391369046875 0.6081349203124999 0.6289682546875001 0.590773809375 0.6272321421875 0.58407738125 0.6140873015625 0.56572420625 0.609375 0.562251984375 0.5540674609375 0.560019840625 0.5359623015625 0.583829365625 0.5220734125 0.605902778125 0.521825396875 0.6103670640625001 0.5233134921875 0.615079365625 0.528769840625 0.62450396875 0.53075396875 0.630704365625
1 0.2209821421875 0.7480158734375 0.22594246093749998 0.752480159375 0.2584325390625 0.7519841265625 0.28174603125000003 0.74950396875 0.2876984125 0.7450396828125 0.314980159375 0.703869046875 0.3177083328125 0.6976686515625 0.3172123015625 0.6892361109375 0.3105158734375 0.6738591265625 0.3005952375 0.6542658734375 0.293898809375 0.6443452375 0.290674603125 0.6423611109375 0.25694444375000003 0.644097221875 0.234126984375 0.646329365625 0.22445436562499999 0.6572420640625001 0.2165178578125 0.6639384921875 0.2095734125 0.6736111109375 0.20585317500000003 0.6862599203124999 0.19965277812499999 0.6966765875 0.2008928578125 0.7078373015625 0.2209821421875 0.7480158734375
1 0.481398809375 0.40550595312500004 0.4856150796875 0.4079861109375 0.48834325468750006 0.41220238125 0.49578372968749995 0.41815476250000005 0.5037202375 0.4231150796875 0.5114087296875 0.4322916671875 0.515873015625 0.4360119046875 0.547619046875 0.42757936562500004 0.5625 0.42261904687499996 0.5647321421875 0.41964285781250005 0.5672123015625 0.41046627031250005 0.5820932546875001 0.3730158734375 0.5820932546875001 0.3685515875 0.577380953125 0.35987103125000003 0.5572916671875 0.328869046875 0.552579365625 0.325396825 0.5478670640625001 0.3244047625 0.5391865078125 0.3204365078125 0.5362103171875 0.3177083328125 0.5329861109375 0.3172123015625 0.5262896828125 0.3179563484375 0.5228174609375 0.3229166671875 0.518105159375 0.3258928578125 0.4893353171875 0.331101190625 0.4853670640625 0.337549603125 0.481398809375 0.3477182546875 0.4769345234375 0.35243055624999997 0.47197420625 0.3608630953125 0.4704861109375 0.3678075390625 0.47073412656249997 0.3797123015625 0.4697420640625 0.3886408734375 0.471726190625 0.393105159375 0.481398809375 0.40550595312500004
1 0.310019840625 0.4050099203125 0.3204365078125 0.408730159375 0.325644840625 0.412946428125 0.33928571406249997 0.4164186515625 0.3521825390625 0.4169146828125 0.3606150796875 0.41493055625 0.362351190625 0.41195436562500004 0.365079365625 0.40029761875 0.3727678578125 0.393105159375 0.38368055624999997 0.3886408734375 0.391369046875 0.38194444375000003 0.393105159375 0.377480159375 0.393353175 0.372271825 0.3923611109375 0.3675595234375 0.387648809375 0.359375 0.38095238125 0.35243055624999997 0.3685515875 0.344494046875 0.3606150796875 0.3425099203125 0.3519345234375 0.3387896828125 0.3345734125 0.3365575390625 0.327876984375 0.3365575390625 0.31696428593750003 0.3387896828125 0.3077876984375 0.3425099203125 0.30009920625 0.34722222187499996 0.2931547625 0.35342261875 0.290674603125 0.359375 0.2926587296875 0.380704365625 0.30133928593750003 0.3978174609375 0.3048115078125 0.4015376984375 0.310019840625 0.4050099203125
1 0.3668154765625 0.44122023749999995 0.384424603125 0.4466765875 0.3978174609375 0.44742063437499996 0.4077380953125 0.4456845234375 0.4109623015625 0.4439484125 0.415674603125 0.4392361109375 0.4144345234375 0.43353174531249994 0.41468253906249997 0.4077380953125 0.41071428593750003 0.4010416671875 0.40277777812500004 0.3958333328125 0.3928571421875 0.3928571421875 0.387648809375 0.3923611109375 0.381200396875 0.3921130953125 0.37549603125000003 0.393601190625 0.3712797625 0.3958333328125 0.36607142812500004 0.40029761875 0.3630952375 0.415178571875 0.36259920625 0.42410714218749995 0.365079365625 0.435019840625 0.3640873015625 0.43948412656249997 0.3668154765625 0.44122023749999995
1 0.3107638890625 0.6235119046875 0.3167162703125 0.624751984375 0.3196924609375 0.624255953125 0.3226686515625 0.6272321421875 0.327876984375 0.6262400796875001 0.3489583328125 0.615575396875 0.353670634375 0.599950396875 0.3554067453125 0.5890376984375 0.371762153125 0.5851369046875 0.3780421625 0.5729464281250001 0.3773033234375 0.5581703874999999 0.3710233140625 0.5430248015625 0.3632658734375 0.5319424609375 0.3474702375 0.53447420625 0.34325396874999997 0.525049603125 0.337549603125 0.51612103125 0.328869046875 0.5111607140625 0.3206845234375 0.50967261875 0.3137400796875 0.509424603125 0.3018353171875 0.512152778125 0.2946428578125 0.5176091265625 0.29365079375 0.521329365625 0.291170634375 0.5245535718750001 0.2894345234375 0.5324900796875001 0.2904265875 0.5696924609375 0.2983630953125 0.6041666671875 0.3033234125 0.61532738125 0.3107638890625 0.6235119046875
1 0.3814588296875 0.6047946421875 0.4009900796875 0.6042986109374999 0.40402827343750003 0.605290675 0.4092366078125 0.60950694375 0.41196478125 0.615707340625 0.41791716250000005 0.623891865625 0.4231254953125 0.6256279765625 0.42709374999999994 0.6256279765625 0.461815971875 0.6201716265624999 0.470496528125 0.6171954359375 0.4759528765625 0.6134751984375 0.4831453375 0.606034721875 0.4841374015625 0.5983462296875001 0.4824012890625 0.587185515625 0.48041716250000005 0.5829692453125 0.4762008921875 0.5797450390625001 0.4749608140625 0.5765208328125 0.474712796875 0.5670962296875001 0.467272321875 0.5517192453125 0.46429613124999997 0.5472549609375 0.45883978125 0.543038690625 0.4471830359375 0.539814484375 0.436022321875 0.5385744046875 0.41742113124999997 0.5400625 0.3975798609375 0.5472549609375 0.39088343281250004 0.55519146875 0.3879072421875 0.5621359125 0.38542708281250004 0.5824732140625 0.3784826390625 0.5941299609375 0.379474703125 0.6040505953124999 0.3814588296875 0.6047946421875
1 0.3050595234375 0.509424603125 0.32142857187499996 0.5091765875 0.32862103125000003 0.5104166671875 0.3387896828125 0.5143849203124999 0.34325396874999997 0.5203373015625 0.346230159375 0.51884920625 0.3479662703125 0.515625 0.3519345234375 0.512896825 0.3556547625 0.505704365625 0.35615079375 0.497271825 0.353174603125 0.4861111109375 0.34970238125 0.4794146828125 0.343998015625 0.4739583328125 0.334325396875 0.468998015625 0.325644840625 0.468501984375 0.31200396874999997 0.4742063484375 0.3045634921875 0.481398809375 0.3005952375 0.48784722187499996 0.2988591265625 0.4935515875 0.2983630953125 0.5091765875 0.2991071421875 0.51240079375 0.299603175 0.5111607140625 0.3050595234375 0.509424603125
1 0.5009920640625001 0.530505953125 0.50595238125 0.53447420625 0.516369046875 0.540674603125 0.5248015875 0.54365079375 0.5394345234375 0.5429067453124999 0.546130953125 0.5386904765625 0.5545634921875 0.5270337296875 0.556299603125 0.521329365625 0.55654761875 0.5136408734375 0.5508432546875001 0.500744046875 0.54365079375 0.49280753906249997 0.5332341265625 0.4856150796875 0.52529761875 0.48363095312500004 0.5208333328125 0.484375 0.512648809375 0.48214285781250005 0.5071924609375 0.48239087343750003 0.502728175 0.484375 0.49429563437499996 0.49280753906249997 0.48859127031250005 0.5017361109375 0.48883928593750003 0.5143849203124999 0.49280753906249997 0.518601190625 0.4945436515625 0.5233134921875 0.5009920640625001 0.530505953125
1 0.5734126984375 0.51512896875 0.575396825 0.5141369046875 0.580853175 0.5017361109375 0.5835813484375 0.4987599203125 0.5865575390625 0.4923115078125 0.5922619046875 0.486855159375 0.5984623015625 0.4856150796875 0.606894840625 0.48859127031250005 0.6148313484375 0.4893353171875 0.6185515875 0.49156746093750003 0.6195436515625 0.49032738125 0.61904761875 0.4861111109375 0.6113591265625 0.468998015625 0.6071428578125 0.46527777812500004 0.6049107140625 0.4613095234375 0.5984623015625 0.4583333328125 0.580605159375 0.459325396875 0.5714285718750001 0.462549603125 0.5642361109375 0.47073412656249997 0.55927579375 0.48883928593750003 0.560019840625 0.500248015625 0.56299603125 0.5054563484375 0.5701884921875 0.5136408734375 0.5734126984375 0.51512896875
1 0.234126984375 0.6039186515625 0.23759920625 0.6078869046875 0.2517361109375 0.615079365625 0.2581845234375 0.6160714281249999 0.2643849203125 0.61532738125 0.275545634375 0.6111111109375 0.28224206406249996 0.60615079375 0.28794642812500004 0.5987103171875 0.2914186515625 0.5920138890625 0.2916666671875 0.583829365625 0.2894345234375 0.5761408734375 0.2896825390625 0.57217261875 0.2876984125 0.5667162703125 0.283978175 0.562748015625 0.2638888890625 0.553075396875 0.2581845234375 0.5518353171875 0.25446428593750003 0.5520833328125 0.24181547656250002 0.55654761875 0.230902778125 0.5664682546875001 0.22743055625 0.57490079375 0.22743055625 0.5845734125 0.2301587296875 0.590773809375 0.23164682499999997 0.5992063484375 0.234126984375 0.6039186515625
1 0.4761904765625 0.47445436562500004 0.48090277812500004 0.47842261875 0.49131944375 0.4826388890625 0.4925595234375 0.4861111109375 0.4947916671875 0.484375 0.4985119046875 0.4856150796875 0.5071924609375 0.48090277812500004 0.5136408734375 0.48065476250000005 0.5245535718750001 0.4826388890625 0.5364583328125 0.4831349203125 0.540674603125 0.47867063437499996 0.547123015625 0.468501984375 0.5540674609375 0.46651785781250005 0.5582837296875 0.46006944375 0.5634920640625001 0.4479166671875 0.562748015625 0.4392361109375 0.560019840625 0.43675595312500004 0.5538194437499999 0.437251984375 0.5510912703125 0.4362599203125 0.54637896875 0.44171627031250005 0.5414186515625 0.44320436562500004 0.5352182546875001 0.44345238125 0.5198412703125 0.440476190625 0.512896825 0.4365079359375 0.509424603125 0.4357638890625 0.49652777812500004 0.428571428125 0.4920634921875 0.42509920625 0.4895833328125 0.42137896875 0.48809523749999995 0.4208829359375 0.484623015625 0.41195436562500004 0.481398809375 0.4079861109375 0.4766865078125 0.406001984375 0.47470238125 0.40625 0.47197420625 0.40972222187499996 0.47073412656249997 0.41319444375 0.46875 0.4208829359375 0.46875 0.43154761875 0.4699900796875 0.435019840625 0.46651785781250005 0.43700396875 0.46527777812500004 0.4392361109375 0.46552579375 0.45684523749999995 0.4677579359375 0.46676587343750003 0.4739583328125 0.471230159375 0.4761904765625 0.47445436562500004
1 0.4270833328125 0.35044642812500004 0.43303571406249997 0.358630953125 0.44196428593750003 0.361855159375 0.44320436562500004 0.3640873015625 0.4518849203125 0.3648313484375 0.4548611109375 0.36607142812500004 0.468998015625 0.36036706406249996 0.47197420625 0.3573908734375 0.4764384921875 0.349454365625 0.4769345234375 0.3452380953125 0.47842261875 0.3422619046875 0.47842261875 0.337549603125 0.475446428125 0.325148809375 0.47197420625 0.3144841265625 0.4635416671875 0.30902777812500004 0.45709325468750006 0.3085317453125 0.44469246093750003 0.310019840625 0.43353174531249994 0.3139880953125 0.42782738125 0.318204365625 0.4233630953125 0.3258928578125 0.421626984375 0.3298611109375 0.421875 0.338045634375 0.42410714218749995 0.341021825 0.4270833328125 0.35044642812500004
1 0.4734623015625 0.3139880953125 0.474950396875 0.3164682546875 0.48214285781250005 0.315228175 0.48883928593750003 0.3102678578125 0.48809523749999995 0.3018353171875 0.48487103125 0.2956349203125 0.48090277812500004 0.2926587296875 0.47321428593750003 0.2948908734375 0.46527777812500004 0.3008432546875 0.462053571875 0.3048115078125 0.4585813484375 0.30654761875 0.46949404687499996 0.3112599203125 0.4734623015625 0.3139880953125
1 0.47296627031250005 0.22470238125000003 0.4766865078125 0.23363095312499998 0.4791666671875 0.23611111093749998 0.4925595234375 0.2609126984375 0.500744046875 0.26463293593750004 0.5074404765625 0.2636408734375 0.5101686515625 0.25967261875 0.5084325390625 0.252976190625 0.5081845234375 0.24751984062500001 0.509424603125 0.24404761874999997 0.5084325390625 0.23958333281250002 0.5047123015625 0.2296626984375 0.493303571875 0.2095734125 0.4908234125 0.20114087343749998 0.4826388890625 0.193204365625 0.48090277812500004 0.1924603171875 0.4779265875 0.193204365625 0.468998015625 0.19866071406250002 0.46527777812500004 0.2085813484375 0.46478174531249994 0.21304563437500001 0.46552579375 0.21676587343749998 0.4697420640625 0.2197420640625 0.47296627031250005 0.22470238125000003
1 0.35491071406249997 0.2304067453125 0.360119046875 0.2331349203125 0.3635912703125 0.2383432546875 0.36904761875 0.24181547656250002 0.372519840625 0.24181547656250002 0.3769841265625 0.24032738125000003 0.38169642812500004 0.237351190625 0.3869047625 0.23189484062500001 0.39012896874999997 0.224950396875 0.390873015625 0.22123015937499999 0.39012896874999997 0.2150297625 0.38392857187499996 0.2085813484375 0.380704365625 0.2075892859375 0.3732638890625 0.20039682499999997 0.3695436515625 0.1981646828125 0.3633432546875 0.1981646828125 0.356646825 0.20064484062500001 0.3519345234375 0.20634920625 0.35069444375000003 0.21155753906250002 0.3519345234375 0.2165178578125 0.35044642812500004 0.22048611093749998 0.3509424609375 0.224950396875 0.35491071406249997 0.2304067453125
1 0.3673115078125 0.515873015625 0.3635912703125 0.5223214281249999 0.35887896874999997 0.5260416671875 0.3554067453125 0.5329861109375 0.36631944375000003 0.5357142859375 0.374751984375 0.54092261875 0.3769841265625 0.541170634375 0.37822420625 0.5404265875 0.3814484125 0.5329861109375 0.38467261875 0.5203373015625 0.3851686515625 0.5133928578125 0.38715277812500004 0.5101686515625 0.388144840625 0.497519840625 0.3893849203125 0.49404761875 0.3888888890625 0.4898313484375 0.3856646828125 0.4861111109375 0.377976190625 0.484623015625 0.3695436515625 0.48065476250000005 0.36607142812500004 0.48065476250000005 0.3643353171875 0.48214285781250005 0.3685515875 0.4858630953125 0.3697916671875 0.4890873015625 0.3707837296875 0.506200396875 0.3673115078125 0.515873015625
1 0.2894345234375 0.525545634375 0.2896825390625 0.5208333328125 0.29092261875 0.5178571421875 0.296875 0.5133928578125 0.3020833328125 0.506200396875 0.30009920625 0.5022321421875 0.299355159375 0.49801587343750003 0.3010912703125 0.48635912656249997 0.30803571406249997 0.47743055625 0.3167162703125 0.47098214218749995 0.32217261875 0.46825396875 0.3258928578125 0.46825396875 0.3296130953125 0.46676587343750003 0.33744295625 0.46662549531249997 0.33583779687500004 0.4564583328125 0.3164682546875 0.462053571875 0.2956349203125 0.4675099203125 0.2931547625 0.468998015625 0.28720238125 0.49131944375 0.2795138890625 0.5136408734375 0.2790178578125 0.5178571421875 0.28075396874999997 0.5225694437499999 0.2876984125 0.52802579375 0.2894345234375 0.525545634375
1 0.14112103125 0.781994046875 0.15649801562500001 0.778769840625 0.1641865078125 0.778521825 0.1760912703125 0.7765376984375 0.18576388906250002 0.771329365625 0.18849206406250002 0.7633928578125 0.1894841265625 0.75595238125 0.190228175 0.7274305562500001 0.19469246093749998 0.716021825 0.19618055625 0.7095734125 0.196428571875 0.6922123015625 0.1976686515625 0.6852678578125 0.1991567453125 0.6599702375 0.20114087343749998 0.5897817453124999 0.200148809375 0.5863095234375 0.19618055625 0.5833333328125 0.1820436515625 0.5803571421875 0.1289682546875 0.57862103125 0.125 0.5796130953125 0.125 0.7802579359374999 0.1299603171875 0.7824900796875001 0.14112103125 0.781994046875
1 0.3206845234375 0.6986607140625 0.3244047625 0.7167658734375 0.328869046875 0.72842261875 0.3296130953125 0.7358630953125 0.3353174609375 0.7480158734375 0.3373015875 0.755704365625 0.3449900796875 0.775545634375 0.3477182546875 0.7867063484375 0.35044642812500004 0.7896825390625 0.3539186515625 0.7988591265625 0.3544146828125 0.802579365625 0.35838293593750004 0.811755953125 0.35987103125000003 0.8196924609374999 0.3665674609375 0.833829365625 0.372271825 0.8360615078125001 0.37549603125000003 0.8363095234375001 0.39955357187499996 0.8303571421875 0.4072420640625 0.8266369046875001 0.41617063437499996 0.8241567453125 0.419146825 0.8214285718750001 0.42261904687499996 0.8216765875 0.4283234125 0.8172123015625001 0.430803571875 0.81845238125 0.43402777812500004 0.818204365625 0.43526785781250005 0.815972221875 0.44072420625 0.813244046875 0.4470071921875 0.8105158734375 0.45089285781250005 0.8102678578125 0.4585813484375 0.80654761875 0.47247023749999995 0.796875 0.47569444375 0.786954365625 0.474950396875 0.7802579359374999 0.459821428125 0.7398313484375 0.45659722187499996 0.72842261875 0.4543650796875 0.72470238125 0.45114087343750003 0.7132936515625 0.44890872968749995 0.70907738125 0.44915674531249994 0.7048611109375 0.4513888890625 0.700148809375 0.462053571875 0.6892361109375 0.4637896828125 0.6855158734375 0.4632936515625 0.6835317453124999 0.46006944375 0.6798115078125 0.4513888890625 0.678075396875 0.4481646828125 0.6741071421875 0.4454365078125 0.6636904765625 0.4427083328125 0.6626984125 0.44097222187499996 0.658730159375 0.43700396875 0.656498015625 0.4310515875 0.6498015875 0.42410714218749995 0.646329365625 0.421626984375 0.6423611109375 0.421626984375 0.6386408734375 0.419146825 0.6302083328125 0.4164186515625 0.6264880953125 0.40848214218749995 0.622271825 0.4050099203125 0.615079365625 0.40203372968749995 0.6113591265625 0.393353175 0.6076388890625 0.3789682546875 0.6083829359374999 0.3665674609375 0.6113591265625 0.359375 0.6148313484375 0.3454861109375 0.61904761875 0.34027777812500004 0.6227678578125 0.3293650796875 0.6267361109375 0.3179563484375 0.6336805562500001 0.310019840625 0.6421130953125 0.303075396875 0.6547619046875 0.30282738125 0.6582341265625 0.3043154765625 0.66220238125 0.3112599203125 0.6738591265625 0.3206845234375 0.6986607140625
1 0.5238095234375 0.7641369046875 0.53075396875 0.768105159375 0.5359623015625 0.76884920625 0.5419146828125 0.77157738125 0.5491071421875 0.771825396875 0.5540674609375 0.7705853171875 0.56845238125 0.7633928578125 0.578869046875 0.7485119046875 0.5818452375 0.740079365625 0.581597221875 0.73115079375 0.578125 0.7207341265625 0.5704365078125 0.7113095234375 0.565228175 0.7068452375 0.56299603125 0.702876984375 0.5510912703125 0.6981646828125 0.5394345234375 0.6979166671875 0.533978175 0.6991567453124999 0.531498015625 0.7013888890625 0.5272817453124999 0.703125 0.5171130953125 0.712549603125 0.512648809375 0.7199900796875001 0.5104166671875 0.7276785718750001 0.50967261875 0.7331349203124999 0.5114087296875 0.746527778125 0.512896825 0.749751984375 0.5238095234375 0.7641369046875
1 0.6083782234374999 0.7336316968750001 0.6086686515624999 0.7269543656249999 0.5688950890625 0.6749875984375 0.5076381453125001 0.6834067453125 0.48238045625000003 0.7429218750000001 0.5177993546875 0.795759671875 0.5328958328125 0.7803727671875 0.517508928125 0.770501984375 0.5085091765625 0.7603407734375 0.5032834828125 0.74379290625 0.5027026296875 0.7266641859375 0.5044446921875 0.7153417656250001 0.5146056546875 0.7008258921875 0.5276701390625 0.692696925 0.542476190625 0.6889228671875001 0.55612103125 0.6912452874999999 0.5715079359375 0.6970518359375 0.5831205359375 0.7098256453125 0.5886366562500001 0.7240513390625 0.5897978671875 0.73624454375 0.5883462296874999 0.7527926593750001 0.579346478125 0.7670181046875 0.569185515625 0.7751470734375 0.5598953375 0.7800825890625 0.5497341265625 0.7818244046875 0.5389923109375 0.7818244046875 0.5352182546875001 0.7806631937499999 0.51925074375 0.7983725203125001 0.5294119546875 0.8001143359375 0.5866044140625 0.793146825 0.6083782234374999 0.7336316968750001
1 0.48034821406250006 0.570763640625 0.53260540625 0.584118303125 0.541024553125 0.5765701890625 0.554379215625 0.5542155265625001 0.548282490625 0.5440545640625001 0.5352182546875001 0.5510220734375 0.5201217765624999 0.5513125 0.5093799609375 0.5484092265625 0.493122271875 0.5382482640624999 0.484993303125 0.522861359375 0.4826708828125 0.5118293656249999 0.4829610609375 0.5039908234375 0.4867353671875 0.49615228125 0.49196106093749997 0.49295858125 0.4948640875 0.4888943453125 0.48238045625000003 0.4857008921875 0.45596155781250003 0.5164744546875 0.45218749999999996 0.525184028125 0.48034821406250006 0.570763640625
1 0.5529275796875 0.5318611109375 0.5529275796875 0.5365062 0.5596049109375001 0.5460868062500001 0.60199131875 0.5478286203125 0.5854432046875 0.542022321875 0.574991815625 0.5344739578125 0.5732497515625 0.52402256875 0.566862846875 0.52111954375 0.5569920640625 0.51211954375 0.557282490625 0.5176356640625001 0.557282490625 0.521990328125 0.5529275796875 0.5318611109375
1 0.58096478125 0.4566021828125 0.5894635421875 0.4557522328125 0.601149553125 0.457876984375 0.6102859625 0.46085168593750003 0.6200595234375 0.4680756453125 0.6236716265625 0.475299603125 0.62792113125 0.4837986109375 0.6289833828125 0.4901728671875 0.6289833828125 0.49675942500000003 0.6396068953125 0.500158978125 0.6457686015624999 0.49038516874999993 0.6149603171875 0.44746577343749994 0.564391865625 0.4493782234375 0.55738045625 0.46403869062499997 0.5541932046875 0.4687130453125 0.546756696875 0.47147519843749996 0.5410200890625 0.480823909375 0.5386827875 0.486985615625 0.543144840625 0.49038516874999993 0.547606646875 0.49505952343750004 0.5510062 0.4997338796875 0.5505813484375001 0.48953521875000006 0.5541932046875 0.4776369046875 0.5652418156250001 0.46297643906249997 0.58096478125 0.4566021828125
1 0.6934124500000001 0.56577728125 0.7092234625 0.50648511875 0.687087796875 0.48935639843749995 0.6609995046875 0.4796061515625 0.645451884375 0.501741815625 0.5967006453125 0.48593055625000003 0.588794890625 0.491728175 0.5824704859375001 0.49989732187499997 0.5774635421875 0.5101746031250001 0.5729838796875 0.5186071421875 0.5743013390625 0.528884425 0.5758824406249999 0.5346817953125 0.5803623515624999 0.5375806046875 0.6235796125 0.5541822921875 0.6238432546875 0.5562904265624999 0.6196267359375 0.5678854171875 0.63227579375 0.5884399796875 0.66337103125 0.6010887890625 0.6934124500000001 0.56577728125
1 0.6926217765625 0.48830233125 0.6981557546875 0.49304563437500004 0.7047437999999999 0.48514012968750003 0.708696428125 0.46985590312500003 0.7100141375 0.437706596875 0.7131763390625 0.42453050625 0.71502108125 0.4153072921875 0.715548115625 0.398178571875 0.6862973703125 0.36471155781250003 0.6351746031250001 0.35021800625 0.6283229171875 0.34758283749999996 0.612775296875 0.3560153765625 0.6069779265624999 0.362866815625 0.5985451390625001 0.37050892812499997 0.5969640375 0.3770969734375 0.6014439484375 0.429273809375 0.6175186015625 0.44877430625 0.630167659375 0.4664303078125 0.6338568953125 0.47328174531249995 0.653884425 0.485403521875 0.6609995046875 0.4788157234375 0.6833985609375001 0.4880389390625 0.6926217765625 0.48830233125
1 0.6333298609375 0.3267646328125 0.666796875 0.3349337796875 0.70658829375 0.3019938 0.6955205859375 0.24322891875 0.6757564484375 0.24006671562499998 0.6733849203125 0.230052828125 0.6660064484375 0.22372842187500003 0.655992559375 0.219512153125 0.6472963796875 0.219512153125 0.63227579375 0.227417659375 0.6262147812500001 0.234269096875 0.6230525796874999 0.24375595312499998 0.624106646875 0.25087103125 0.60724131875 0.26483755000000003 0.6130389390625 0.298831596875 0.620680803125 0.310162946875 0.6333298609375 0.3267646328125
1 0.59432886875 0.2535062 0.590376240625 0.25087103125 0.5848422625 0.2434923109375 0.5532197421875 0.2116063984375 0.5429424609375 0.2116063984375 0.5339828875 0.21476860156250002 0.5218608625 0.19684945468749998 0.5139553578125 0.1913154765625 0.509475446875 0.1857814984375 0.4991981640625 0.189470734375 0.4923467265625 0.1981669140625 0.4923467265625 0.20791716249999997 0.49814409687500005 0.21555927656249999 0.5047321421875 0.2205662203125 0.5139553578125 0.23532316406249998 0.509475446875 0.2463911203125 0.5097390875000001 0.25456026718749997 0.511056546875 0.2600942453125 0.5331922125 0.2901354171875 0.541625 0.2977775296875 0.5418883921875 0.296459821875 0.5458412703125 0.2927705859375 0.5640240578125 0.273006696875 0.58668675625 0.26141170625 0.594592509375 0.2595669640625 0.59432886875 0.2535062
1 0.564551090625 0.3217576890625 0.5692946421875 0.32202132968749997 0.5743013390625 0.3320349703125 0.5748283734374999 0.33651488125 0.581943453125 0.3436299609375 0.58378819375 0.3517991078125 0.5877408234375 0.35469766875 0.5914303078125001 0.352853175 0.6017075890625 0.347319196875 0.6098764875 0.3452110609375 0.605923859375 0.35786011875 0.6082953875 0.35838715312499997 0.616728175 0.3533802078125 0.63148511875 0.3462651296875 0.634383928125 0.33967708281250003 0.6333298609375 0.3375689484375 0.6251607140625 0.3362514875 0.6177822421875 0.3402041171875 0.616728175 0.3354608140625 0.624106646875 0.3296634421875 0.6256877484375 0.325447171875 0.6233162203125 0.3193861609375 0.62094444375 0.315169890625 0.6162011406250001 0.3072641375 0.6106671625 0.298831596875 0.61093055625 0.29698685468749997 0.6119848703125 0.2896083828125 0.61093055625 0.28143923593750003 0.6082953875 0.2766959328125 0.60038988125 0.27274305625 0.5872137890625 0.2753782234375 0.5711391375 0.2846014390625 0.5642876984375 0.296196428125 0.55638194375 0.311744046875 0.5566455859375 0.3138521828125 0.5603348218749999 0.3141158234375 0.564551090625 0.3217576890625
1 0.575619046875 0.3560153765625 0.5829975203125 0.3565424109375 0.5829975203125 0.3517991078125 0.58141641875 0.34758283749999996 0.5745649796875 0.3423122515625 0.5735109125 0.3354608140625 0.5743013390625 0.32939980156250004 0.5663958328125 0.32518353125 0.5658688 0.322284721875 0.55796329375 0.315696925 0.5487400796874999 0.3159603171875 0.5471589781249999 0.322284721875 0.5508482140625001 0.3241294640625 0.5555915171875 0.3262375984375 0.575619046875 0.3560153765625
1 0.527921875 0.2943516859375 0.5247596718749999 0.2893447421875 0.5194893359375 0.274851190625 0.51158358125 0.2685267859375 0.49946180625 0.2664186515625 0.49181969218750005 0.2703712796875 0.487866815625 0.272216021875 0.48286011875 0.2780133921875 0.4839141859375 0.28275694375 0.4812787703125 0.2875002484375 0.481805803125 0.2914528765625 0.48549528750000004 0.2943516859375 0.4868127484375 0.29856795625 0.4894479171875 0.3054196421875 0.491292659375 0.31148040625 0.49709002968749993 0.31227108124999997 0.5005158734374999 0.30989930625 0.51158358125 0.31148040625 0.532665178125 0.31727802656250004 0.54346949375 0.304365575 0.5353003468749999 0.30146676562499997 0.5350369546875 0.3004126984375 0.527921875 0.2943516859375
1 0.5727202375 0.4466661703125 0.5877408234375 0.449037946875 0.5858963296875 0.43190897812499995 0.595646578125 0.4229494046875 0.5906396328125 0.41082738125 0.5777271828125 0.408455853125 0.57087574375 0.41056398749999995 0.5642876984375 0.4176790671875 0.5634970234375001 0.429273809375 0.5692946421875 0.4366525296875 0.5711391375 0.44086879999999995 0.5727202375 0.4466661703125
1 0.595646578125 0.376569940625 0.5906396328125 0.373934771875 0.5853692953125 0.36840079375 0.583524553125 0.36418452343749996 0.5827341265625 0.3697185015625 0.5806259921875 0.38131324375000003 0.5758824406249999 0.390009425 0.570612103125 0.402921875 0.570612103125 0.4052936515625 0.57087574375 0.40819221250000004 0.592220734375 0.40634771875000003 0.5967006453125 0.40055034687499996 0.5980181046874999 0.390009425 0.595646578125 0.376569940625
1 0.46766443437499994 0.2196674109375 0.461556546875 0.214402034375 0.44723511875 0.2116641859375 0.4316498015625 0.22472197343750003 0.4320709328125 0.244309028125 0.4379682546875 0.25252281718749997 0.43901939843750004 0.244217896875 0.44175917656249997 0.25462896874999996 0.4626096234375 0.25252281718749997 0.4708234125 0.244309028125 0.4729295640625 0.23462078437499997 0.46766443437499994 0.2196674109375
1 0.439697378125 0.2388612953125 0.44007415625 0.23756944375 0.44891989062500004 0.244309028125 0.457555059375 0.244309028125 0.4630310015625 0.23820114062500003 0.46366269843749996 0.2308298609375 0.4558700390625 0.22893427656249998 0.44618204375000003 0.2299873515625 0.44007415625 0.235884425 0.439697378125 0.2388612953125
1 0.4059553578125 0.2506272328125 0.408061259375 0.2567348703125 0.4103782234375 0.26052604218750003 0.41164186562499994 0.26979290625 0.41459027812500004 0.2729521328125 0.4213298609375 0.2822189984375 0.4299650296875 0.2849568453125 0.438389384375 0.28053397812499997 0.438810515625 0.2723201890625 0.4379682546875 0.26347445468749997 0.437757440625 0.2535758921875 0.43375595312500004 0.2491530265625 0.4316498015625 0.23820114062500003 0.4310181046875 0.224090278125 0.4316498015625 0.21777182499999997 0.4303861609375 0.2114536203125 0.42554216250000004 0.2047140375 0.41838144843749997 0.20408209375 0.4120629953125 0.21018997968750003 0.41480084375 0.21882490156249998 0.41416914687500006 0.23841170625000002 0.41311607187500005 0.24030729218750002 0.40764012968749996 0.2430451390625 0.4059553578125 0.2506272328125
1 0.4378740078125 0.3617219734375 0.4273623515625 0.35327132968749997 0.41849975156249997 0.356569196875 0.41190426562500004 0.36316468281250003 0.40675148749999995 0.37347023749999997 0.4065453875 0.38459995 0.40819419687499997 0.3930505953125 0.422415921875 0.403355903125 0.43086631875 0.40232539687499996 0.42859920625000003 0.38336334375000003 0.43066021875000005 0.3753251484375 0.442820684375 0.36976016875 0.4582787703125 0.37367633906250003 0.459927828125 0.36543179531250003 0.45580555624999997 0.3666686515625 0.44508779687500005 0.36522569374999997 0.4378740078125 0.3617219734375
1 0.46734771875 0.40191319375 0.46672941406249996 0.39758506875 0.45621775781249996 0.393462796875 0.44714880937499996 0.3924322921875 0.433545634375 0.396554315625 0.43189682500000004 0.40026438437499995 0.4296297125 0.41118824375 0.4337517359375 0.417371528125 0.43952281718749997 0.44066170624999995 0.44385119062499995 0.455089534375 0.4409655265625 0.4618911203125 0.44034722187500003 0.47116592187500006 0.4539506453125 0.4732271828125 0.4663172125 0.47013541718749996 0.46611111093749996 0.462097221875 0.464462053125 0.45694444375 0.46384375 0.4439595734375 0.46054613125 0.4167532234375 0.46137053593750005 0.41510416718750004 0.46734771875 0.4109821421875 0.46734771875 0.40191319375
1 0.40262921562500004 0.5334109625 0.40077430625000005 0.5311438484375001 0.39747668593749996 0.5336170640625 0.395209325 0.5360905265625 0.385728421875 0.5416555062499999 0.3869650296875 0.54845709375 0.3892321421875 0.55525868125 0.3976827875 0.549075396875 0.40778199375 0.5441287203125 0.4172631453125 0.5395942453125 0.4436450890625 0.5393881453125 0.457454365625 0.536502728125 0.45333209375 0.5245483625 0.4531259921875 0.518158978125 0.41829365156250004 0.5303194437500001 0.41582018906249996 0.5294950390625 0.41190426562500004 0.5309377484375 0.40262921562500004 0.5334109625
1 0.3355124015625 0.7538204359375 0.3231294640625 0.73718055625 0.3091984125 0.7313759921874999 0.27940153749999996 0.756529265625 0.27282316406249996 0.7754908234375 0.27553199375 0.784004215625 0.2863670640625 0.79329141875 0.299137153125 0.807609375 0.3018459828125 0.79561334375 0.3022328875 0.7797475203124999 0.3355124015625 0.7538204359375
1 0.2838665671875 0.6188717765625 0.2658080359375 0.6269248515625 0.24750545625 0.6269248515625 0.2375 0.624240575 0.22359002968750002 0.6100865578125 0.2191974203125 0.6010572921875 0.218465278125 0.5920280265625 0.22041741093749997 0.583730903125 0.22310193437499998 0.576409721875 0.22944692500000002 0.564940228125 0.2389640375 0.554934771875 0.25531448437500004 0.5481016859375 0.2626354171875 0.54590550625 0.28899131875 0.5544466765625 0.290211309375 0.54590550625 0.285330853125 0.5393164687499999 0.26898040624999997 0.53394766875 0.2326192953125 0.550298115625 0.21529290625000003 0.5624997515625 0.2113881453125 0.5859270828125 0.2079717265625 0.6147232140625001 0.22017361093750001 0.6230203375000001 0.2467733140625 0.639370784375 0.2548263890625 0.6437633921875 0.2763013390625 0.642055059375 0.3085141375 0.6247286703125 0.304853421875 0.619847965625 0.2972884421875 0.6042296625 0.29387202343749996 0.6081341765625 0.2916755953125 0.6110627484375 0.2838665671875 0.6188717765625
1 0.2477869546875 0.5325763890624999 0.26326016874999997 0.53382415625 0.2789828875 0.5288328375 0.27773511875 0.5186004468750001 0.290962053125 0.4741775796875 0.29071254999999996 0.46868700468749996 0.28971428593750004 0.45870436562499994 0.2822271828125 0.4474739578125 0.24504191406250003 0.44373040625 0.2243276296875 0.45021924531249996 0.2215825890625 0.4599521328125 0.1729169140625 0.4549608140625 0.166677828125 0.46519320468750003 0.16293427656249998 0.47517584375000005 0.1619360125 0.48391071406249997 0.1606879953125 0.49738740156250005 0.166428075 0.5071205359375 0.2148442453125 0.511862103125 0.2163415171875 0.5108638390625 0.2208338296875 0.530330109375 0.2477869546875 0.5325763890624999
1 0.1566899796875 0.437990328125 0.15144915625 0.43499553593750007 0.143962053125 0.437990328125 0.1407177578125 0.44148437500000004 0.1429637890625 0.46045138906250005 0.1551927078125 0.46369568437500003 0.157194196875 0.46244791718749995 0.161686259375 0.46169915625 0.1694228671875 0.45620882968750004 0.1764107140625 0.45446180625 0.217090278125 0.4579556046875 0.2210833328125 0.4557095734375 0.22457738124999999 0.44547743124999994 0.22258085312500003 0.433498015625 0.21184449375 0.4329990078125 0.2108459828125 0.43774082343750004 0.1566899796875 0.437990328125
1 0.2812239578125 0.45046875000000003 0.29020833281249997 0.4584548609375 0.294451140625 0.461449653125 0.3119208828125 0.461449653125 0.32390005 0.45920362031249995 0.33513045625000004 0.4557095734375 0.337626240625 0.43474603125 0.29370238125000003 0.43549454374999996 0.2872135421875 0.43574429531250003 0.2774806546875 0.44148437500000004 0.2812239578125 0.45046875000000003
1 0.3870404265625 0.48615674531249997 0.432711309375 0.473928075 0.4384513890625 0.44971999062499995 0.43321031718749997 0.41927281718750004 0.41599032812500003 0.41403199375 0.415491071875 0.43624330312500004 0.409751240625 0.44722420625000003 0.3800525796875 0.45021924531249996 0.36383085312499996 0.44397991093750006 0.35709250937500003 0.429005953125 0.35759151718750004 0.424513640625 0.3580907734375 0.42126934531250004 0.336378471875 0.42301636875000004 0.3368774796875 0.45546006875 0.337126984375 0.46669047656249996 0.3870404265625 0.48615674531249997
1 0.27698139843749997 0.44647569374999996 0.2832204859375 0.43574429531250003 0.2914563484375 0.42126934531250004 0.3049330359375 0.41852405781249996 0.3091755953125 0.4055466265625 0.2996919640625 0.3958134921875 0.297196428125 0.385331596875 0.2927041171875 0.3800907734375 0.2814737109375 0.394315971875 0.273737103125 0.404298859375 0.273737103125 0.40654489062500004 0.2762326390625 0.41178571406250003 0.2779796625 0.41278397812499995 0.260759425 0.4399868546875 0.257265625 0.44348090312500005 0.258014384375 0.44597643906249995 0.27698139843749997 0.44647569374999996
1 0.2914563484375 0.3753489578125 0.2904580859375 0.3621220234375 0.2904580859375 0.354884425 0.295698909375 0.34664880937500003 0.297944940625 0.3424060015625 0.29769543593750003 0.33641641875 0.29370238125000003 0.3314250984375 0.289459821875 0.329678075 0.2794771828125 0.329678075 0.2754838796875 0.334919146875 0.275983134375 0.34115823437500004 0.2754838796875 0.343404265625 0.27124131875 0.35089136875000004 0.25427083281249996 0.3573802078125 0.25277331406250003 0.35987574375000003 0.256516865625 0.3666140875 0.27922743125 0.3656158234375 0.285466765625 0.369359375 0.28821180625 0.381837796875 0.2914563484375 0.3753489578125
1 0.2749848703125 0.3346696421875 0.279976190625 0.3314250984375 0.2872135421875 0.32818080312500003 0.2949501484375 0.332173859375 0.2986937 0.3381634421875 0.29120684531249996 0.352887896875 0.307927828125 0.3394112109375 0.2924546125 0.327681546875 0.20011483124999999 0.26504042656250004 0.18563988125 0.28325868125000003 0.187137153125 0.28725173593750003 0.27149082343750003 0.34739756875 0.2742361109375 0.34590005 0.2742361109375 0.3426557546875 0.2749848703125 0.3346696421875
1 0.24428819375000002 0.3628705359375 0.2440384421875 0.37035763906249997 0.236801090625 0.3795915171875 0.2220766375 0.377594990625 0.2128427578125 0.3706071421875 0.20810094218750003 0.36062450468749996 0.2128427578125 0.353387153125 0.2220766375 0.3476470734375 0.234555059375 0.34814608125 0.24029513906250002 0.3306765875 0.188634671875 0.338412946875 0.174159721875 0.38333506875 0.174658978125 0.3978100203125 0.20909920624999997 0.4315014875 0.26874578437499996 0.42027108125 0.27024305625 0.40454836250000004 0.2650022328125 0.4025518359375 0.25501959375 0.398808284375 0.247532490625 0.39132118125000004 0.246284721875 0.38782738125 0.2540213296875 0.367362846875 0.25452033749999997 0.35912723281250003 0.270991815625 0.3483958328125 0.2422916671875 0.3304268359375 0.238548115625 0.3498931046875 0.2410436515625 0.35039236093750004 0.2440384421875 0.3543854171875 0.24428819375000002 0.3628705359375
1 0.333133928125 0.327681546875 0.32689484062499996 0.3286798109375 0.3221530265625 0.3249365078125 0.324149553125 0.31844766875 0.319158234375 0.3171999015625 0.316912203125 0.3244372515625 0.3211547625 0.3354181546875 0.338375 0.3336713796875 0.34586185468749997 0.3244372515625 0.3391235125 0.3127075890625 0.33088789687500003 0.30996230156250004 0.321404265625 0.3104615578125 0.31990699375 0.313705853125 0.3276436015625 0.318946925 0.331387153125 0.31844766875 0.3368774796875 0.317698909375 0.3388740078125 0.3221912203125 0.333133928125 0.327681546875
1 0.274485615625 0.31345634843750003 0.275983134375 0.3092137890625 0.2794771828125 0.2999796625 0.28995882968750003 0.290745784375 0.297944940625 0.2899970234375 0.2869640375 0.2825099203125 0.2789779265625 0.2855047125 0.261508184375 0.2715290171875 0.258014384375 0.2675359625 0.2520248015625 0.2630436515625 0.243040178125 0.26603869062499996 0.24029513906250002 0.2712795140625 0.24129340312499997 0.2775186015625 0.2472829859375 0.2825099203125 0.2657509921875 0.29673536718750004 0.2679970234375 0.3037232140625 0.2679970234375 0.3089640375 0.274485615625 0.31345634843750003
1 0.3194077375 0.3049709828125 0.32939037656250003 0.30222569374999997 0.33513045625000004 0.293740575 0.3353802078125 0.282759671875 0.3321356640625 0.27427430625000004 0.3231512890625 0.2715290171875 0.3094250984375 0.27427430625000004 0.26625 0.25555679531250003 0.25501959375 0.2520627484375 0.2465342265625 0.258801090625 0.253023065625 0.2625446421875 0.26400396875 0.2692829859375 0.30418427656249997 0.2892482640625 0.3071790671875 0.2877509921875 0.3099243546875 0.29823263906249997 0.3194077375 0.3049709828125
1 0.3560942453125 0.308714534375 0.361834325 0.304721478125 0.3593385421875 0.293740575 0.3550959828125 0.27776835312500003 0.35634375 0.26479067500000003 0.360586309375 0.25680456406249996 0.36033680625 0.2525620046875 0.35235069375 0.24557415625 0.3338826890625 0.2450749015625 0.3271443453125 0.2525620046875 0.325896578125 0.2585515875 0.3276436015625 0.2640419140625 0.333633184375 0.267785465625 0.336378471875 0.26653769843749997 0.3388740078125 0.298482390625 0.3386245046875 0.3079657734375 0.3446140875 0.3112103171875 0.3560942453125 0.308714534375
1 0.34536284687499996 0.21088417656249997 0.344863590625 0.2171235125 0.337126984375 0.220866815625 0.3283921125 0.221615575 0.32265228125 0.22036780781249998 0.3186592265625 0.2246103671875 0.32539732187500003 0.23109920625 0.3303888890625 0.22560863125 0.340371528125 0.224111359375 0.347359375 0.22436086249999998 0.3518514390625 0.2223643359375 0.3501046625 0.209137153125 0.34960540625 0.2004025296875 0.3436158234375 0.1936641859375 0.32539732187500003 0.19166765937500002 0.3106728671875 0.20689112031249998 0.31716170625 0.2231130953125 0.3231512890625 0.2176225203125 0.3271443453125 0.20938690468750001 0.3356297125 0.20589285781250002 0.3428670640625 0.207140625 0.34536284687499996 0.21088417656249997
1 0.306180803125 0.187674603125 0.264253471875 0.193913690625 0.277730159375 0.25630555625 0.29370238125000003 0.266787203125 0.32265228125 0.2617958828125 0.3211547625 0.25006622031250003 0.306180803125 0.187674603125
1 0.37222197343749996 0.2893903765625 0.371946428125 0.2954536203125 0.38682936562500003 0.301792659375 0.39371949375000004 0.3111634421875 0.39702678593749996 0.3210853171875 0.40033407812500005 0.3230146328125 0.4091537703125 0.31640005000000004 0.41053174531250003 0.30840724218750004 0.4097048609375 0.3039975203125 0.3939950390625 0.2866341765625 0.3860024796875 0.2830513390625 0.3791123515625 0.28167311562499997 0.37222197343749996 0.2893903765625
1 0.35733903749999996 0.3147462796875 0.3634025296875 0.326321925 0.36726091250000004 0.3321098703125 0.376631696875 0.3321098703125 0.38379761874999996 0.32962921562499997 0.388207340625 0.323565971875 0.38682936562500003 0.314470734375 0.375529265625 0.3004146828125 0.371946428125 0.300690228125 0.363678075 0.30537574375 0.35733903749999996 0.3147462796875
1 0.3966693953125 0.37789161718750003 0.3969092265625 0.3882021328125 0.39738888906250003 0.3939568453125 0.4069799109375 0.3975533234375 0.4076994046875 0.3879623015625 0.4086584828125 0.3644640375 0.415132440625 0.36038764843750004 0.41465302656249997 0.3529546125 0.41033680625 0.34048611093750003 0.4086584828125 0.32777777812500003 0.3971490578125 0.3253799609375 0.38779761874999996 0.3292165171875 0.38420089218750003 0.3347313984375 0.38683854218749997 0.3467202375 0.3849203875 0.34935788749999996 0.38252256875 0.3517557046875 0.3911545140625 0.36062747968750003 0.395230903125 0.37021875 0.3966693953125 0.37789161718750003
1 0.20322991093749998 0.8813015875 0.2191411203125 0.88483755 0.2231188 0.8795337296874999 0.2235607640625 0.8680424109375 0.2270967265625 0.8450595234374999 0.23505233125 0.8247286703125001 0.25538318437499996 0.7929062499999999 0.25538318437499996 0.7836247515625 0.2341681546875 0.7818568953125 0.22400272812500002 0.792022321875 0.1784791671875 0.7774370046875 0.125883928125 0.7840667156250001 0.125 0.8269384921875 0.18555084375 0.8525731640625 0.1912966265625 0.85036334375 0.196158234375 0.874671875 0.20322991093749998 0.8813015875