4 0.125 0.765997271875 0.3636376484375 0.901519840625 0.4461297125 0.763051090625 0.4444928078125 0.717222221875 0.4426875 0.7119166671875 0.3655580359375 0.8435262890624999 0.276798115625 0.5974466765625001 0.7909940468750001 0.034891865625000004 0.7524293156249999 0.20996329375 0.754265625 0.2154724703125 0.4824764390625 0.64886631875 0.48737351249999994 0.6696790671875 0.49043427656249994 0.69906175625 0.7646721234375 0.2209818953125 0.8130310015625 0.0036728671875 0.64469295625 0 0.126212053125 0.302420634375 0.125 0.35200396875 0.6514265875 0.00122420625 0.7885453874999999 0.0134670140625 0.2480396828125 0.5441907234375 0.125 0.4952197421875 0.12561210312499999 0.5637790171875 0.1966200390625 0.5913253968750001 0.20212946406249999 0.60111954375 0.308029265625 0.8306713796875 0.1390791171875 0.739462796875 0.22110565468750001 0.6537633921875 0.21209449375 0.6288380453125 0.1256743546875 0.719186259375 0.125 0.765997271875
2 0.43599355156249997 0.52807415625 0.4317078375 0.5295647328124999 0.42984449375 0.5075771328124999 0.4112110609375 0.531987103125 0.41381969218750003 0.5543474703125 0.41158358125000005 0.557887896875 0.42183209374999997 0.5871423609375 0.42071403749999997 0.5895647328125 0.42071403749999997 0.59254613125 0.42276364062500005 0.5951547625 0.421459325 0.6026081343749999 0.4242544640625 0.6080119046875 0.4276083828125 0.61155233125 0.43114880937500005 0.61881944375 0.43655257968749994 0.636334821875 0.44083829375 0.6551547625 0.4432606640625 0.672856646875 0.44344692500000005 0.6750927578125 0.44344692500000005 0.6806827875 0.44083829375 0.689254215625 0.44009300625 0.695216765625 0.4430744046875 0.701738590625 0.44531026718750005 0.7099372515625 0.44885069375000003 0.7915520828125 0.44736011875 0.7943472218750001 0.44736011875 0.8029186515625 0.44847792656249996 0.8088814484375 0.44940972187500006 0.8131671624999999 0.44866443437500003 0.815962053125 0.44847792656249996 0.823601934375 0.4535091765625 0.8325458828125001 0.459285465625 0.8392539687499999 0.474005953125 0.842608134375 0.47885069375 0.8349682546875 0.48332266874999996 0.825465278125 0.48649032812500004 0.818384425 0.48481349218750003 0.81577579375 0.48406795625 0.8113038187500001 0.48425446406250006 0.8081359125 0.48611780781249997 0.802732390625 0.48481349218750003 0.7971423609375 0.4829501484375 0.7945334828124999 0.4851860125 0.7075148812500001 0.4859313 0.704347221875 0.4881674109375 0.6991299609375 0.4889126984375 0.6942852187499999 0.4889126984375 0.68981324375 0.4870493546875 0.6860865578124999 0.48723586250000006 0.6821733625 0.4857450390625 0.6775151296875 0.48332266874999996 0.6586951890625 0.47940972187500003 0.637639384375 0.475496528125 0.6190057046875 0.47214260937499997 0.6098752484375 0.47214260937499997 0.6089437 0.47195634843749995 0.6039126984375 0.47009300625000006 0.5990679562500001 0.46822966250000003 0.59590005 0.46822966250000003 0.58807415625 0.46282589218750003 0.5815523312499999 0.46096254999999997 0.5780119046875 0.458540178125 0.573726190625 0.44642832343750005 0.5424218749999999 0.4456830359375 0.5372046125 0.4451240078125 0.531241815625 0.4438196921875 0.52807415625 0.44009300625 0.52155233125 0.4380431546875 0.5131674109375 0.441024553125 0.509626984375 0.4430744046875 0.5068318453125 0.4466145828125 0.503850446875 0.4503412703125 0.49826041718749997 0.45015500937499997 0.4850307546875 0.4482916671875 0.4857760421875 0.43301215312499997 0.5055275296875 0.43599355156249997 0.52807415625
2 0.4290657234375 0.5033268843750001 0.426677828125 0.47873983124999997 0.40757415625000004 0.5014697421875 0.4106696421875 0.5254375 0.4290657234375 0.5033268843750001
2 0.4005873015625 0.528179315625 0.4014717265625 0.5298596234375 0.4017368546875 0.5334858625 0.40138318437500003 0.536758184375 0.406512896875 0.5305672125 0.40394791718749995 0.505980159375 0.400940971875 0.508810515625 0.3997911703125 0.517477678125 0.40041021875 0.5231381453124999 0.400498759375 0.5264104656249999 0.4005873015625 0.528179315625
2 0.40863541718749996 0.5531200390625 0.4096966765625 0.5535622515624999 0.4083700390625 0.538880953125 0.4072204859375 0.536758184375 0.402709821875 0.5425954859375001 0.40412499999999996 0.5458678078125 0.4064243546875 0.5478134921875 0.40863541718749996 0.5531200390625
2 0.430038690625 0.4775017359375 0.432603421875 0.49961235156250006 0.4464005453125 0.48307366093750004 0.448876984375 0.4785629953125 0.44701959375 0.47626339218749997 0.4456044140625 0.4736986609375 0.4353452375 0.468834325 0.4314536203125 0.4728142359375 0.43189583281250005 0.4741408734375 0.430038690625 0.4775017359375
2 0.409962053125 0.48855704375000003 0.4081049109375 0.4929791671875 0.40792782812499995 0.4939521328125 0.42464360156250003 0.47334499062499996 0.4195138890625 0.473521825 0.4152686015625 0.47652877031249996 0.4137651296875 0.482808284375 0.409962053125 0.48855704375000003
1 0.51083978125 0.205008184375 0.5114459328125001 0.20811557500000002 0.51174925625 0.2116016859375 0.516144840625 0.2119806546875 0.5166753468749999 0.20766071406250003 0.516069196875 0.20174925625 0.5091723703125 0.2006123515625 0.5090208328125 0.20144618125 0.5100059531250001 0.2025828375 0.51083978125 0.205008184375
1 0.499471478125 0.1914419640625 0.49621255 0.1930334828125 0.495 0.1943978171875 0.49598511875 0.19485243125 0.5011388890624999 0.1959893359375 0.5059893359375 0.19204836249999999 0.5035639875 0.19068402812500002 0.499471478125 0.1914419640625
1 0.5140228171875 0.198490328125 0.5128102671875 0.1956103671875 0.509475446875 0.19341245 0.508490328125 0.19379141875 0.50515550625 0.1969744546875 0.5140228171875 0.198490328125
1 0.499471478125 0.20705456406249997 0.4971220234375 0.2042502484375 0.49098313437499996 0.20864608125 0.5011388890624999 0.21016170625 0.499471478125 0.20705456406249997
1 0.5012145343750001 0.222818453125 0.5026545140625001 0.220544890625 0.5037155265625 0.21705853125000002 0.50348834375 0.21379960312500002 0.49189260937499996 0.2117532234375 0.4940146328125 0.21516393906250003 0.498410465625 0.2230458828125 0.5012145343750001 0.222818453125
1 0.492271578125 0.20296180625 0.4914377484375 0.2025828375 0.48757266875000005 0.20243129999999998 0.48567782812500004 0.20394717187500003 0.4882547125 0.2069786703125 0.492271578125 0.20296180625
1 0.539336309375 0.191896825 0.5147048609375 0.189092509375 0.5147807546875 0.1899263390625 0.5190248015625001 0.19523139843749998 0.5207681046875 0.1990967265625 0.5294079859374999 0.20015773750000002 0.539336309375 0.191896825
1 0.50341245 0.183105159375 0.5141743546875001 0.1860610125 0.5237237109375 0.1781790671875 0.5098544140625 0.17605679531250001 0.507959821875 0.1776485609375 0.5076564984374999 0.17954315468749998 0.50341245 0.183105159375
1 0.55108358125 0.18204414687499998 0.52721006875 0.1790126484375 0.5183427578125 0.1866674109375 0.5420647328125 0.1895473703125 0.55108358125 0.18204414687499998
1 0.5463846718750001 0.2025828375 0.5536602187499999 0.2025071921875 0.5585865578125 0.1995513390625 0.5616939484375 0.196368303125 0.5626790671874999 0.19500396874999998 0.5426708828125 0.1932609125 0.5345615078125 0.20152182500000002 0.539790921875 0.20068824375 0.5415342265625 0.19985441406249999 0.5428224203124999 0.200915675 0.5463846718750001 0.2025828375
1 0.564498015625 0.1922755453125 0.5653318453125 0.190001984375 0.565407490625 0.1872735609375 0.564649553125 0.18371155781249998 0.5552517359375 0.1824990078125 0.5463846718750001 0.190153521875 0.564498015625 0.1922755453125
1 0.5620729171875001 0.1722673609375 0.539184771875 0.16931175625 0.5302415671875 0.1761326890625 0.531605903125 0.1768147328125 0.5540391859375 0.1793157234375 0.5620729171875001 0.1722673609375
1 0.51235540625 0.172570684375 0.5271341765625001 0.1756021828125 0.5352435515625 0.16900868125 0.533121528125 0.16855381875 0.5318330859375 0.16908432499999998 0.5260731640625 0.1701453375 0.5194037703125 0.1674928078125 0.5177366078125 0.1677202375 0.5169786703125 0.16878125 0.51235540625 0.172570684375
1 0.5650342265625 0.16945238125 0.5721825390624999 0.16290600156249999 0.5511138390625 0.159971478125 0.5446428578125 0.16531374062499998 0.5423854171875 0.16757118124999998 0.5650342265625 0.16945238125
1 0.5362904265624999 0.16403472187499998 0.5346351687500001 0.1657653765625 0.5389241078125 0.1667435515625 0.5476525296875 0.159519840625 0.5389241078125 0.1586922125 0.537644840625 0.159971478125 0.5361401296875 0.1612504953125 0.5362904265624999 0.16403472187499998
1 0.5842968749999999 0.15395188437500001 0.5617986109374999 0.15124305625 0.5537475203125 0.1579397328125 0.5760200890625 0.1606485609375 0.5842968749999999 0.15395188437500001
1 0.5504365078125 0.15741294687500001 0.5585629953125 0.150415178125 0.549759425 0.14936185468750002 0.5478782234375 0.1503400296875 0.54185863125 0.15553199374999999 0.5504365078125 0.15741294687500001
1 0.5520920140625 0.14063343281250001 0.5502108140625 0.1434174109375 0.5502862109375 0.1468787203125 0.5615729171875 0.148609375 0.5688717765625 0.142288690625 0.5520920140625 0.14063343281250001
1 0.5864037703125 0.1496626984375 0.5854255953124999 0.1449223703125 0.5721071421875 0.14304117031250002 0.564959078125 0.149211309375 0.5867048609375 0.15131820468749999 0.5864037703125 0.1496626984375
1 0.5772239578125 0.134162203125 0.5641312 0.132205853125 0.561347221875 0.132657490625 0.5550265375000001 0.13732266875000002 0.5715052078125 0.1402571921875 0.5779764390625 0.1352157734375 0.5772239578125 0.134162203125
1 0.5828673109375 0.1414610609375 0.58309300625 0.14063343281250001 0.5800833328125 0.136720734375 0.5790297625 0.13784920625 0.574815971875 0.1409342765625 0.5828673109375 0.1414610609375
1 0.54691245 0.3613563984375 0.5471599703125001 0.3365233140625 0.5361872515624999 0.34931101249999996 0.5366822921875001 0.35492113125 0.5414672625 0.35780877968749997 0.544519840625 0.3623462296875 0.545757440625 0.36267633906249996 0.54691245 0.3613563984375
1 0.5427048609375 0.3189506453125 0.5387447921875 0.3251381453125 0.5375071921875 0.3283556546875 0.5367646328125 0.33116071406250003 0.5363521828125 0.34353596249999996 0.5473249015625 0.33215079375 0.5476547625 0.313835565625 0.5427048609375 0.3189506453125
1 0.5500473703125001 0.3335533234375 0.549717509375 0.3573963296875 0.5601125984374999 0.3445260421875 0.5609375 0.320435515625 0.5500473703125001 0.3335533234375
1 0.57323040625 0.32860317499999997 0.5731478171875 0.306410465625 0.56407266875 0.316722965625 0.5630002484375 0.341143353125 0.57323040625 0.32860317499999997
1 0.5630825890625 0.3600362109375 0.5660525796875 0.3564888390625 0.5705076890624999 0.35508630937499996 0.5720753968750001 0.33347073437499997 0.5625052078125 0.3465885421875 0.5619275796875 0.36143874062500003 0.5630825890625 0.3600362109375
1 0.5516974203125 0.3695240578125 0.5549975203125 0.36762648750000004 0.5576376484375001 0.36572891875 0.559617559375 0.34955853124999997 0.549469990625 0.36259375 0.5501299609375 0.3703489578125 0.5516974203125 0.3695240578125
1 0.5842968749999999 0.3188779765625 0.5753067953125 0.3303147328125 0.57408358125 0.35245386875 0.5830126484375 0.34162896875 0.5842968749999999 0.3188779765625
1 0.5951830359375 0.305178571875 0.5870491078125 0.3159424609375 0.586070684375 0.3374702375 0.5933484625000001 0.3279295640625 0.5951830359375 0.305178571875
1 0.5863152281249999 0.290439484375 0.5768968250000001 0.3015091765625 0.575918403125 0.325238590625 0.58448040625 0.3145969734375 0.5863152281249999 0.290439484375
1 0.5877217265625 0.267444196875 0.5869268359375 0.26756646875 0.57928199375 0.27093005937500003 0.5775084328125 0.2964330359375 0.5864375 0.28585267812500004 0.5877217265625 0.267444196875
1 0.5681512890625 0.29508755 0.568334821875 0.2992462796875 0.568823909375 0.2995520828125 0.571820684375 0.3004084828125 0.574022321875 0.30083655781249996 0.5753678078125 0.2838955859375 0.5721264875000001 0.285669146875 0.566622271875 0.28787103125 0.5647264390625 0.2917239578125 0.5650322421875 0.29288591249999996 0.5660719249999999 0.292824653125 0.5681512890625 0.29508755
1 0.6057946421875 0.29173859062499996 0.5982068453125 0.301149553125 0.596777778125 0.32376512968750004 0.603971478125 0.31410788749999996 0.6057946421875 0.29173859062499996
1 0.5975662203125001 0.2773018359375 0.5892884421875 0.286959078125 0.5876624500000001 0.31056026718749996 0.5955952375 0.30031175625 0.5975662203125001 0.2773018359375
1 0.6088826890625 0.26435863125000003 0.6009474203125 0.273540675 0.5989635421874999 0.2963263890625 0.6066721234375 0.28697420625 0.6088826890625 0.26435863125000003
1 0.6198866562500001 0.250581596875 0.612040675 0.2603891375 0.6094905749999999 0.2833387890625 0.61694444375 0.273237103125 0.6198866562500001 0.250581596875
1 0.6264575890625 0.266273809375 0.620376984375 0.2748063 0.617630953125 0.2966768359375 0.6239077375 0.2880463796875 0.6264575890625 0.266273809375
1 0.6167482640624999 0.27902356093749997 0.6090002484375 0.2886349203125 0.6074310515625 0.309132440625 0.614492559375 0.2999134421875 0.6167482640624999 0.27902356093749997
1 0.5983100203125 0.2683333328125 0.595858134375 0.269216021875 0.591248759375 0.26951016875 0.5896795640625 0.2823578875 0.597917659375 0.27137351249999997 0.5983100203125 0.2683333328125
1 0.656609375 0.207365328125 0.65090550625 0.21422916718749999 0.647715278125 0.23549752031249999 0.6534191468749999 0.2289236109375 0.656609375 0.207365328125
1 0.64201165625 0.23839756875 0.641721478125 0.2429412203125 0.64491170625 0.24013764843750002 0.647715278125 0.2178060515625 0.641721478125 0.2253467265625 0.641044890625 0.2319203875 0.6415282734375001 0.23395064531249998 0.64201165625 0.23839756875
1 0.6529357640625 0.2334672625 0.6469419640625 0.24062103124999998 0.6452983625 0.260342509375 0.6505188484375 0.25415550625 0.6529357640625 0.2334672625
1 0.664246528125 0.19856795625 0.65921949375 0.2043685515625 0.656319196875 0.22476661718750002 0.661636409375 0.2185796125 0.664246528125 0.19856795625
1 0.6588328375 0.1874506453125 0.6562227187499999 0.1882239578125 0.6533224203125 0.19141418593749998 0.6512921625 0.21026562499999998 0.6568993062499999 0.20291840312499998 0.6588328375 0.1874506453125
1 0.6422048609375001 0.220512896875 0.6485853171875 0.21258581406250002 0.65022891875 0.194314484375 0.6463618546875 0.1989546125 0.6448152281249999 0.201081596875 0.643655009375 0.2072686015625 0.6422048609375001 0.220512896875
1 0.6321507937499999 0.2307604171875 0.63824131875 0.22399330312500002 0.6397879468750001 0.21606597187499998 0.638821428125 0.213745784375 0.6354377484375 0.21867609062499999 0.6338908734375 0.2197395828125 0.6333110125 0.22331646875 0.6321507937499999 0.2307604171875
1 0.6686036703125 0.2141391375 0.6639702375 0.219867559375 0.6631279765625 0.22947098281249997 0.6664975203125 0.22736483125 0.6686036703125 0.2141391375
1 0.6721416171875 0.18920411718750002 0.6675927578125 0.1952693453125 0.6650654765625 0.21439186562499998 0.6696143359375 0.20908482187500002 0.6721416171875 0.18920411718750002
1 0.6802286703125 0.179684771875 0.67525868125 0.18575024843750002 0.6723102671875 0.20588368125 0.6766063984375 0.2007450390625 0.6802286703125 0.179684771875
1 0.6736579859375 0.22290029687500001 0.6761852671875 0.20495709374999999 0.6708779765624999 0.21135937500000002 0.6714677578125 0.21439186562499998 0.6695302578125 0.2253432546875 0.6736579859375 0.22290029687500001