1 0.669623015625 0.7957671125 0.6734427078125 0.7989501484375 0.6842651296875 0.802769840625 0.6919045140625 0.8014967765625001 0.7036817953125001 0.8043616078125 0.707183284375 0.8043616078125 0.70909300625 0.7929025296875001 0.7008172125 0.7887643843750001 0.6941326890624999 0.7855813484375 0.686493303125 0.7795334828125 0.677580853125 0.7782604171874999 0.66771329375 0.7744407234375 0.6584823906249999 0.771894096875 0.650524553125 0.7750771328125 0.6482966265625 0.7734856156250001 0.6451133437500001 0.7868546624999999 0.652116071875 0.78844618125 0.6565724203125 0.7957671125 0.6664399796875 0.7964037703125 0.669623015625 0.7957671125
1 0.6552993546875 0.727649553125 0.6495696921875 0.7266946921875 0.6432036203125 0.7356071421875 0.6374739578125 0.7426098703124999 0.6470233140625 0.7451564984375 0.6508430062499999 0.7461113593750001 0.6537078375 0.7470662203125 0.6584823906249999 0.7394268359375 0.6581639390625 0.7365620046875 0.654980903125 0.73178745 0.6552993546875 0.727649553125
1 0.6417505625000001 0.7488388500000001 0.63683755 0.7508859125 0.6355642359375 0.755660465625 0.6374739578125 0.76266319375 0.6419303078125 0.7674379953125 0.6489330359375 0.7683928578125 0.6552993546875 0.7642547125 0.655617559375 0.7604350203125 0.6546626984375 0.7540689484375 0.6527527281250001 0.7502492562499999 0.6511612109375 0.748976190625 0.6514796625 0.7537507437500001 0.6527527281250001 0.7578886406249999 0.6508430062499999 0.7632998515625 0.64861483125 0.765209821875 0.6419303078125 0.7620267859375 0.6390657234375 0.7562971234375 0.6417505625000001 0.7488388500000001
1 0.6050066968750001 0.7502492562499999 0.6139193953125 0.7521592265625 0.6186939484375 0.7492943953125 0.6212403281250001 0.738790178125 0.6209221234375 0.734015625 0.61614756875 0.729877728125 0.608508184375 0.727649553125 0.5999139390625 0.7279677578125 0.5983224203125 0.7330607640625 0.5983224203125 0.740381696875 0.60150545625 0.7343340781250001 0.6110545640625 0.7314692453125 0.6151927078125 0.732105903125 0.61614756875 0.73688045625 0.6155109125 0.743246528125 0.606280009375 0.7448380453125 0.5983224203125 0.744519840625 0.59927728125 0.7477028765625 0.6050066968750001 0.7502492562499999
1 0.5698306046875 0.8328625984375 0.5714848703125 0.8301054062500001 0.5707497515625 0.8216498015625 0.5729553578125001 0.8192604171875001 0.5773670640625 0.8209146828125 0.5823298609374999 0.821466021875 0.588947171875 0.81981175625 0.5926235125 0.8161354171875 0.6007113093750001 0.8144811515624999 0.6010791171875 0.827164434375 0.6054905749999999 0.8251423609374999 0.606409721875 0.8166870046874999 0.60622569375 0.8135620046875 0.6054905749999999 0.8052904265624999 0.6029171625 0.795915921875 0.60163045625 0.7905853171875 0.598137896875 0.7854384921875 0.5619265875 0.7915044640625 0.5600885421874999 0.7997760421875 0.5589856156249999 0.8016140875 0.5512653765625 0.8040037203124999 0.534170634375 0.8065771328125001 0.5258990578125 0.8076800593750001 0.5236932046875 0.8058417656250001 0.51964930625 0.8056579859375 0.5154216265625 0.8102534718750001 0.5157891859375 0.8179737109375 0.5185463796875001 0.8277157734375 0.5211197921874999 0.8288187 0.5260828375 0.8290024796875001 0.5288400296875 0.82698040625 0.53196478125 0.8260615078125 0.5387658734375 0.8258777281249999 0.551081596875 0.8240394343749999 0.56490005 0.821231646875 0.5639484125 0.8253261406249999 0.5650513390625 0.8297375984375 0.5698306046875 0.8328625984375
1 0.5310458828125 0.7733067953125 0.5308618546874999 0.76834375 0.5279208828125 0.7652189984375 0.5179950390625 0.7598883921875 0.510826140625 0.7608072921875 0.5077013890625001 0.7646674109375 0.5077013890625001 0.769262896875 0.503105903125 0.7753286203124999 0.499613590625 0.7854384921875 0.49483432499999996 0.7953643359375 0.492628471875 0.8010627484375 0.500900296875 0.8032683531249999 0.5067822421875 0.8074962796875 0.5117452874999999 0.8102534718750001 0.513399553125 0.8100696921875 0.5214873515625 0.7940776296875 0.5246123515625001 0.787828125 0.5270017359375 0.7802916671875 0.5310458828125 0.7733067953125
1 0.46579166718750004 0.8335977187499999 0.4661592265625 0.8374578375 0.47093849218750006 0.8402150296875 0.4790262890625 0.8437075890625 0.484173115625 0.84701636875 0.48987127968750005 0.8499573406250001 0.49318005937500003 0.8538174609375 0.4997973703125 0.8540012406249999 0.504392609375 0.846832340625 0.501084078125 0.8413179562499999 0.496488590625 0.8367227187499999 0.480129215625 0.8280833328125 0.46983556562500006 0.8264290671875001 0.46983556562500006 0.8286349203125001 0.46891641875 0.82955381875 0.46579166718750004 0.8335977187499999
1 0.48858457343749995 0.91098363125 0.504944196875 0.918336309375 0.5288400296875 0.9317547125000001 0.5339868546875 0.9341443453125 0.5363764875 0.9306517859375001 0.5413392859374999 0.92072569375 0.55144915625 0.903447171875 0.5560443953124999 0.8804704859375001 0.5117452874999999 0.855287946875 0.5054955359375 0.8628244046875 0.503105903125 0.865581596875 0.49795907812499995 0.86466245 0.489319940625 0.8585964781250001 0.4902390875 0.85565550625 0.48840079375 0.8494057546875 0.4722251984375 0.84003125 0.46487252031250004 0.8359873515625 0.45807142812499996 0.8361711312500001 0.44961607187499997 0.8324950390625 0.4463072921875 0.8313921125 0.4426312 0.835068453125 0.43619766875000004 0.84444295625 0.4321537703125 0.8532658734374999 0.4303154765625 0.8661329359375 0.44005778749999996 0.8705443953125 0.441712053125 0.8756912203124999 0.4663432546875 0.8894774312499999 0.4713060515625 0.891131696875 0.47461483125 0.8878229171875001 0.49115798593750004 0.89407266875 0.49299627968750004 0.8966460812499999 0.486746528125 0.9069397328125 0.48858457343749995 0.91098363125
1 0.508252728125 0.7584176593749999 0.5089880953125 0.7595205859374999 0.5168921125 0.75933680625 0.5214873515625 0.7584176593749999 0.5292075890625 0.7560282734375 0.5295751484375 0.7617264390625 0.5406041671875 0.7657703375 0.5486919640625 0.7659541171875001 0.55016245 0.7630131453125 0.5534712296875 0.7626455859375 0.5567797624999999 0.7595205859374999 0.5565959828125 0.75069766875 0.557698909375 0.7413231640625 0.557698909375 0.7321324406249999 0.5534712296875 0.7310295140624999 0.5507137890625 0.7297428078125 0.54685391875 0.7275369546875 0.5349057546875 0.7269856156250001 0.5310458828125 0.7325 0.5240607640625 0.7330513390625 0.5229578375 0.7280882937500001 0.5168921125 0.7269856156250001 0.5099072421875 0.7301103671875 0.5069660218750001 0.73066170625 0.4900553078125 0.7297428078125 0.48858457343749995 0.734154265625 0.487665675 0.7503298609375 0.4904228671875 0.753087053125 0.49942981093750005 0.7538224203125 0.5067822421875 0.7516165671875 0.5093556546875 0.7508814484374999 0.5093556546875 0.7525357140625 0.508252728125 0.7584176593749999
1 0.488059028125 0.7305798609374999 0.4857455359375 0.728101190625 0.480953125 0.728101190625 0.4778134921875 0.7284317953125 0.47963120000000004 0.7383467265625 0.48458878906249997 0.739173115625 0.486737103125 0.7357028765625 0.488059028125 0.7305798609374999
1 0.4511584828125 0.78717261875 0.4602963796875 0.7859935515625 0.46147544687500003 0.7547482640625 0.4513060515625 0.7550431546875 0.44972048593749997 0.7594990078125 0.436665675 0.7599947921875 0.41518278750000004 0.7616473218750001 0.41072098281249997 0.7588380453125 0.4082423109375 0.7591686515625 0.4014670140625 0.762308284375 0.400475446875 0.7657787703125 0.401136409375 0.7707363593750001 0.4027889390625 0.7756939484375 0.407085565625 0.7771810515625 0.41138194375000003 0.776189484375 0.4231150796875 0.7756939484375 0.44773759843749994 0.7766852671875 0.44953744999999995 0.7752346234374999 0.44953744999999995 0.7803928578125 0.4511584828125 0.78717261875
1 0.43269965312499997 0.7431391374999999 0.4338563984375 0.7409908234375 0.430220734375 0.7340503468749999 0.4279072421875 0.7282663687500001 0.42344543593750006 0.724961309375 0.410555803125 0.7264486609375 0.40295411718749996 0.7390079359375 0.40857266875000003 0.75189756875 0.41171255 0.7556984124999999 0.42063616093749995 0.755037203125 0.42691567499999994 0.7552026296875 0.4303861609375 0.7494186515625 0.4325342265625 0.7449568453125 0.42641989062499996 0.7431391374999999 0.4237760421875 0.7436349203125 0.42030580312500004 0.7462790171875 0.418487846875 0.747105159375 0.417165921875 0.7457832343749999 0.418818453125 0.7414866078125 0.42113194375 0.7404950390625 0.4267504953125 0.74214756875 0.43269965312499997 0.7431391374999999
1 0.3953172125 0.7404052578125 0.3984818953125 0.73671329375 0.3986138390625 0.733944196875 0.3976907234375 0.7315706843750001 0.39413045625 0.7294608140625 0.3953172125 0.7323618546875 0.3953172125 0.734471478125 0.3936029265625 0.73671329375 0.390042659375 0.7365813484375 0.3879327875 0.7332847218749999 0.387537203125 0.7311750984375001 0.3847681046875 0.733944196875 0.3854275796875 0.7375044640625 0.3896470734375 0.7409327875 0.3953172125 0.7404052578125
3 0.7609196421875 0.4153501984375 0.759402778125 0.42536235156249996 0.774269096875 0.42354191406249997 0.7800337296875 0.4156537703125 0.780337053125 0.41019246093749995 0.7791235125 0.40382118125 0.7754828875 0.39653968281249996 0.7666842765624999 0.393809028125 0.7603129953125001 0.391988590625 0.7603129953125001 0.400787203125 0.7672911703125 0.40624826406250003 0.7688080359375 0.41110267812499995 0.7657740578125 0.41352976249999995 0.7609196421875 0.4153501984375
2 0.149238590625 0.6595503468749999 0.1734866078125 0.67288665625 0.206706596875 0.6859806546875 0.2787237109375 0.706106646875 0.32698735156250003 0.713138640625 0.3587524796875 0.7160486109375 0.385425346875 0.713866071875 0.4130682046875 0.7109563484375 0.44022619062499996 0.7053792156250001 0.48338789687499994 0.6869506453125 0.52363988125 0.66391493125 0.5643767359375 0.6350595234374999 0.5951721234375 0.6091140875 0.6199052578125 0.5882606640625 0.6548224203124999 0.546311259375 0.67543353125 0.5235181046874999 0.689982390625 0.5096966765625 0.704288690625 0.496844990625 0.7319317953125 0.47696155781250005 0.7537549609374999 0.45950272812500004 0.82116493125 0.41925099218749995 0.8250446421875001 0.41440128906249996 0.8240746531250001 0.41003645781250003 0.8192251984375 0.4042170140625 0.813648065625 0.40130729218749994 0.8117227187499999 0.4024952875 0.7443177078125001 0.444939484375 0.7038231640625 0.474037203125 0.677392609375 0.49416319375000006 0.6676837796874999 0.5053172125 0.6422232140624999 0.5336877484375 0.5925047125 0.5863159718750001 0.5503129953125 0.6251130953125 0.4938000984375 0.6614900796875001 0.4506383921875 0.6799186515625 0.41887822343750003 0.6913154765625 0.3711091265625 0.69665005 0.3177631453125 0.69471006875 0.25593030781250004 0.68185863125 0.21786086249999997 0.6699769343749999 0.1737291671875 0.6542157734375 0.149238590625 0.6401517859375 0.125 0.6154186515625 0.125 0.641121528125 0.12717261875000002 0.6433040671875 0.149238590625 0.6595503468749999
2 0.21665972187500002 0.2968454859375 0.24661383906249998 0.2612001484375 0.217558284375 0.283665675 0.19359499062500002 0.3016381453125 0.16453943437500002 0.3247028765625 0.1399771828125 0.35375843281249997 0.125 0.3828139875 0.1276959328125 0.4052795140625 0.14596800625 0.370233134375 0.168133928125 0.3438735125 0.20108358124999998 0.3109241078125 0.21665972187500002 0.2968454859375
2 0.2035037203125 0.318712053125 0.2082963796875 0.30673040625 0.1702547125 0.3483665671875 0.1519826390625 0.37292906718749996 0.1385032234375 0.40108606093750004 0.133710565625 0.42652901718749997 0.1319134421875 0.45079191406249997 0.1376046625 0.4756537703125 0.1444821421875 0.496334078125 0.1609568453125 0.527486359375 0.183123015625 0.55983680625 0.195404265625 0.57930704375 0.212478175 0.5939846234374999 0.24153348281250003 0.6182475203125 0.2765798609375 0.6347222218749999 0.3236078875 0.6493998015625 0.379023065625 0.658685515625 0.43144295625 0.6613814484375 0.4808670640625 0.6577869546875 0.5045310015625 0.6532938984375 0.543171875 0.62723363125 0.5021227671874999 0.6374181546875 0.42004836250000005 0.6452063484375 0.3622368546875 0.6404134421875 0.31221329375 0.6287373515625 0.2702775296875 0.614359375 0.22953993125 0.587101190625 0.1947931546875 0.5520548109375001 0.1774196421875 0.5203033234375 0.15765005 0.4909484125 0.1495625 0.4562016375 0.14626736093749998 0.43523363125000003 0.15315699375 0.39988789687500004 0.1729265875 0.3657400796875 0.1953921125 0.3381822921875 0.1954161703125 0.3327904265625 0.19841170625 0.327398809375 0.2035037203125 0.318712053125
2 0.712102678125 0.49446502968750006 0.684996528125 0.5156138390625 0.6709967765625 0.5325925093749999 0.683805059375 0.5254437000000001 0.67546478125 0.5379541171875 0.656698909375 0.558805059375 0.6260181046875 0.5835282734375 0.6161884921875 0.5942517359374999 0.5932524796875 0.6109325390625 0.5625716765625 0.638038690625 0.5694228671875 0.6377408234375 0.6105290171875 0.6177834828125001 0.6355500984375 0.6019962796875 0.671592509375 0.5769751984375 0.6960178578125 0.5510605156249999 0.7165709328125 0.52663516875 0.7293792156250001 0.501315971875 0.7404005453125 0.4733162203125 0.734741071875 0.477486359375 0.725209078125 0.48344394843750005 0.712102678125 0.49446502968750006
2 0.7058474703125001 0.556719990625 0.71150694375 0.535869046875 0.710017609375 0.539443453125 0.6975071921875 0.553443453125 0.7058474703125001 0.556719990625
2 0.3540907734375 0.6145890374999999 0.361451140625 0.6207993546874999 0.4010131453125 0.63736011875 0.42355406718750005 0.6438005953125 0.49117733125 0.639200396875 0.535339534375 0.6283898812500001 0.5440798609375 0.6249397328125 0.5631708828125 0.6125190968750001 0.5401696421875 0.6175793656249999 0.5121083828125 0.6214895828125 0.4757666171875 0.6247095734375 0.4350548109375 0.6207993546874999 0.39871304531249996 0.6118291171875 0.39411284687500003 0.6118291171875 0.386522321875 0.6138990578125 0.3540907734375 0.6145890374999999
2 0.191080853125 0.395515625 0.1866212796875 0.42617559531250004 0.1891297125 0.46770610156250003 0.19916393906250002 0.49446403749999995 0.21783878906249998 0.52150074375 0.2484990078125 0.5477013890625 0.2735845734375 0.5596865078125 0.2972765375 0.56776959375 0.322362103125 0.57418055625 0.3413154765625 0.5758529265625 0.3493985609375 0.5789188984375 0.38284598281250004 0.5939702375 0.3811736109375 0.5970362109375 0.3507921625 0.5948063 0.3201321921875 0.574737846875 0.28389756875 0.56693353125 0.3176235125 0.5939702375 0.2836188 0.584493303125 0.24459672656250003 0.56693353125 0.21421527812500002 0.540454365625 0.200836309375 0.513696428125 0.1916383921875 0.48693849218749996 0.18634250937500002 0.458508184375 0.18522767812500002 0.41781374062500004 0.195540675 0.37210243125 0.181325396875 0.41586284687499997 0.17575074375 0.4442931546875 0.17575074375 0.46965724218749993 0.177701884375 0.4939067453125 0.1866212796875 0.524009425 0.20639434531249998 0.554112103125 0.2203306046875 0.5674910718749999 0.2401202875 0.5833784718749999 0.267714534375 0.5975937499999999 0.2925213296875 0.6048405265625 0.3215091765625 0.6106939484375 0.34798834375 0.6140386906249999 0.36024677656250004 0.6126450890624999 0.3722321421875 0.6118087796875 0.3886770828125 0.611530009375 0.4081879953125 0.6087428078125 0.42686284687500003 0.6070704359375 0.43271602187499997 0.60734920625 0.4410778765625 0.6081852671875 0.4572442953125 0.610415178125 0.481772321875 0.6098576390625 0.49793849218749997 0.6087428078125 0.5163345734375 0.6079064984375 0.5442075890625 0.6014957843750001 0.5731951890625 0.5895104171875001 0.6005106640625 0.57641021875 0.6216939484374999 0.5549481640625 0.5751463296875 0.564982390625 0.5492247031249999 0.5744590781250001 0.5023983140625 0.5828209328125 0.5082514875 0.577525296875 0.5163345734375 0.577246528125 0.5316646828125 0.5736230156250001 0.554241815625 0.5658187 0.5626036703125 0.5635887890625 0.5896401296875 0.5605228171875 0.6225302578125 0.5521609625 0.6275473703125 0.5488162203125 0.6462219734375 0.5287477671875 0.6253174609375 0.5354372515625 0.595772321875 0.542962796875 0.60469146875 0.5373883921875 0.625875 0.5203859125 0.64650074375 0.49613640937500003 0.6584861109375 0.47578943437500004 0.6676842765625 0.46018055625 0.6827353671874999 0.4376036703125 0.6924910718749999 0.41223933593749995 0.6994590781250001 0.39495808593750004 0.7000166171875 0.366527778125 0.6986230156250001 0.347016865625 0.6930483625 0.3180290171875 0.6844077375000001 0.28597519843749997 0.6774397328124999 0.2695302578125 0.6660119046874999 0.25001934531250003 0.6476158234375 0.228278521875 0.6331217765625 0.21768675625 0.61249603125 0.20430778749999998 0.5876889875 0.19427356093749998 0.568735615625 0.18869915625 0.5285987109375 0.18368204375 0.4948725203125 0.18256721250000002 0.4605890375 0.1850756453125 0.47731274843750005 0.1881416171875 0.5235815968749999 0.195388640625 0.5419776781250001 0.19455233125 0.5692931546875 0.20012698437499998 0.600789434375 0.2104399796875 0.619185515625 0.2199166671875 0.6425987109375 0.2402638890625 0.6626671625 0.26869419687499996 0.6710290171875 0.2909923109375 0.6799481640625 0.320258928125 0.6863588796875 0.36959375 0.684129215625 0.39412202343749997 0.676324653125 0.41865005 0.665733134375 0.4387185015625 0.6314494046875 0.4782978671875 0.5910337296875 0.5117452874999999 0.5617673609375 0.5315349703125001 0.5283256453125 0.55104613125 0.496271825 0.5641463296875 0.4519484125 0.5674910718749999 0.4728529265625 0.558850446875 0.4416354171875 0.5518821921875 0.423796875 0.557178075 0.38895585312500003 0.5621951890625 0.34045709375 0.56191641875 0.298090278125 0.5524397328124999 0.269938740625 0.541569196875 0.23900000000000002 0.5189923109375 0.22199752031250003 0.500875 0.21140575468749997 0.47857663749999996 0.2036014390625 0.45934449375 0.20081423593749997 0.4245032234375 0.2036014390625 0.399696428125 0.1980491078125 0.3893834328125 0.19498313437499998 0.3785131453125 0.191080853125 0.395515625
2 0.6671197921875 0.462709821875 0.6660885421875 0.47439781718749996 0.6588695437500001 0.4902110609375 0.64202505 0.5139310515625 0.6231178078124999 0.53593204375 0.6451188 0.5276817953124999 0.65749454375 0.5125560515625 0.6733077875 0.49639905781250004 0.6788080359374999 0.4819608140625 0.686027034375 0.4592720734375 0.68912103125 0.43177083281249995 0.685339534375 0.43314583281249996 0.6805267859375 0.44449007968750004 0.6671197921875 0.462709821875
2 0.7052780265624999 0.4726790671875 0.7231537703125 0.45824082343750006 0.746530009375 0.44380257968750003 0.75718675625 0.43452108125000005 0.75959300625 0.40289434531249996 0.75821800625 0.381580853125 0.7499677578124999 0.3571733625 0.7434360125 0.3430791171875 0.729341765625 0.322453125 0.7087157734375 0.30560838281249997 0.69152728125 0.2897951390625 0.686027034375 0.2870451390625 0.6929022812500001 0.3045771328125 0.701152778125 0.3142026296875 0.7183410218749999 0.32623437499999997 0.7283102671874999 0.33998511875 0.7348420140624999 0.3527046125 0.7406860125 0.366798859375 0.745498759375 0.3884563484375 0.747217509375 0.40598834375 0.746873759375 0.4163013390625 0.7413735124999999 0.393269096875 0.7283102671874999 0.3619861109375 0.714216021875 0.33654737031250004 0.6970275296875 0.3148901296875 0.69152728125 0.30492088281249996 0.702871528125 0.3588923609375 0.700465278125 0.378487103125 0.699434028125 0.395331596875 0.698402778125 0.4001443453125 0.6970275296875 0.40701959375 0.700809028125 0.4300520828125 0.7042467765625 0.44724032812500003 0.7042467765625 0.463741071875 0.7052780265624999 0.4726790671875
2 0.28716244999999996 0.5484146828124999 0.3041564984375 0.552447171875 0.28716244999999996 0.5285404265625 0.2612395828125 0.487927828125 0.25288665625 0.46258085312499997 0.251446428125 0.4527876984375 0.2451096234375 0.45249975156250005 0.24537321093750003 0.47199442343750003 0.2393489578125 0.4496192953125 0.23733283749999998 0.44213045624999997 0.2284037703125 0.4369459328125 0.2243712796875 0.43320138906250005 0.22005084375 0.4265766375 0.22350719218749998 0.45249975156250005 0.23502852187499998 0.4885037203125 0.25000619999999996 0.5210515874999999 0.255190971875 0.5317088296875 0.28716244999999996 0.5484146828124999
2 0.2606634421875 0.4836071421875 0.2635438984375 0.4905200890625 0.2788095234375 0.5152909218749999 0.293211309375 0.531420634375 0.312509425 0.5475505953125 0.3231666671875 0.555615575 0.3407366078125 0.5610880453125 0.3704040171875 0.561376240625 0.40381572343750005 0.5602239578125 0.37962103125 0.5495667156249999 0.352834078125 0.537757440625 0.329215278125 0.520475446875 0.306748759375 0.49743278750000003 0.2828420140625 0.481303075 0.25547891875 0.45941245 0.255190971875 0.46632514843750006 0.256630953125 0.46747743125 0.2606634421875 0.4836071421875
2 0.4133209328125 0.590179315625 0.455373759375 0.5798102671875001 0.49598635937499996 0.5645443953125 0.46775917656250005 0.56627256875 0.43895585312499996 0.5682889390625 0.405255953125 0.576641865625 0.3574424609375 0.5792341265625 0.367523809375 0.5864350203125 0.387398065625 0.5945 0.4133209328125 0.590179315625
2 0.286568453125 0.42452455312500004 0.291608134375 0.4094052578125 0.3019841265625 0.384799603125 0.31739980156250003 0.3613794640625 0.3366693953125 0.34299925625 0.36186805624999996 0.324619046875 0.390920634375 0.3118712796875 0.4214556046875 0.3017919140625 0.447840278125 0.2964556046875 0.4810610125 0.294665178125 0.5118923609375 0.2982224703125 0.5442061015624999 0.30533755 0.5729623015625 0.317788690625 0.595789434375 0.33053621093749996 0.620691715625 0.3524739578125 0.6346252484375 0.37115079375 0.6444082343749999 0.3916061515625 0.651523065625 0.4129508921875 0.65181944375 0.4212517359375 0.665456596875 0.3972388390625 0.6550806046875 0.374115328125 0.6473727671875 0.35899603125 0.6535982140625001 0.36373933593749996 0.6624920640624999 0.3886416171875 0.666938740625 0.3916061515625 0.6710892859375 0.372929315625 0.6618990578124999 0.35306696406250004 0.64855853125 0.3373546625 0.664863590625 0.3492130453125 0.672571428125 0.360478175 0.6737571921875001 0.345951884375 0.672571428125 0.33350074375 0.6696068953125 0.3222353671875 0.66397420625 0.31482415625 0.650040921875 0.30622693437500004 0.6260280265625 0.2911076390625 0.5969751984375 0.27776711249999997 0.579484375 0.26828050625 0.5619935515625001 0.2626478171875 0.5234541171875 0.249900296875 0.484322171875 0.240413690625 0.47691071406249996 0.2386349203125 0.5154499015625 0.242785465625 0.5557678578125 0.2501966765625 0.584820684375 0.25760813437499996 0.6115014875 0.26501959375 0.6369967765625 0.2902182546875 0.65241245 0.30148363125 0.6604166671875 0.31097023749999997 0.6737571921875001 0.3085984625 0.6663459828125 0.289032490625 0.6533018359375 0.269762896875 0.6346252484375 0.25020858125 0.5960858140624999 0.220859375 0.5756304562500001 0.21226215312500002 0.5548784718750001 0.20218278750000002 0.5379806546875 0.1977358625 0.48076463281250004 0.1885458828125 0.44904389843750003 0.1861741078125 0.4362963796875 0.1900280265625 0.408429315625 0.190324653125 0.3574389875 0.201886409375 0.32482886875 0.21315153750000002 0.28895783750000004 0.23004960312499997 0.245082340625 0.260880953125 0.211879215625 0.3023849203125 0.195277778125 0.33707018906249997 0.19231324375 0.3643439984375 0.20209622968750002 0.399622271875 0.2391532734375 0.44735168593749997 0.276803075 0.4761078875 0.348841765625 0.5158328375 0.41821254999999996 0.5454784218750001 0.4798752484375 0.558226190625 0.5047775296875 0.5570401781250001 0.526715278125 0.5478501984374999 0.4778000984375 0.5439962796875 0.41821254999999996 0.5279875984375 0.3280900296875 0.491819940625 0.2788782234375 0.45920982187500003 0.254865328125 0.44142261875 0.2385602671875 0.4254139390625 0.21869766875000002 0.39902926562499996 0.21052415624999998 0.37619129687499997 0.21958705312500001 0.3542646328125 0.2338169640625 0.334402034375 0.24300719218750003 0.324619046875 0.2326312 0.34448139843750003 0.22640575468750002 0.36256522812499997 0.2219588296875 0.3806490578125 0.21929067500000002 0.39725074375 0.23352058593749997 0.415630953125 0.235595734375 0.3850959828125 0.24300719218750003 0.3581185515625 0.254865328125 0.332326884375 0.26939161718750004 0.3100927578125 0.28836483125 0.28934077343750003 0.3147495046875 0.270960565625 0.3562532234375 0.255544890625 0.39657118125 0.24694766875 0.445486359375 0.24902281718750002 0.4988484625 0.25702703437499996 0.556064484375 0.2751108625 0.5121889875 0.2691817953125 0.46623834375 0.265920634375 0.40931870000000004 0.274221478125 0.3660362109375 0.28578323437500003 0.3592177578125 0.29111954375 0.324843821875 0.31422810156250003 0.317937515625 0.32113440937500004 0.2999265875 0.340034721875 0.26968824375 0.41592733125 0.2711703875 0.4411259921875 0.272652778125 0.4497232140625 0.2648300171875 0.44525309843749994 0.2732455359375 0.45179836250000005 0.28510391875 0.46039558593749996 0.29131175625 0.463953125 0.286568453125 0.443201140625 0.286568453125 0.42452455312500004
2 0.6231884921875 0.4752482640625 0.6568343249999999 0.43510243125 0.6702162703125001 0.4163678078125 0.6832157734375001 0.3896041671875 0.6851274796875 0.3827219734375 0.6832157734375001 0.350987846875 0.6759513890625 0.31390079375 0.6705987109375 0.3108420140625 0.6637165171875 0.312371528125 0.6721279765625 0.3223122515625 0.6740396828125 0.33913516875 0.67518675625 0.35442881875 0.6759513890625 0.366663690625 0.67518675625 0.378133928125 0.66256944375 0.39992733125 0.6545404265625 0.4163678078125 0.6300706843749999 0.44733730156249996 0.59298363125 0.47945386875 0.5616319437499999 0.50086483125 0.5184275796875 0.5241875 0.4805758921875 0.5406282234375 0.47445833281249994 0.54253993125 0.5065749015625001 0.5463633437500001 0.5467204859375 0.5253345734375 0.5796016859375 0.5096587296874999 0.6231884921875 0.4752482640625
3 0.7018415171875 0.5887371031249999 0.6984813984375 0.5849553578125 0.70079141875 0.5805431546875 0.7045714281250001 0.5788623515625 0.7098214281249999 0.5834846234375 0.708771578125 0.5866361609374999 0.7106614578125 0.5923087796875001 0.7125515874999999 0.588527034375 0.7121314484375 0.583274553125 0.710871528125 0.5784422124999999 0.7070915171875 0.5757108140625 0.7010014875 0.5759208828125 0.69554141875 0.5811736109375001 0.698271578125 0.591888640625 0.7098214281249999 0.595040178125 0.7100314984375 0.5914685015625001 0.707511409375 0.5893675593750001 0.7018415171875 0.5887371031249999