2 0 0.6788194437499999 0.0042162703125 0.6803075390625 0.0421626984375 0.68799603125 0.1976686515625 0.7150297625 0.2110615078125 0.716269840625 0.2636408734375 0.7271825390625 0.278769840625 0.7289186515625 0.2948908734375 0.7323908734375 0.4476686515625 0.7586805562500001 0.46279761875 0.762152778125 0.48214285781250005 0.7643849203124999 0.49677579375 0.768105159375 0.54637896875 0.7762896828125 0.5664682546875001 0.780505953125 0.6175595234375 0.7884424609375 0.6339285718750001 0.7921626984375 0.65029761875 0.794146825 0.6540178578125 0.7953869046875 0.65674603125 0.7978670640625001 0.661954365625 0.7988591265625 0.665674603125 0.797619046875 0.66865079375 0.794394840625 0.6703869046875 0.790674603125 0.6728670640625001 0.7790178578125 0.674355159375 0.7609126984375 0.6731150796875001 0.7435515875 0.671626984375 0.7395833328125 0.6696428578125 0.737351190625 0.2914186515625 0.67137896875 0.259424603125 0.6669146828125 0.23958333281250002 0.662450396875 0.18030753906250002 0.6525297625 0.15873015937499999 0.6475694437499999 0.1289682546875 0.643601190625 0.09970238125 0.638144840625 0.0915178578125 0.637896825 0.08407738125 0.6354166671875 0.055555556250000006 0.63095238125 0.0262896828125 0.624255953125 0.0052083328125 0.6212797625 0 0.622023809375 0 0.6788194437499999
1 0.333829365625 0.4518849203125 0.3395337296875 0.446924603125 0.3581349203125 0.422123015625 0.3675595234375 0.4074900796875 0.3700396828125 0.4052579359375 0.3735119046875 0.3990575390625 0.37400793593750004 0.391369046875 0.3702876984375 0.38392857187499996 0.3648313484375 0.37847222187499996 0.3576388890625 0.374751984375 0.3492063484375 0.374751984375 0.3454861109375 0.37549603125000003 0.3420138890625 0.377480159375 0.328373015625 0.393105159375 0.327380953125 0.3953373015625 0.328125 0.41765872968749995 0.33134920625 0.43353174531249994 0.33258928593750003 0.44866071406249997 0.333829365625 0.4518849203125
1 0.23363095312499998 0.5396825390625 0.24007936562499999 0.544146825 0.24826388906250002 0.5478670640625001 0.2554563484375 0.549603175 0.2604166671875 0.5486111109375 0.2668650796875 0.5458829359374999 0.27430555624999997 0.5394345234375 0.27529761875 0.5334821421875 0.27157738125 0.5071924609375 0.2671130953125 0.497023809375 0.2614087296875 0.477678571875 0.259424603125 0.4766865078125 0.2537202375 0.481398809375 0.246527778125 0.491071428125 0.2420634921875 0.4952876984375 0.2385912703125 0.5012400796875001 0.2279265875 0.5119047625 0.2242063484375 0.518601190625 0.2242063484375 0.52529761875 0.2279265875 0.5334821421875 0.230902778125 0.5357142859375 0.23363095312499998 0.5396825390625
1 0.531001984375 0.5238095234375 0.5642361109375 0.53447420625 0.588045634375 0.5176091265625 0.5949900796875001 0.5104166671875 0.593501984375 0.5042162703125 0.5885416671875 0.499751984375 0.5558035718750001 0.4890873015625 0.54365079375 0.4861111109375 0.5379464281249999 0.48363095312500004 0.52529761875 0.48065476250000005 0.521825396875 0.484126984375 0.514880953125 0.49553571406249997 0.512152778125 0.5074404765625 0.5116567453124999 0.514880953125 0.5138888890625 0.5195932546875001 0.528273809375 0.5238095234375 0.531001984375 0.5238095234375
5 0.43161458281250004 0.6051587296875 0.45443204374999996 0.6140873015625 0.46261656718750005 0.6143353171875 0.4660887890625 0.611855159375 0.47080109062500003 0.6103670640625001 0.48295386875 0.6016865078125 0.48766617031250004 0.596230159375 0.49411458281250004 0.5925099203124999 0.50403521875 0.5835813484375 0.5082514875 0.577380953125 0.525747271875 0.522928571875 0.512169146875 0.518945684375 0.5112638890625 0.512065971875 0.5141604656250001 0.49649652812499995 0.5192296625 0.4849099703125 0.5244799109375 0.4787544640625 0.5400493546875 0.48364260937500003 0.5501877484375 0.4544950390625 0.51321180625 0.44146825468750006 0.5003149796875 0.437748015625 0.4980828375 0.4362599203125 0.49411458281250004 0.43526785781250005 0.4928745046875 0.4362599203125 0.48493799531250004 0.45238095312500004 0.4616245046875 0.5101686515625 0.45517609062500003 0.525049603125 0.42591021875 0.5949900796875001 0.42665426562500003 0.597222221875 0.4254141859375 0.6006944437499999 0.42591021875 0.6039186515625 0.43161458281250004 0.6051587296875
5 0.263144840625 0.4796626984375 0.2641369046875 0.48784722187499996 0.28174603125000003 0.5570436515625 0.2849702375 0.562748015625 0.29092261875 0.56845238125 0.302579365625 0.5726686515625 0.314980159375 0.5731646828125 0.3258928578125 0.5701884921875 0.3335813484375 0.5644841265625 0.3395337296875 0.5575396828125 0.3415178578125 0.5515873015625 0.3417658734375 0.544146825 0.3320932546875 0.4481646828125 0.3303571421875 0.44593253906249997 0.3296130953125 0.442584325 0.327876984375 0.41319444375 0.3204365078125 0.3556547625 0.3139880953125 0.29340277812500004 0.3072916671875 0.28125 0.2981150796875 0.2730654765625 0.28174603125000003 0.2668650796875 0.26215277812500004 0.266369046875 0.2519841265625 0.2676091265625 0.2398313484375 0.27232142812500004 0.23164682499999997 0.27777777812500004 0.22569444375 0.28447420625 0.22073412656250002 0.2956349203125 0.22048611093749998 0.30555555624999997 0.24727182499999997 0.41468253906249997 0.2581845234375 0.4635416671875 0.263144840625 0.4796626984375
5 0.3678075390625 0.37388194375 0.375248015625 0.388266865625 0.377728175 0.3966994046875 0.3787202375 0.40463591250000003 0.389880953125 0.43092559531249996 0.393353175 0.4368779765625 0.3998015875 0.43811805625 0.40426587343750003 0.4410942453125 0.4117063484375 0.4428303578125 0.41741071406249997 0.44803869062499996 0.4208829359375 0.4527509921875 0.42843973281250003 0.4581188 0.43499627968750004 0.46631448437499995 0.4387787703125 0.47766220312499996 0.43915699375 0.488631696875 0.4357638890625 0.4993779765625 0.43353174531249994 0.5070664687499999 0.43526785781250005 0.5088025796875 0.43700396875 0.5157470234375 0.4392361109375 0.516987103125 0.446924603125 0.5179791671875 0.45089285781250005 0.516987103125 0.452876984375 0.5145069437500001 0.456101190625 0.51351488125 0.459821428125 0.5097946421875 0.4623015875 0.5043382937499999 0.456101190625 0.4906974203125 0.456101190625 0.48623313437500004 0.45882936562500004 0.4842490078125 0.459821428125 0.4817688484375 0.4595734125 0.47780059531249996 0.41046627031250005 0.3686736109375 0.3953373015625 0.3309751984375 0.393105159375 0.32775099218750003 0.388144840625 0.32378273750000003 0.381200396875 0.3217986109375 0.3764880953125 0.3217986109375 0.36532738125 0.3255188484375 0.362103175 0.3284950390625 0.3576388890625 0.335935515625 0.3571428578125 0.3431279765625 0.362351190625 0.3594970234375 0.3670634921875 0.369913690625 0.3678075390625 0.37388194375
5 0.359375 0.5228174609375 0.3643353171875 0.5248015875 0.3685515875 0.52802579375 0.3841765875 0.534226190625 0.39955357187499996 0.533730159375 0.41220238125 0.528521825 0.4201388890625 0.521825396875 0.43303571406249997 0.5064484125 0.43799603125 0.491071428125 0.437748015625 0.4769345234375 0.43353174531249994 0.46651785781250005 0.4302943953125 0.461868303125 0.421875 0.4516369046875 0.41195436562500004 0.4422123015625 0.3978174609375 0.4384920640625 0.3883928578125 0.4389880953125 0.3787202375 0.44146825468750006 0.3675595234375 0.44742063437499996 0.3608630953125 0.452876984375 0.3519345234375 0.4635416671875 0.3474702375 0.47222222187499996 0.343501984375 0.48487103125 0.34474206406249996 0.5037202375 0.3474702375 0.5106646828125 0.3514384921875 0.516369046875 0.359375 0.5228174609375
5 0.44469246093750003 0.375248015625 0.44965277812500004 0.37822420625 0.4543650796875 0.38368055624999997 0.4858630953125 0.42237103125 0.4923115078125 0.42782738125 0.5040481156250001 0.43570089218749997 0.51065079375 0.436822171875 0.5209908234375 0.4319635421875 0.53332415625 0.42062673593750005 0.5406743546875 0.42822619062499995 0.5461557546875 0.42722941406250003 0.5505161203125 0.41975471249999996 0.5467787703125 0.4143978171875 0.5546272328125 0.40343477187500004 0.5580357140625 0.37599206406249996 0.5572916671875 0.3727678578125 0.493799603125 0.30654761875 0.490575396875 0.3048115078125 0.48635912656249997 0.3040674609375 0.47445436562500004 0.3053075390625 0.466269840625 0.3085317453125 0.4513888890625 0.3172123015625 0.44717261875 0.32142857187499996 0.4384920640625 0.33506944375000003 0.43402777812500004 0.3501984125 0.43402777812500004 0.3573908734375 0.4362599203125 0.3640873015625 0.44097222187499996 0.36904761875 0.44469246093750003 0.375248015625
5 0.55927579375 0.3695436515625 0.5572916671875 0.393353175 0.5560515875 0.3958333328125 0.556299603125 0.40302579375 0.55282738125 0.41319444375 0.5518353171875 0.42237103125 0.5508432546875001 0.424355159375 0.5513392859375 0.428075396875 0.5483630953125 0.4310515875 0.546130953125 0.4427083328125 0.54737103125 0.4513888890625 0.5510912703125 0.455853175 0.5513392859375 0.4605654765625 0.556299603125 0.46949404687499996 0.56845238125 0.48214285781250005 0.578869046875 0.48809523749999995 0.5989583328125 0.4935515875 0.615079365625 0.4952876984375 0.6195436515625 0.491071428125 0.6232638890625 0.4898313484375 0.6458333328125 0.4704861109375 0.658730159375 0.45734127031250005 0.6698908734375 0.43799603125 0.67137896875 0.4325396828125 0.6736111109375 0.4298115078125 0.6852678578125 0.40302579375 0.690476190625 0.3886408734375 0.693204365625 0.38467261875 0.6959325390625 0.3769841265625 0.7008928578125 0.3697916671875 0.702876984375 0.358630953125 0.702876984375 0.3519345234375 0.7011408734375 0.34375 0.69345238125 0.325396825 0.690972221875 0.3234126984375 0.684771825 0.3142361109375 0.678075396875 0.30803571406249997 0.669394840625 0.3023313484375 0.6547619046875 0.296130953125 0.634920634375 0.29241071406249997 0.62549603125 0.2921626984375 0.612103175 0.29365079375 0.5954861109375 0.3005952375 0.57762896875 0.31349206406249996 0.5714285718750001 0.3201884921875 0.5669642859375 0.3301091265625 0.5647321421875 0.33779761875 0.5644841265625 0.3521825390625 0.5637400796875001 0.3571428578125 0.5615079359374999 0.3611111109375 0.55927579375 0.3695436515625
5 0.466269840625 0.6654265875 0.47073412656249997 0.6738591265625 0.47842261875 0.6825396828125 0.4856150796875 0.6889880953125 0.48635912656249997 0.690972221875 0.493799603125 0.6986607140625 0.49627976250000005 0.699652778125 0.5014880953125 0.7048611109375 0.509424603125 0.7083333328125 0.518105159375 0.7105654765625 0.5223214281249999 0.7110615078125 0.5270337296875 0.7098214281249999 0.5798611109375 0.662450396875 0.606398809375 0.6361607140625 0.6170634921875 0.627480159375 0.6542658734375 0.59325396875 0.6617063484375 0.587549603125 0.6768353171875 0.57217261875 0.7083333328125 0.544146825 0.713045634375 0.5394345234375 0.7142857140625 0.536954365625 0.718998015625 0.5334821421875 0.7207341265625 0.528769840625 0.7304067453124999 0.5230654765625 0.740079365625 0.5141369046875 0.7428075390625 0.5101686515625 0.7452876984375 0.49925595312500004 0.7445436515625 0.4890873015625 0.740079365625 0.4769345234375 0.731398809375 0.46478174531249994 0.7175099203124999 0.45238095312500004 0.7113095234375 0.44866071406249997 0.7041170640625001 0.4456845234375 0.6897321421875 0.443700396875 0.6800595234375 0.44593253906249997 0.6507936515625 0.46825396875 0.644097221875 0.474950396875 0.634920634375 0.48090277812500004 0.6299603171875 0.486855159375 0.625 0.4890873015625 0.6230158734375 0.4923115078125 0.6103670640625001 0.499751984375 0.5979662703125 0.5101686515625 0.593998015625 0.5119047625 0.5833333328125 0.5220734125 0.5791170640625001 0.5238095234375 0.574652778125 0.52802579375 0.5711805562500001 0.5297619046875 0.5637400796875001 0.5376984125 0.5069444437499999 0.58134920625 0.497023809375 0.5915178578125 0.4861111109375 0.596726190625 0.46031746093750003 0.6178075390625 0.4585813484375 0.62177579375 0.455605159375 0.62450396875 0.4543650796875 0.6289682546875001 0.4548611109375 0.6391369046875 0.46006944375 0.653521825 0.46155753906249997 0.66220238125 0.466269840625 0.6654265875