2 0.696924603125 0.4578373015625 0.7646329359374999 0.4704861109375 0.840773809375 0.48759920625 0.846478175 0.48809523749999995 0.8767361109375 0.49553571406249997 0.9025297625 0.500248015625 0.9154265875 0.5042162703125 0.9198908734375 0.502976190625 0.921626984375 0.5012400796875001 0.9263392859374999 0.49280753906249997 0.9335317453125 0.46552579375 0.93427579375 0.45734127031250005 0.93154761875 0.4546130953125 0.928075396875 0.453125 0.9151785718750001 0.4513888890625 0.90625 0.44866071406249997 0.8772321421875 0.44320436562500004 0.865079365625 0.44196428593750003 0.8258928578125 0.43402777812500004 0.8107638890625 0.4322916671875 0.762896825 0.422123015625 0.697420634375 0.41071428593750003 0.693204365625 0.408978175 0.6820436515625 0.408978175 0.6800595234375 0.41046627031250005 0.6788194437499999 0.4139384921875 0.6785714281249999 0.446428571875 0.6793154765625 0.45114087343750003 0.681795634375 0.45386904687499996 0.696924603125 0.4578373015625
2 0.5171130953125 0.41790674531249994 0.5327380953125 0.4233630953125 0.5416666671875 0.42410714218749995 0.5818452375 0.43377976250000005 0.590773809375 0.435019840625 0.5957341265625 0.434771825 0.5974702375 0.43377976250000005 0.5984623015625 0.4310515875 0.5974702375 0.39930555624999997 0.596726190625 0.3953373015625 0.593998015625 0.393105159375 0.5761408734375 0.38740079375 0.5625 0.3859126984375 0.5543154765625 0.38392857187499996 0.534226190625 0.38194444375000003 0.528521825 0.37946428593750003 0.5136408734375 0.375744046875 0.5012400796875001 0.374255953125 0.497023809375 0.372271825 0.49553571406249997 0.372519840625 0.49677579375 0.37822420625 0.5119047625 0.4052579359375 0.5171130953125 0.41790674531249994
2 0.39657738125 0.39384920625 0.4166666671875 0.39409722187499996 0.41989087343750003 0.3928571421875 0.42410714218749995 0.387648809375 0.428075396875 0.38740079375 0.44171627031250005 0.3829365078125 0.4516369046875 0.381200396875 0.46279761875 0.375248015625 0.46155753906249997 0.37177579375 0.4670138890625 0.37152777812500004 0.468501984375 0.3695436515625 0.46552579375 0.3665674609375 0.40401785781250005 0.35342261875 0.40054563437499996 0.3546626984375 0.3948412703125 0.359126984375 0.391369046875 0.36631944375000003 0.390873015625 0.372271825 0.390625 0.3841765875 0.3921130953125 0.390376984375 0.3943452375 0.3928571421875 0.39657738125 0.39384920625
5 0.2921626984375 0.756200396875 0.29637896874999997 0.7857142859375 0.2988591265625 0.791170634375 0.3112599203125 0.800347221875 0.3229166671875 0.8058035718750001 0.3330853171875 0.8072916671874999 0.341269840625 0.8072916671874999 0.349950396875 0.806795634375 0.3578869046875 0.8045634921874999 0.359623015625 0.8055555562500001 0.3611111109375 0.8102678578125 0.36284722187499996 0.809523809375 0.3643353171875 0.811755953125 0.36284722187499996 0.814980159375 0.3633432546875 0.8177083328125001 0.365079365625 0.818700396875 0.3730158734375 0.81845238125 0.3799603171875 0.814980159375 0.38169642812500004 0.81200396875 0.381200396875 0.8060515875 0.37549603125000003 0.8020833328125001 0.3735119046875 0.7988591265625 0.37822420625 0.7926587296875 0.3814484125 0.7956349203124999 0.387896825 0.796130953125 0.3921130953125 0.793402778125 0.3988095234375 0.7914186515625 0.4072420640625 0.7854662703125 0.4201388890625 0.768105159375 0.4233630953125 0.7576884921875 0.42534722187499996 0.756200396875 0.42584325468750006 0.7544642859375 0.42534722187499996 0.7480158734375 0.4228670640625 0.7425595234375 0.40823412656249997 0.6827876984375 0.40550595312500004 0.6783234125 0.403769840625 0.662450396875 0.3983134921875 0.6418650796875001 0.3918650796875 0.6267361109375 0.39112103125000003 0.6210317453124999 0.3891369046875 0.615575396875 0.375248015625 0.60615079375 0.369295634375 0.6041666671875 0.34821428593750003 0.6021825390625 0.33482142812500004 0.60342261875 0.3239087296875 0.6056547625 0.30555555624999997 0.61259920625 0.30034722187499996 0.6160714281249999 0.291170634375 0.62450396875 0.2867063484375 0.6297123015625 0.28174603125000003 0.638144840625 0.2800099203125 0.6473214281249999 0.2797619046875 0.6572420640625001 0.2827380953125 0.6820436515625 0.28571428593750003 0.696924603125 0.2921626984375 0.756200396875
5 0.278769840625 0.4637896828125 0.283978175 0.465773809375 0.2914186515625 0.47271825468750006 0.2946428578125 0.477678571875 0.299851190625 0.4920634921875 0.30133928593750003 0.503472221875 0.3105158734375 0.5178571421875 0.3125 0.518353175 0.3137400796875 0.5230654765625 0.3137400796875 0.528769840625 0.3144841265625 0.5297619046875 0.31845238125 0.530505953125 0.3241567453125 0.527777778125 0.32762896874999997 0.5248015875 0.35044642812500004 0.5143849203124999 0.3606150796875 0.5116567453124999 0.36532738125 0.5114087296875 0.36830357187499996 0.509424603125 0.380704365625 0.505704365625 0.393601190625 0.499751984375 0.3970734125 0.4990079359375 0.4320436515625 0.4831349203125 0.4583333328125 0.47321428593750003 0.48115079375 0.466269840625 0.4858630953125 0.46279761875 0.500248015625 0.455853175 0.515625 0.45114087343750003 0.5173611109375 0.44965277812500004 0.518105159375 0.44618055625 0.518105159375 0.43328372968749995 0.514880953125 0.4166666671875 0.5071924609375 0.3983134921875 0.5014880953125 0.39012896874999997 0.49925595312500004 0.38368055624999997 0.4898313484375 0.372519840625 0.48635912656249997 0.3707837296875 0.4826388890625 0.3707837296875 0.468998015625 0.375248015625 0.4672619046875 0.377976190625 0.4677579359375 0.3804563484375 0.46478174531249994 0.38169642812500004 0.4635416671875 0.381200396875 0.46279761875 0.3789682546875 0.4623015875 0.381200396875 0.46031746093750003 0.3821924609375 0.4546130953125 0.38169642812500004 0.44717261875 0.3829365078125 0.43799603125 0.38715277812500004 0.43179563437499996 0.3883928578125 0.2946428578125 0.44146825468750006 0.2859623015625 0.44618055625 0.2710813484375 0.4516369046875 0.265873015625 0.4543650796875 0.2673611109375 0.45709325468750006 0.2720734125 0.45882936562500004 0.278769840625 0.4637896828125
5 0.599950396875 0.437251984375 0.6014384921875 0.45773090312500003 0.6014384921875 0.486855159375 0.6046626984375 0.563244046875 0.6073908734375 0.5731646828125 0.6145833328125 0.580605159375 0.6240079359374999 0.5863095234375 0.6386408734375 0.58779761875 0.6426091265625 0.5865575390625 0.643601190625 0.58407738125 0.6475694437499999 0.581101190625 0.650049603125 0.5734126984375 0.66220238125 0.5605158734375 0.67137896875 0.5483630953125 0.690972221875 0.243799603125 0.686755953125 0.23189484062500001 0.68154761875 0.2266865078125 0.66592261875 0.2202380953125 0.6577380953125 0.21924603125000003 0.640376984375 0.218998015625 0.6227678578125 0.22197420625 0.6130952375 0.22544642812500001 0.603670634375 0.2321428578125 0.5992063484375 0.23710317500000003 0.5974702375 0.24181547656250002 0.5954861109375 0.2435515875 0.5954861109375 0.24925595312499998 0.599950396875 0.437251984375
5 0.46428571406249997 0.6383928578125 0.466021825 0.6884920640625001 0.4670138890625 0.830605159375 0.4677579359375 0.8392857140625001 0.4697420640625 0.84424603125 0.47842261875 0.8514384921874999 0.48387896875 0.8514384921874999 0.493303571875 0.8551587296875001 0.502480159375 0.8554067453125 0.5136408734375 0.8539186515624999 0.5200892859375 0.8506944437499999 0.5248015875 0.8454861109375 0.5290178578125 0.843501984375 0.5302579359374999 0.8449900796875 0.5329861109375 0.8454861109375 0.533978175 0.841269840625 0.5332341265625 0.8348214281249999 0.533978175 0.8325892859374999 0.5334821421875 0.8087797625 0.5327380953125 0.806795634375 0.533978175 0.8015873015625001 0.5327380953125 0.784722221875 0.5302579359374999 0.7784392359375001 0.527777778125 0.7306547625 0.5243055562500001 0.705853175 0.5245535718750001 0.697420634375 0.5230654765625 0.6827876984375 0.5200892859375 0.6636904765625 0.5178571421875 0.6272321421875 0.515376984375 0.61904761875 0.51612103125 0.6168154765625 0.518601190625 0.615575396875 0.502976190625 0.6016865078125 0.4990079359375 0.5954861109375 0.4935515875 0.5895337296875 0.4890873015625 0.580605159375 0.4861111109375 0.571924603125 0.484375 0.5625 0.4893353171875 0.5505952375 0.4918154765625 0.5486111109375 0.49007936562500004 0.546130953125 0.486855159375 0.5448908734375 0.48239087343750003 0.5456349203124999 0.4742063484375 0.5481150796875001 0.47073412656249997 0.5513392859375 0.4699900796875 0.56572420625 0.46155753906249997 0.577380953125 0.4613095234375 0.5952380953125 0.46304563437499996 0.609623015625 0.462549603125 0.6185515875 0.46428571406249997 0.6383928578125
5 0.49007936562500004 0.5605158734375 0.48809523749999995 0.565476190625 0.49007936562500004 0.578373015625 0.4920634921875 0.581597221875 0.4935515875 0.5870535718750001 0.5009920640625001 0.5982142859375 0.515625 0.6111111109375 0.5243055562500001 0.6168154765625 0.5329861109375 0.6212797625 0.540674603125 0.6232638890625 0.5518353171875 0.624751984375 0.5605158734375 0.6237599203124999 0.568204365625 0.6210317453124999 0.5920138890625 0.5959821421875 0.593998015625 0.5920138890625 0.5952380953125 0.5863095234375 0.5949900796875001 0.57762896875 0.59325396875 0.57490079375 0.5922619046875 0.56572420625 0.5892857140625 0.559523809375 0.58134920625 0.5486111109375 0.575148809375 0.5421626984375 0.568204365625 0.5362103171875 0.55927579375 0.53075396875 0.5456349203124999 0.5245535718750001 0.54092261875 0.5233134921875 0.5267857140625 0.52157738125 0.5173611109375 0.5220734125 0.51240079375 0.5238095234375 0.5069444437499999 0.5272817453124999 0.5009920640625001 0.533978175 0.497271825 0.5419146828125 0.497023809375 0.546130953125 0.4987599203125 0.5575396828125 0.4945436515625 0.56200396875 0.49007936562500004 0.5605158734375
5 0.3554067453125 0.6009424609375 0.3737599203125 0.6044146828125 0.3834325390625 0.6106150796875001 0.387896825 0.612351190625 0.39161706406249996 0.6185515875 0.3923611109375 0.624751984375 0.3943452375 0.6304563484375 0.396329365625 0.634424603125 0.39930555624999997 0.6359126984375 0.3988095234375 0.6391369046875 0.40054563437499996 0.6458333328125 0.40426587343750003 0.6498015875 0.41071428593750003 0.6450892859375 0.412946428125 0.641369046875 0.42782738125 0.625248015625 0.4320436515625 0.6175595234375 0.440228175 0.609623015625 0.45758928593750003 0.5892857140625 0.45907738125 0.5863095234375 0.45907738125 0.5803571421875 0.46031746093750003 0.575148809375 0.4632936515625 0.5716765875 0.4623015875 0.5689484125 0.46304563437499996 0.5674603171875 0.46651785781250005 0.565476190625 0.4699900796875 0.5510912703125 0.4737103171875 0.54737103125 0.48635912656249997 0.5414186515625 0.49007936562500004 0.54365079375 0.49553571406249997 0.5429067453124999 0.49776785781250005 0.540674603125 0.500744046875 0.5332341265625 0.5089285718750001 0.5248015875 0.5136408734375 0.5240575390625 0.51884920625 0.5203373015625 0.5329861109375 0.5039682546875001 0.533730159375 0.499751984375 0.5329861109375 0.49007936562500004 0.5302579359374999 0.486855159375 0.52157738125 0.4833829359375 0.48239087343750003 0.4697420640625 0.47842261875 0.4704861109375 0.4484126984375 0.5 0.4439484125 0.505704365625 0.4298115078125 0.519097221875 0.42559523749999995 0.5243055562500001 0.4231150796875 0.527777778125 0.42261904687499996 0.5386904765625 0.4201388890625 0.54737103125 0.41765872968749995 0.5515873015625 0.41071428593750003 0.5540674609375 0.4112103171875 0.5553075390625 0.40947420625 0.5570436515625 0.4079861109375 0.55654761875 0.40426587343750003 0.5582837296875 0.4015376984375 0.55654761875 0.39732142812500004 0.5558035718750001 0.387896825 0.5575396828125 0.388144840625 0.56200396875 0.3869047625 0.5639880953125 0.35342261875 0.5984623015625 0.3554067453125 0.6009424609375
5 0.2024494046875 0.6692661203125 0.2816686515625 0.6780684531250001 0.277634425 0.6443268843750001 0.286069940625 0.6230548109375 0.3088087796875 0.6102185015625 0.3260463796875 0.60398363125 0.3363154765625 0.6017829859375 0.2981150796875 0.49032738125 0.2951388890625 0.48065476250000005 0.2921626984375 0.47569444375 0.281994046875 0.466269840625 0.2738095234375 0.462549603125 0.271329365625 0.46031746093750003 0.266369046875 0.4585813484375 0.264880953125 0.45634920625 0.2604166671875 0.4541170640625 0.24801587343749998 0.44990079375 0.237847221875 0.4479166671875 0.2202380953125 0.4479166671875 0.2008928578125 0.45089285781250005 0.1951884921875 0.453125 0.18923611093749998 0.4541170640625 0.17633928593749998 0.46006944375 0.15798611093749998 0.47197420625 0.1488095234375 0.48065476250000005 0.1426091265625 0.48784722187499996 0.140625 0.4918154765625 0.1386408734375 0.49305555625 0.1341765875 0.50049603125 0.1264880953125 0.5292658734375 0.12673611093749998 0.5416666671875 0.130704365625 0.5535714281249999 0.13467261875 0.5610119046875 0.2024494046875 0.6692661203125
1 0.3509424609375 0.55654761875 0.3983134921875 0.5538194437499999 0.41220238125 0.5523313484375 0.41741071406249997 0.5486111109375 0.41989087343750003 0.544146825 0.42237103125 0.5362103171875 0.42261904687499996 0.5248015875 0.41592261875 0.513144840625 0.412450396875 0.509920634375 0.4079861109375 0.5084325390625 0.40426587343750003 0.5084325390625 0.346726190625 0.51612103125 0.341021825 0.519097221875 0.33705357187499996 0.525545634375 0.3358134921875 0.5302579359374999 0.3353174609375 0.5389384921875 0.3373015875 0.546875 0.3457341265625 0.5560515875 0.3509424609375 0.55654761875
1 0.643915178125 0.5932596718750001 0.6359945437500001 0.5983849203125 0.6285396828125001 0.60583978125 0.6196870046875 0.6165563 0.6187549609375 0.6198177078125 0.6066408734375 0.6286703874999999 0.6024474203125 0.6365912703125 0.6010498515625 0.6412504953125 0.594992559375 0.643580109375 0.548399553125 0.6985597718750001 0.5530590281250001 0.7041510421875 0.5442063484374999 0.71113988125 0.537683284375 0.71113988125 0.5353536703125 0.7209246031250001 0.5330240578125001 0.726515625 0.53814930625 0.7363000984375 0.5456041671875 0.748414434375 0.5577182546875 0.7549375 0.5735597718750001 0.7591307046875 0.6392559531249999 0.6794568453125 0.641585565625 0.6724677578125 0.6523020828125 0.662683284375 0.65742733125 0.6510349703125 0.6616205359375 0.6487053578124999 0.6681436015625 0.6445119046875 0.678394096875 0.627738590625 0.6830533234375 0.62261334375 0.6900424109375 0.6132946421875001 0.695167659375 0.6077036203125 0.70075868125 0.6086354171874999 0.7305783734375 0.569497271875 0.7277827375 0.5536555062499999 0.7231235125000001 0.5466666671875 0.711940971875 0.537347965625 0.7021564984374999 0.5340865578125 0.693769840625 0.5336205359374999 0.6839853671875 0.538745784375 0.6527678578125 0.57508829375 0.6518360609375 0.581611359375 0.6443812 0.5918618546875 0.643915178125 0.5932596718750001