1 0.2737470234375 0.26258506875 0.272339534375 0.26751661718749997 0.273277778125 0.275970734375 0.2760927578125 0.28348561562499996 0.280315228125 0.287008184375 0.2889947921875 0.28794766875 0.30283506875 0.28489459375 0.338022321875 0.3060302578125 0.34013368125 0.30039409687499996 0.3462326390625 0.28325074375 0.3563196921875 0.2736225203125 0.3753209328125 0.269160465625 0.3872844734375 0.2710391859375 0.39596403750000003 0.27526636875 0.4072239578125 0.28278125 0.4030014875 0.24895709375 0.42645957343749996 0.2374499015625 0.429040178125 0.232518353125 0.427398065625 0.22148090312500002 0.41965674531249997 0.209504215625 0.390334078125 0.216314484375 0.3584310515625 0.1869595734375 0.320194196875 0.20363318437500003 0.30940327343749996 0.196353175 0.29978546562499997 0.1942395828125 0.2932172625 0.1970577875 0.2835994546875 0.20504216249999999 0.2831036703125 0.21272122968749999 0.28711805625000003 0.22148834375 0.2894640375 0.25530505937500003 0.2737470234375 0.26258506875
1 0.36801165625 0.394262896875 0.37643353125 0.390448909375 0.3690141375 0.379207340625 0.38706101249999997 0.35712574375 0.39147271875 0.35411458281249997 0.411123759375 0.33343824375 0.418141865625 0.320189484375 0.4189439484375 0.30673983125 0.4127279265625 0.2912827375 0.40330332343749997 0.28184796562500003 0.38726165625000003 0.2738182046875 0.3696158234375 0.27241319375 0.35698288749999996 0.276427828125 0.3469568453125 0.28746875 0.3399384921875 0.3097509921875 0.328308284375 0.31858358125 0.32509994999999997 0.3306279765625 0.3337224703125 0.366761409375 0.3349255953125 0.3733859125 0.33709920625 0.38014360156250004 0.3469568453125 0.38924429531250004 0.3565818453125 0.393861359375 0.36801165625 0.394262896875
1 0.3042095734375 0.39180357187500003 0.30071726249999997 0.3979221234375 0.3013720234375 0.4333420140625 0.3362963796875 0.4287532234375 0.3472103171875 0.41695337343750005 0.3454640375 0.393571925 0.3354233625 0.3835203375 0.322544890625 0.32865228125 0.3271287203125 0.31401165625 0.334113590625 0.30964136875000003 0.33227728125 0.30508755 0.315996528125 0.29478224218750004 0.307265625 0.29937103125000003 0.3074838796875 0.327341021875 0.303118303125 0.33149305625 0.3042095734375 0.39180357187500003
1 0.347497271875 0.4213400296875 0.3302584328125 0.4405421625 0.3351145828125 0.4495357140625 0.3309868546875 0.4539109625 0.322731646875 0.449292659375 0.299908234375 0.47359945468750003 0.3033075390625 0.4847953875 0.25547569375 0.5363256453125 0.2549900796875 0.5455622515624999 0.26227430625000003 0.5599032734375 0.280484375 0.5774040171875 0.299908234375 0.591258928125 0.31496205312500003 0.5990369546875 0.3244313 0.5980647328125 0.33462896875000003 0.591258928125 0.33681423593750004 0.5766748515625 0.3605865578125 0.557926090625 0.36752058593750003 0.55855704375 0.391947171875 0.540572171875 0.3887953875 0.530790675 0.3886044140625 0.5224615578125 0.4590295140625 0.4624506453125 0.45915451406249996 0.45579191406249997 0.4715181046875 0.4630314984375 0.4880806046875 0.443181546875 0.4887802578125 0.43827728125 0.513040675 0.4123556546875 0.516773065625 0.41305630000000004 0.52680381875 0.40091269843750005 0.517939484375 0.3817633921875 0.500910465625 0.36378174531249996 0.48131547656249996 0.344632440625 0.457055059375 0.324782490625 0.43746006875 0.31497420625 0.430462053125 0.3142735609375 0.3966374015625 0.357009425 0.391738590625 0.3565424109375 0.3733462296875 0.3793447421875 0.38464583281250003 0.38728050625 0.3547814984375 0.42255530781250006 0.347497271875 0.4213400296875
1 0.4686743546875 0.2535845734375 0.47639732187500006 0.2671728671875 0.4684404765625 0.2723271328125 0.46742683593749995 0.278629215625 0.47415252968750005 0.2901721234375 0.47447296562499996 0.325762153125 0.4795974703125 0.33858755 0.49977505000000005 0.3571842765625 0.50938368125 0.3619935515625 0.52571800625 0.3632762890625 0.5426927078125 0.36135243125 0.5558244046875 0.357825396875 0.5699166671875 0.3437177578125 0.5708774796875 0.3004322921875 0.5785642359375001 0.296584821875 0.5692762890624999 0.27510243125 0.5756817953125 0.26965153750000004 0.5740803578125 0.25778819375 0.5734397328124999 0.24432167656249998 0.5711979171875 0.2023189484375 0.561909721875 0.1898142359375 0.5487782734375 0.182119046875 0.5305220734375 0.1779508921875 0.5119459328125 0.17698883906250001 0.49272891874999997 0.1875696921875 0.483597965625 0.199243303125 0.4778015875 0.2395275296875 0.4686743546875 0.246790178125 0.4686743546875 0.2535845734375
1 0.5471143359374999 0.43492633906249994 0.558819196875 0.438311259375 0.5934134421875 0.3948256453125 0.6079796625 0.4010751484375 0.6303489578125 0.3739942953125 0.638412203125 0.3739942953125 0.6501170640625 0.356808284375 0.6495969734375 0.34847569375 0.66156175625 0.3346748515625 0.664162946875 0.32764434531250003 0.6745672125 0.3250404265625 0.7200860609374999 0.2578266375 0.7172249500000001 0.2468901296875 0.7052599203125001 0.2346517859375 0.6865322421875 0.218507440625 0.668584821875 0.207310515625 0.65375868125 0.1997591765625 0.63997271875 0.2015818453125 0.588211309375 0.27110664687499997 0.5895119046875 0.2768353171875 0.5827490078124999 0.28412648749999997 0.5835295140625 0.29769915625 0.5762462796875 0.3057713296875 0.5746857640624999 0.3375391859375 0.5697435515625 0.3479548609375 0.5648015875 0.3555064484375 0.550495784375 0.36149528750000004 0.53905084375 0.37165079375 0.5429526296875 0.38076438437500004 0.5218836812500001 0.4133134921875 0.5269838796874999 0.420472965625 0.536851190625 0.42808730156249997 0.5471143359374999 0.43492633906249994
1 0.6541364093750001 0.34904439531250003 0.65488194375 0.3555126484375 0.6397227187500001 0.377669890625 0.6335099203125 0.377669890625 0.6074161703125001 0.40478745 0.594990575 0.40105580312500005 0.5599501484375 0.442602678125 0.5512522328125 0.44285143906249996 0.525861359375 0.46376984062500004 0.5270064484375 0.47156522812499996 0.5276937 0.48279985156249994 0.527464534375 0.49220039687500006 0.5304419640625 0.49884945468749997 0.5515126484375 0.47477529687500003 0.5586125984375 0.46996031718750003 0.568002728125 0.460545634375 0.5886153281250001 0.4346369046875 0.6009828875000001 0.426612103125 0.6009828875000001 0.416523809375 0.617244046875 0.39818849218749996 0.626176090625 0.388773809375 0.6319017859375 0.391066715625 0.6357953875 0.38854464218749996 0.6470178578125 0.3940473703125 0.662591765625 0.40344791718749995 0.707939484375 0.3644702375 0.6992363593750001 0.3539233625 0.688930059375 0.3413129953125 0.678810515625 0.32991493125 0.6683015875 0.3281463296875 0.66531944375 0.33237574375 0.6541364093750001 0.34904439531250003
1 0.64757118125 0.5215558031249999 0.642935515625 0.5230213296875 0.6373239093749999 0.5261966765625 0.6334201390625 0.5325471234375 0.62927256875 0.541584325 0.61853745 0.5518578875 0.6236609625 0.5540560515624999 0.6314682546875 0.5540560515624999 0.636347965625 0.5779923109375 0.6234169140625 0.5828772328125 0.627320684375 0.6202472718750001 0.6319563484375 0.627574653125 0.6407395828125 0.643694940625 0.6439114578125 0.6688826890625 0.6404955359375 0.6857358625 0.6348841765625 0.697459821875 0.6282966265625001 0.708206596875 0.6329322921875 0.7380200890624999 0.6365920140625 0.7436376484375 0.6422033734375 0.74925545625 0.6495228171874999 0.8130042156249999 0.658794146875 0.816912203125 0.6739208828125001 0.8191103671875 0.6951473218750001 0.816912203125 0.707834325 0.81520238125 0.7193013390624999 0.80982886875 0.714665675 0.7941971718749999 0.7056383921875 0.79370858125 0.696855159375 0.791021825 0.6846560015625001 0.7780766375 0.6756287203125 0.7595138890625 0.665381696875 0.7338452375 0.6492790171875 0.7304255953125 0.6431793156250001 0.717724703125 0.63951959375 0.6937884421875 0.642935515625 0.678889384375 0.652938740625 0.6725389390625 0.6500109125 0.644427828125 0.651962796875 0.6314826390625 0.6600141374999999 0.6246436015625 0.677824653125 0.6192700890625 0.6978311015625 0.6190260421875 0.690023809375 0.5752904265625001 0.6768487109375 0.57651165625 0.678556546875 0.558681546875 0.6861200390625 0.5581932046875 0.6939273312500001 0.5577046125 0.7063702875 0.55208680625 0.7071024312499999 0.50445858125 0.704174603125 0.501771825 0.6929513890625 0.4985967265625 0.6809962796875 0.494688740625 0.6687973703125001 0.493467509375 0.6602579359375 0.506168403125 0.6509868546875001 0.5171594734375 0.64757118125 0.5215558031249999
1 0.5264370046875 0.63966641875 0.5214722218750001 0.6628603671875 0.5267681046875 0.6860543156250001 0.5380213296874999 0.7056036703124999 0.5572182546875 0.7181946921875 0.5777388390625 0.726478175 0.59958358125 0.722501984375 0.617456596875 0.7118990578125 0.6333435015625 0.6940064484375 0.6389702374999999 0.6704811515625 0.635329365625 0.643642609375 0.6260620046875001 0.6267440468750001 0.60918204375 0.61183358125 0.589654265625 0.6038814484375 0.567478421875 0.6038814484375 0.5512604171875 0.6115022328124999 0.5380213296874999 0.62309920625 0.5264370046875 0.63966641875
1 0.30289930625 0.710428075 0.315443453125 0.7123390374999999 0.3538938484375 0.6823092765625 0.36180233125 0.6869501484375 0.3708013390625 0.6891341765625 0.37789136874999996 0.6874962796874999 0.400252728125 0.66699603125 0.40870634843750003 0.6697259421874999 0.41470585312499997 0.6678149796875 0.43706696406249995 0.65061631875 0.4343400296875 0.645429315625 0.460246528125 0.619767609375 0.4673365578125 0.623043403125 0.47742633906250004 0.6282304062499999 0.551600446875 0.5667891859374999 0.551055059375 0.5616021828125 0.5281483140625001 0.53239136875 0.5066051593750001 0.5059107140625 0.4866981640625 0.48352505 0.4746994046875 0.4679640375 0.46379141874999996 0.4635962296875 0.39207167656249997 0.52365550625 0.39207167656249997 0.5300709328125001 0.3964350203125 0.5405813484374999 0.36861979218749996 0.5613291171875 0.3620749015625 0.560237103125 0.339986359375 0.5782549609375 0.3386696421875 0.5944241078125 0.3131912203125 0.61597891875 0.3167797625 0.6357373515625 0.27900074375 0.6704322921875 0.27971999062499997 0.6842202375 0.2906279765625 0.7000540671875 0.30289930625 0.710428075
1 0.6041411203125 0.41918749999999994 0.606350446875 0.4290396828125 0.5953040671875 0.4384895828125 0.59188988125 0.43708209374999996 0.5724079859375 0.460819940625 0.57220709375 0.4640369546875 0.5613616078125 0.473487103125 0.5545329859375 0.4763018359375 0.537059771875 0.49640823437500003 0.5354528765625 0.502037946875 0.5304317953125001 0.5072656249999999 0.5205905265624999 0.518726190625 0.552524553125 0.56035863125 0.55393055625 0.5663903765625 0.54087574375 0.5796604656250001 0.55091790625 0.5856924609374999 0.5623658234375 0.5917244546875 0.5752197421874999 0.5921264875000001 0.624024553125 0.5410565468749999 0.626434771875 0.5374375 0.6266356640625 0.5336173109375 0.6382844734375 0.52012103125 0.6427028765625 0.5189146828125 0.6563603671875 0.5072529765625 0.6603772328125 0.499210565625 0.66158209375 0.49559151718749994 0.6605778765625 0.49177132968750004 0.6670049609375 0.4837286703125 0.6768462296875 0.4831254953125 0.702955853125 0.4553727671875 0.7019516375 0.451150296875 0.6977338796875 0.44109722187499995 0.687691715625 0.4270228171875 0.674436259375 0.4155622515625 0.6601763390625 0.4047048609375 0.6463182046875 0.39565699374999996 0.636878471875 0.39203794687500004 0.6328616078125 0.3932504953125 0.6256314484375001 0.392647321875 0.6041411203125 0.41918749999999994
1 0.6296552578125 0.855642609375 0.6305203374999999 0.86690228125 0.6305203374999999 0.8796056546875001 0.6336927078125 0.8908653281250001 0.6362884421875 0.8995265375000001 0.641190971875 0.9122296625 0.6446517859374999 0.9229119546875 0.65215005 0.9266651781249999 0.6582063484375 0.9350376984375 0.6700302578125 0.9488958328124999 0.6798358140625 0.9564022812499999 0.6905064484375 0.9641974203125001 0.6988697921875 0.9639087296875 0.7106939484375 0.9711264875 0.72655555625 0.97170386875 0.737802828125 0.9656411203124999 0.7476083828125 0.95380381875 0.7516458328125 0.9379248515624999 0.75020386875 0.926087796875 0.7493387890625 0.9180039687500001 0.7504923109375 0.9053008437500001 0.75020386875 0.8905766375 0.74414756875 0.882492559375 0.737226190625 0.8749861109375001 0.7346307046875 0.8622829859375001 0.727709078125 0.85795238125 0.7147313984375 0.8426507937500001 0.7124243546875 0.8351443453125 0.703195684375 0.82850396875 0.695408978125 0.8233072921875 0.6847385906250001 0.822440971875 0.6703186999999999 0.822440971875 0.65849454375 0.8215749015625 0.648977678125 0.8189764390625 0.6454407234375 0.8125034718749999 0.6374419640625 0.8198427578124999 0.6290783734375001 0.8339895828125 0.6256178078125 0.84524925625 0.6296552578125 0.855642609375
1 0.54569444375 0.9054337796875 0.55140228125 0.9086269843749999 0.56013194375 0.912660465625 0.5735622515625 0.9091312 0.5762485125000001 0.9061059031250001 0.577759425 0.9007279265625 0.5804454359375 0.9003918656250001 0.585481646875 0.8955181046874999 0.6269479171875 0.8854238593750001 0.6227509921875 0.8647522328124999 0.6197291671875 0.846433284375 0.6160357140625 0.8306354171875 0.6108313484375001 0.8197113093749999 0.5720513390625 0.8281143359375 0.5671830359375 0.82458506875 0.5631537703125 0.8250892859375 0.5577817453125 0.818366815625 0.5521884921875 0.8184176593749999 0.49868824375000004 0.8958541671875 0.5043963296875 0.9145091765625001 0.54569444375 0.9054337796875
1 0.5275930062499999 0.731091021875 0.525752728125 0.7449087296875 0.51639756875 0.7550416671875 0.5032083328125 0.767477678125 0.49231969218750005 0.7767182546875 0.4745297625 0.7883864093749999 0.4562795140625 0.7989799109375 0.43511557500000003 0.8086525296874999 0.4118045640625 0.8164823906249999 0.3917140375 0.819408978125 0.406896825 0.8366044140625 0.40321627031249996 0.8422849703124999 0.399535465625 0.8447462796874999 0.3987686015625 0.8473563984375 0.3944744546875 0.8468958328125 0.39600818437499996 0.8519623015625 0.38818675625 0.8530369546875001 0.38312574375 0.8496592265625 0.37653125 0.859178075 0.3693231640625 0.8585639875 0.346472221875 0.8877442953125 0.3486192953125 0.8915825890625 0.338957340625 0.9023296125 0.3503063 0.9141515375000001 0.361194940625 0.92397743125 0.37147023749999997 0.9334962796875 0.3906403765625 0.9502311515624999 0.396675346875 0.93994444375 0.40495709375000005 0.9408658234375 0.42612103125 0.9106202874999999 0.4244350203125 0.9025687 0.43238144843750004 0.892393353125 0.42424999999999996 0.8824030265625 0.42757663749999997 0.88129290625 0.43275124062500003 0.8724126984374999 0.43811036718749996 0.8663075390625 0.4900404265625 0.9021986609375 0.5506564984375 0.8155925093749999 0.5155436515625 0.7648834328125 0.5212725687499999 0.76173834375 0.5275558031250001 0.7619233624999999 0.5308821921875 0.76173834375 0.5356872515625 0.7539680062499999 0.5399377484375 0.7560032234375 0.5580486109375 0.7315709328125 0.55897271875 0.7243556546875001 0.5519501484375 0.72065550625 0.5419704859375 0.7141800593750001 0.5318063000000001 0.7038196921875 0.5255230656250001 0.6949394843750001 0.522196428125 0.684209078125 0.5179459328125 0.6866140875 0.510738590625 0.6858740078125 0.5083360609375001 0.6890193453125 0.51961805625 0.7151240078125001 0.523298859375 0.7217256937500001 0.5275930062499999 0.731091021875
1 0.23137698437499998 0.8093134921875 0.22157812500000001 0.825365328125 0.21734697343749998 0.84453819375 0.21779241093750001 0.8603670640625 0.22358234062500001 0.8797631453125 0.23226760937500002 0.8931396328125001 0.24384796562500002 0.9018343249999999 0.2560962296875 0.9065161203125 0.2625545640625 0.9080766375 0.27213045625 0.9103060515625 0.27925694375 0.911420634375 0.2888328375 0.9167713296875 0.29261879999999996 0.91476488125 0.30508978125 0.9169942953125 0.3311455859375 0.9103060515625 0.3391626984375 0.90696180625 0.33582217187499996 0.9029489093749999 0.3451755953125 0.8922477671875001 0.344855159375 0.8845404265625 0.3578172125 0.8707177578125 0.365425346875 0.852381696875 0.36148040625 0.8433549109375 0.3380922625 0.8072470234375 0.325412203125 0.7951170640624999 0.310759425 0.78439756875 0.2966701390625 0.7790376984375 0.2783541671875 0.7790376984375 0.2620106640625 0.7835513390625 0.2540920140625 0.787465278125 0.24117559531250002 0.7970515875 0.23137698437499998 0.8093134921875
1 0.1404955359375 0.39230084375 0.149902034375 0.3913591265625 0.15178323437500002 0.3873568953125 0.19340625 0.3932423109375 0.19787425625 0.3308571421875 0.1675389390625 0.3235592765625 0.160013640625 0.3148489578125 0.150607390625 0.31320089218749997 0.1341463296875 0.31767385937500003 0.1266173109375 0.3319516375 0.125915675 0.38170709375 0.1315595234375 0.38994667656250004 0.1404955359375 0.39230084375
1 0.174344990625 0.44159523749999996 0.166440971875 0.45518452343750004 0.163691715625 0.4548405265625 0.154584821875 0.46946180625 0.1513201890625 0.46980580312500003 0.1432442953125 0.48288988125000004 0.1392921625 0.48392187499999995 0.1303571421875 0.49802728125 0.13637103125 0.5042197421875 0.1432442953125 0.5088643359375 0.1508045640625 0.50783209375 0.1526946921875 0.5100684531249999 0.15973983125 0.506283978125 0.163863590625 0.49905927656250004 0.1628325890625 0.495790921875 0.17503249062499998 0.4856421125 0.1772661203125 0.4784174109375 0.18568576406249998 0.47222470312500003 0.184139384375 0.4670642359375 0.1910124015625 0.4574313 0.19259449374999998 0.398068453125 0.18843502031249998 0.40082738124999995 0.19066865156249999 0.40684796562500003 0.169190228125 0.43299454375 0.174344990625 0.44159523749999996
1 0.152462796875 0.559809771875 0.1574967765625 0.5596232640625 0.16495461250000001 0.5547703375 0.1684970234375 0.5547703375 0.1817346234375 0.5454379953124999 0.18192113125 0.541144840625 0.18080233125 0.5290126484375001 0.17725992031249999 0.5211733625 0.170734375 0.513334078125 0.1604799109375 0.509601190625 0.1517170140625 0.5120275296875 0.147055803125 0.5099744546875 0.12602579375 0.5196378968750001 0.1256145828125 0.5585032234375 0.14332688437500002 0.5655959828125 0.152462796875 0.559809771875
1 0.1297162703125 0.5939724703125 0.13493675624999998 0.5963990578125 0.1435133921875 0.59565228125 0.1481743546875 0.59341245 0.150225446875 0.5904260906250001 0.14873387968750001 0.584080109375 0.18565005 0.5628020828125 0.18565005 0.5501098703125 0.181548115625 0.55346949375 0.1781922125 0.552349703125 0.1690563 0.5581359124999999 0.1647681046875 0.5572026296875 0.1574967765625 0.56205555625 0.15320858125 0.5618688 0.1418353171875 0.56821478125 0.1362420640625 0.56821478125 0.12841121093750002 0.5747475203125 0.12598735156250002 0.5766140875 0.125801090625 0.5868799609375001 0.1297162703125 0.5939724703125