3 0.529837796875 0.87122271875 0.6150935015625 0.6196433531250001 0.6166381453125 0.6103757437499999 0.6280672125 0.5754290671875 0.6818154765625 0.342501984375 0.42350372031249994 0.27639384843750003 0.40558755 0.29245758906249997 0.4062053578125 0.3048142359375 0.36481324375 0.3400307546875 0.35863516875 0.33817733125 0.32867212343749996 0.3579479171875 0.320949653125 0.3724670140625 0.3215674609375 0.3746294640625 0.22488244062499999 0.45077926562500004 0.22519146874999998 0.4631359125 0.1957834828125 0.4863536703125 0.1961592265625 0.49194345312500004 0.2125307546875 0.751863590625 0.529837796875 0.87122271875
3 0.0888311015625 0.5308556546875 0.12203397812500001 0.535220734375 0.1429858625 0.54002256875 0.197330109375 0.4811994046875 0.2209010421875 0.45631746093750003 0.22221056562500002 0.4502061015625 0.24010689531249998 0.43667385937500003 0.2789553578125 0.395037946875 0.2730625 0.34920287656250004 0.270196428125 0.3534392359375 0.0827202375 0.5198596234374999 0.0888311015625 0.5308556546875
3 0.569996528125 0.21600992031250002 0.5500649796875 0.21354761875 0.5501354171874999 0.2157036203125 0.57066021875 0.21779712343750002 0.569996528125 0.21600992031250002
3 0.5810756453125 0.21779712343750002 0.5726001984375 0.21672495 0.5722428078124999 0.21810342187499998 0.5809734625 0.219277778125 0.5810756453125 0.21779712343750002
3 0.473498015625 0.219060515625 0.475603175 0.22670634843749998 0.47737624062500006 0.232025296875 0.4843568953125 0.2459873515625 0.48579737031250003 0.2490900296875 0.4931103671875 0.232025296875 0.49543725156249996 0.22958755000000003 0.49798561562500004 0.22836855156250002 0.4942182546875 0.21540377031250002 0.4866837796875 0.1862604171875 0.479703125 0.1626016859375 0.47571403749999996 0.1557313984375 0.47571403749999996 0.1531827875 0.476711309375 0.1528501984375 0.475603175 0.1470880453125 0.47172519843750005 0.147974703125 0.468290178125 0.12578447343750002 0.46297172656249996 0.125451884375 0.46762549531250003 0.1519357640625 0.478594990625 0.20554141874999998 0.47737624062500006 0.2099739578125 0.473498015625 0.219060515625
3 0.41907490156250005 0.2009528765625 0.4239806546875 0.1984017859375 0.42280332343750004 0.19820560468749998 0.42299950468749997 0.1950657234375 0.42594295625 0.19349578437499998 0.42712028750000003 0.1911408734375 0.4261391375 0.1883936015625 0.4277088296875 0.1852537203125 0.4328107640625 0.18329141875 0.43634300625 0.1823102671875 0.43791269843749997 0.1797591765625 0.44144469218750004 0.174264384375 0.44340699375000003 0.1738720234375 0.44713541718750005 0.174853175 0.445173115625 0.1322693453125 0.443799603125 0.1295220734375 0.4406939484375 0.125 0.4114221234375 0.125 0.4179880921875 0.20511924375 0.41907490156250005 0.2009528765625
3 0.36491641874999997 0.186923115625 0.369037203125 0.1873154765625 0.3721768359375 0.1928102671875 0.3739427078125 0.1939875984375 0.37610119062499997 0.23716021875 0.378259671875 0.23774900781250002 0.38139930624999996 0.23814136874999997 0.3843427578125 0.23774900781250002 0.38905233125 0.2350014875 0.393173115625 0.2304880953125 0.40671255000000006 0.21734002968750002 0.4053390375 0.191337053125 0.40180704375 0.18427256875 0.3974900796875 0.18329141875 0.394350446875 0.178581596875 0.39631274843750003 0.174264384375 0.3998447421875 0.16916220312500002 0.4020032234375 0.1683772328125 0.40494667656249994 0.1705359625 0.40318055625 0.125 0.359421875 0.125 0.36393526718749997 0.18653050625 0.36491641874999997 0.186923115625
3 0.32522619062499997 0.34887475156250003 0.31860466249999997 0.3589079859375 0.32141369062499997 0.36753670625 0.33244965312499997 0.351684028125 0.36294915625 0.3058306046875 0.3613439984375 0.285964534375 0.34669618125 0.27091468281250003 0.312986359375 0.31393353125 0.2936540171875 0.33036309531249997 0.29934176562500003 0.3755634921875 0.32020982187499997 0.3524868546875 0.32522619062499997 0.34887475156250003
0 0.5413385421875 0.8448387890625 0.5393544140625 0.8492043656250001 0.5401480656250001 0.8541651781249999 0.540743303125 0.855951140625 0.5439181546875 0.8611103671875 0.550862846875 0.86448363125 0.5605855656250001 0.8670634921874999 0.5653474703125 0.8652775296874999 0.5701096234375 0.8611103671875 0.5728876484375001 0.8567447921875001 0.5709032734374999 0.853173115625 0.5667366078125 0.8484107140624999 0.560982390625 0.8446403765625 0.5542358625 0.8428544140625001 0.5516564984375 0.8424575890625 0.5472911703125 0.8428544140625001 0.5413385421875 0.8448387890625
0 0.7710905265625 0.16173983125 0.7710905265625 0.15914285781249998 0.7678598703125 0.15475446406249999 0.7650838296875 0.1569935515625 0.7615915171875 0.1568142359375 0.7047767859375 0.285909721875 0.5622631453125 0.25570709375 0.5083541671875 0.244423115625 0.5096078875 0.12517881875 0.496712796875 0.12535788750000001 0.49787698437500005 0.19501016875 0.49787698437500005 0.25650173593750003 0.5058467265625 0.2584717265625 0.5465022328125 0.26796478125 0.5198224203125 0.30050297656249997 0.5379938 0.3049635421875 0.5634337796875 0.27175744062499996 0.63713665625 0.2869563484375 0.62458209375 0.3181798109375 0.6143400296875 0.3241272328125 0.6364759421875 0.3312311515625 0.644209565625 0.3105237578125 0.6366463296875 0.3320362109375 0.6861078875 0.2978432546875 0.69425694375 0.30035069375 0.7079580859375 0.30205233125 0.7710905265625 0.16173983125
0 0.6555701890625001 0.5593854171875 0.674 0.5559600687499999 0.677914434375 0.5510669640625 0.6906356640625 0.5507408234375 0.7999094734375001 0.3559084828125 0.8018665671875 0.35150471250000004 0.80072495 0.3436755953125 0.800235615625 0.3422075890625 0.7989310515625 0.338945684375 0.79664756875 0.3309533734375 0.7897889390625 0.3307904265625 0.7842435515624999 0.3314427078125 0.7760887890625 0.3314427078125 0.7708697921875001 0.3314427078125 0.7669556046875 0.33486805625 0.75928993125 0.3490580359375 0.6711354171874999 0.5078216765625 0.65972743125 0.5028665671875 0.6604188984375 0.5043645828125001 0.6608797125 0.5073608625 0.6600731640624999 0.5080520828124999 0.65661631875 0.5067844734375 0.6570771328125 0.5056321921875 0.6581143359375 0.5032120531250001 0.6598427578125 0.5021750984375 0.647282490625 0.4966436015625 0.6363251484375 0.543237846875 0.647741815625 0.5554707343749999 0.6555701890625001 0.5593854171875
0 0.7539990078125001 0.3198688 0.7493883921875 0.3180572921875 0.752846478125 0.3172341265625 0.7576217765625 0.318716021875 0.7592686015625 0.31789260937499997 0.762397321875 0.31015277812500003 0.7576217765625 0.3080119046875 0.7559751984374999 0.3088353171875 0.7543283734374999 0.307847221875 0.749882440625 0.30603571406249996 0.7477415671875 0.30340079375 0.7441190468750001 0.3027423109375 0.7400022328125 0.3127876984375 0.7419781750000001 0.313446428125 0.6716939484375 0.38648784687500004 0.6627720734375 0.42576562500000004 0.706080109375 0.375867559375 0.7544930562500001 0.321021578125 0.7539990078125001 0.3198688
0 0.26279265937499996 0.18360218281250001 0.25826587343749996 0.18662028749999998 0.2539908234375 0.19064434531250002 0.2539908234375 0.1946681546875 0.28190550625 0.4041076390625 0.2997609125 0.39002380937500003 0.278133184375 0.199007440625 0.27763020781250003 0.19448040625000002 0.26907986093749997 0.189198909375 0.265559028125 0.1873747515625 0.265559028125 0.1868717765625 0.26279265937499996 0.18360218281250001
0 0.35508779687500003 0.19463640937499999 0.3666560015625 0.32988318437499997 0.377972965625 0.323595734375 0.380236359375 0.3233442453125 0.37344618125 0.2007678578125 0.3719372515625 0.1949833828125 0.36816493125 0.19297147812499998 0.365398809375 0.1922170140625 0.3647239578125 0.188403521875 0.359866071875 0.188600446875 0.357099703125 0.190109375 0.35508779687500003 0.19463640937499999