3 0.19821676562499999 0.926429315625 0.190269096875 0.9327854656250001 0.17318204375 0.9597993546874999 0.131457340625 0.9788678078125 0.125 0.9979365078125 0.2157013890625 0.9983338296875001 0.5729759421875 0.999751984375 0.5755880453125 0.984821925 0.5860364578125 0.9682834828125 0.5982264390625 0.9639310515625 0.6138990578125 0.9717651296875 0.6199938 0.9769878468750001 0.6226061515625 0.999751984375 0.7671423609375 0.999751984375 0.3457063484375 0.0595939984375 0.3193077875 0.00021453437500000002 0.126688740625 0 0.125 0.7050967265625 0.19821676562499999 0.926429315625
3 0.47909250937500003 0.20802877031250003 0.4614846234375 0.20201810468749998 0.42369171562499996 0.2282078375 0.4541837796875 0.3012450390625 0.5576842765625 0.45542733125 0.6817993546875 0.6443740078125 0.874751984375 0.9277482640624999 0.874751984375 0.7478204359375 0.4773747515625 0.186132440625 0.47909250937500003 0.20802877031250003
3 0.874751984375 0.20637103125 0.874751984375 0.165305059375 0.8011438484375001 0.21767906718750002 0.6773154765625 0.07960243125000001 0.64873983125 0.11888293593749999 0.6308799609375 0.11114583281249998 0.6136155750000001 0.14209399843749998 0.5820629953124999 0.1938727671875 0.5588452375 0.21172743125000001 0.5505106640624999 0.2260111609375 0.5463435015625 0.2426755953125 0.5445572921874999 0.2605302578125 0.539794890625 0.27778993125 0.874751984375 0.7408903765625 0.874751984375 0.2920736609375 0.8195989578124999 0.2391046625 0.874751984375 0.20637103125
3 0.874751984375 0.0683938484375 0.8587333828125001 0.060215773437499995 0.7482968750000001 0.1550076890625 0.8007264390625 0.21299826406250003 0.874751984375 0.1605838296875 0.874751984375 0.0683938484375
3 0.874751984375 0.27619295625 0.874751984375 0.20646428593750002 0.8222931546875 0.23678918593749998 0.8691450890624999 0.2836274796875 0.874751984375 0.27619295625
3 0.5478752484375 0.0705922625 0.5620049609375 0.0757966265625 0.5720446421875 0.06650322343750001 0.62410243125 0.12300669687500002 0.6348856640625 0.1070220734375 0.6475282734375 0.11594370000000001 0.6698387890624999 0.090665921875 0.5884057546875 0.0070649796875 0.55828670625 0.053864335937499994 0.5422976187499999 0.07282266875 0.5478752484375 0.0705922625
3 0.4785310015625 0.2065595234375 0.47334622968750006 0.191873015625 0.476802828125 0.1832341265625 0.5349888390624999 0.26760863125 0.5421902281250001 0.266456596875 0.5427661203125 0.243123015625 0.551695684375 0.2212375984375 0.48774875937499995 0.11209771875 0.48429216249999996 0.0988514390625 0.47881919687499996 0.099715278125 0.4678732640625 0.08848462343749999 0.4739221234375 0.1037467765625 0.4353234125 0.131967509375 0.43330729218749997 0.1570208328125 0.43157886875000007 0.1596123515625 0.42322544687499997 0.15327728125 0.4105513390625 0.1267842265625 0.40651860156249997 0.11843303593750001 0.40133358125 0.12160069375 0.40363814531250003 0.1293759921875 0.421331596875 0.1570208328125 0.450424603125 0.2068390375 0.45318253906250006 0.2028157234375 0.460095734375 0.2028157234375 0.4785310015625 0.2065595234375
3 0.5600491078125 0.1071857640625 0.5617775296875 0.118992559375 0.5908705359375 0.171978421875 0.5934630453125 0.174858134375 0.6201076390625 0.1260939984375 0.6173712796874999 0.11294518906249999 0.5816530265625001 0.1080498515625 0.5730114093750001 0.10229042656250001 0.5600491078125 0.1071857640625
3 0.5940391859374999 0.1751545140625 0.575027778125 0.1431899796875 0.5545761406249999 0.10114682500000001 0.549103421875 0.08790029687499999 0.5678266375 0.0850205859375 0.5606252484375001 0.07234995 0.5401738593750001 0.0772455359375 0.5375813484374999 0.0766696421875 0.5393095234375 0.0657266859375 0.53873363125 0.0588154765625 0.5323963296875001 0.067742559375 0.5076240078125 0.0867485125 0.5030153765625001 0.10229861093749999 0.5024392359375 0.09797916718750001 0.4961021828125 0.094235615625 0.494373759375 0.0919317953125 0.4995587796875 0.08300496093750001 0.5329724703125 0.0596795640625 0.5407497515624999 0.055648065625 0.5364290671874999 0.05161631875 0.52317881875 0.0582395828125 0.4998467265625 0.0740778765625 0.4975424109375 0.07868526718749999 0.48976488125 0.0922197421875 0.49293353125 0.099130953125 0.488612846875 0.10373859062499999 0.5024392359375 0.13195932500000002 0.551695684375 0.21978943437499998 0.5594732140625001 0.211150296875 0.5718593750000001 0.19703993125000002 0.5940391859374999 0.1751545140625
3 0.8457847218750001 0.8847772812500001 0.7232641375 0.7055262890625 0.699540675 0.7151329359374999 0.69083209375 0.7256403765624999 0.7866264875 0.8835763890624999 0.8457847218750001 0.8847772812500001
3 0.84458358125 0.99919146875 0.874751984375 0.999751984375 0.8746130953125 0.9280419140625 0.8436825390625 0.8860124015625 0.7977373515624999 0.8958849203125 0.8031426093749999 0.911495784375 0.80164136875 0.9232041171875001 0.801040675 0.9301088796875 0.84458358125 0.99919146875
3 0.801341021875 0.926540675 0.80344295625 0.914532490625 0.7944342765625 0.8947185015624999 0.7232641375 0.9076274796874999 0.7427832343749999 0.9481557546875001 0.7905302578125 0.9307437999999999 0.801341021875 0.926540675
3 0.6947361109375 0.8081892359375 0.6968380453125 0.7952802578125 0.7037447921875 0.7796693953125 0.700441715625 0.774866071875 0.69383506875 0.77066319375 0.68272420625 0.763758184375 0.672814484375 0.7541515375000001 0.67341493125 0.751149553125 0.6785200890625 0.74844766875 0.681523065625 0.7403420140625 0.6857271828125 0.72833358125 0.7019432046875 0.722029265625 0.7043454859375 0.7247311515625 0.7088499500000001 0.7409424609374999 0.7064474203125 0.75745386875 0.7037447921875 0.7745657234375 0.70824925625 0.7745657234375 0.7136545140624999 0.76435863125 0.716357390625 0.7556525296875 0.7193603671875 0.7460458828125 0.718459325 0.7364392359374999 0.7154563484375001 0.7229298109375 0.7112522328125 0.7094203875 0.700741815625 0.69471006875 0.6950362109375 0.6980124015625 0.7052462796875 0.7166254953125 0.68422569375 0.722329365625 0.680321925 0.7184265875 0.67491641875 0.7109213796875 0.6632048609375001 0.7139236109375 0.6635052078125 0.7082194937499999 0.6647063484375 0.6971118546875 0.6695111609375 0.6890062 0.67641790625 0.6872048609375 0.69083209375 0.6872048609375 0.6905317453125 0.684803075 0.6800215781250001 0.675796875 0.6617033734375 0.6574841265625 0.6364786703124999 0.6484779265625 0.614256696875 0.656283234375 0.6361783234375 0.707619046875 0.684826140625 0.8183963296875 0.6947361109375 0.8081892359375
3 0.759299603125 0.8418301093749999 0.7064474203125 0.8616438484375 0.707948909375 0.8682485124999999 0.7620022328125 0.8454325390624999 0.759299603125 0.8418301093749999
1 0.8070215781250001 0.9911693953125 0.8070215781250001 0.9897460312499999 0.8055974703125001 0.9845262890625 0.7937311515625 0.97883209375 0.7828139875 0.9781202875 0.782101934375 0.9954402281249999 0.7958670640625 0.9956773312499999 0.8070215781250001 0.9911693953125
1 0.797765625 0.99733829375 0.8060721718750001 0.999751984375 0.80749603125 0.9968638390625 0.797765625 0.99733829375
1 0.595658978125 0.9803479656249999 0.5979248515625 0.9821884921875 0.5990577874999999 0.9877103171874999 0.5990577874999999 0.9906837796874999 0.59806646875 0.9942234624999999 0.5963670640625 0.9981877484374999 0.5941009421875 0.999751984375 0.61208755 0.999751984375 0.6126540171875 0.9855865578125 0.6122291671875 0.9827549609374999 0.5990577874999999 0.973693453125 0.596225446875 0.972985615625 0.5891440968749999 0.9746845234375 0.5824875984375 0.98332118125 0.5824875984375 0.9909670140625 0.5824875984375 0.999751984375 0.5884360125 0.9997452875 0.58786954375 0.9940818453125001 0.58942733125 0.9872857140625 0.5925431546875 0.9824717265625 0.595658978125 0.9803479656249999