1 0.4986979171875 0.8498923609375 0.524799603125 0.846709325 0.5655434031250001 0.8371599703125 0.5776393843750001 0.8371599703125 0.5992844734375 0.8269739578124999 0.608197171875 0.8129682546874999 0.61138045625 0.8027822421874999 0.6247495046875 0.79386954375 0.6686765875 0.7747708328125 0.682045634375 0.7855935015625 0.7075106640625 0.7849568453125 0.7183330859375 0.7734975203125 0.7571671624999999 0.75185243125 0.754620784375 0.734027034375 0.7488911203125 0.7168380453125 0.733612103125 0.6811872515624999 0.7119670140625 0.655722221875 0.682045634375 0.6639982640625 0.6610369546875 0.6722745531250001 0.6425749015625 0.671637896875 0.635572171875 0.676730903125 0.639391865625 0.6958296125000001 0.622839534375 0.7034689984375 0.5757294140625 0.723204365625 0.5617237109375 0.718748015625 0.55344766875 0.7047423109375 0.5782760421875001 0.6958296125000001 0.581459078125 0.687553571875 0.5738196921875 0.6627251984375 0.5642703375 0.6633618546875 0.541351934375 0.678640625 0.524162946875 0.6748209328125 0.5006078875 0.678004215625 0.4993345734375 0.681823909375 0.48087252031250005 0.6856436015625 0.4986979171875 0.68946329375 0.5228896328125 0.6983759921875 0.5375319937499999 0.70665228125 0.5330756453125 0.7104719734375 0.518433284375 0.7034689984375 0.4802358625 0.69964930625 0.467503471875 0.6977393359375 0.4815091765625 0.7047423109375 0.5044275796875 0.717474703125 0.5044275796875 0.7257509921875 0.488512153125 0.7251143359375 0.4745064484375 0.719384671875 0.45477108125 0.7162016375 0.41848338281249997 0.7378467265624999 0.3981116078125 0.7512157734375 0.4000213296875 0.7677681046875 0.40702430625 0.7671314484375 0.43121602187499997 0.75758209375 0.4509513890625 0.7423030749999999 0.47068650781250004 0.7270240578125 0.478326140625 0.7321170640625 0.48532886875000003 0.7435763890625 0.4891485609375 0.7524890875 0.488512153125 0.75312574375 0.47641617031249994 0.7703144843749999 0.4439484125 0.78368353125 0.40957068437500005 0.7989625499999999 0.39620163750000004 0.817424603125 0.39238194375 0.9027321421875 0.3764662703125 0.9097351187499999 0.3650071921875 0.9224675093749999 0.3650071921875 0.943476190625 0.36182390937500003 0.9600282734375 0.367553571875 0.968940971875 0.372646578125 0.9727609125000001 0.3942916671875 0.9778539187499999 0.436309028125 0.979763640625 0.4872388390625 0.9702142859375 0.49997122968749996 0.9568452375 0.50124454375 0.9390198406250001 0.49678819374999994 0.916737846875 0.4916951890625 0.9078251484375001 0.47132316406249997 0.9020954859374999 0.4655935015625 0.8588053078125 0.4694134421875 0.8600783734374999 0.4821458328125 0.8537123015624999 0.4986979171875 0.8498923609375
1 0.3383859125 0.523126240625 0.3284610609375 0.5347053578125001 0.32308506875 0.5483521828125 0.32019022812500003 0.5574499015625001 0.3185359625 0.5648936015625 0.3210173609375 0.5768861609375 0.3255662203125 0.5880518359375 0.32970163750000003 0.6012849703125001 0.3350776296875 0.6087286703125 0.34624305624999996 0.61121006875 0.376844990625 0.6120369546875 0.38842410781250003 0.618653521875 0.400830109375 0.6116235125 0.4140634921875 0.602112103125 0.415717509375 0.5983903765624999 0.4550037203125 0.5983903765624999 0.46327455312500004 0.6103829359375 0.48188368125 0.6107963796875 0.5009064984375 0.609555803125 0.5112450390625 0.6062475203125001 0.551358134375 0.6062475203125001 0.5563206843749999 0.59632266875 0.592712053125 0.5979766859375 0.6001557546875 0.6066609625 0.5939526296875 0.615758928125 0.5873360609375 0.6269243546875 0.585268353125 0.6364357640625 0.5860954859375 0.6451200390625 0.59436631875 0.6633157234375 0.5985017359375 0.6715865578125 0.6084265875 0.679857390625 0.6303439984375 0.681511409375 0.6340659718749999 0.6790302578125 0.63737425625 0.672413690625 0.65102108125 0.671173115625 0.667976190625 0.6699325390624999 0.6915478671875 0.66166170625 0.70271329375 0.6533908734375 0.70891641875 0.64181175625 0.7105704359375 0.6294057546875 0.7022998515625 0.6124506453125 0.6960967265625 0.6016986609375 0.6907207343749999 0.5942549609375 0.6737656249999999 0.5859841265625 0.670870784375 0.5859841265625 0.664254215625 0.5752321421875 0.63737425625 0.5280887890625 0.6241411203125 0.5239533734374999 0.5894037703125 0.523126240625 0.5741029265625001 0.5264345234375 0.56955381875 0.530569940625 0.5571478171875001 0.5487656249999999 0.5530124015625 0.5553821921875 0.5451552578125 0.56241245 0.536884425 0.5665478671875 0.5306813 0.5541416171875 0.5170344734375 0.552073909375 0.49718477187500004 0.5508333328125 0.48395138906249996 0.545870784375 0.4674099703125 0.539254215625 0.46575570468749994 0.5264345234375 0.46327455312500004 0.5189908234375 0.455830853125 0.5222991078125 0.455830853125 0.5264345234375 0.45665798593750007 0.5301564984375 0.41158209375 0.528915675 0.4066197921875 0.5156825390625001 0.37105530781249996 0.5222991078125 0.3383859125 0.523126240625
1 0.4901545140625 0.541321925 0.51827505 0.544216765625 0.5323355656250001 0.5433896328125 0.54722271875 0.5347053578125001 0.5592155265625001 0.5301564984375 0.561283234375 0.5280887890625 0.5509446921875 0.5222991078125 0.542673859375 0.51857738125 0.5331624500000001 0.516923115625 0.5277864578125 0.506584821875 0.5339895828125 0.4995545640625 0.62496800625 0.4958325890625 0.6328253968750001 0.48425372031249997 0.6303439984375 0.4635766375 0.548876984375 0.4697797625 0.5219970234375 0.4697797625 0.5203427578125 0.4610954859375 0.5108313484375 0.45489236093749996 0.4988387890625 0.45489236093749996 0.48271081406249994 0.45820064531250004 0.47361309531250007 0.4623360609375 0.4703045640625 0.47391517812500006 0.43846230156250005 0.4735017359375 0.4244017859375 0.487975446875 0.43267261875 0.5032762890625 0.45913913749999996 0.504103421875 0.464928571875 0.5202313984375 0.4760942453125 0.5297428078124999 0.47940252968749997 0.5342916671875 0.4901545140625 0.541321925
1 0.4053896328125 0.378008928125 0.416945684375 0.3856116078125 0.427589534375 0.3883487109375 0.43944990156249997 0.381658234375 0.456480159375 0.3840912703125 0.46073759843750006 0.389565228125 0.4677321421875 0.37983358125 0.47351016875 0.3770967265625 0.47351016875 0.3564171625 0.4707733140625 0.3412115578125 0.466515625 0.3402993546875 0.46012946406250005 0.3427321421875 0.463474703125 0.347597965625 0.462258184375 0.35337599218750004 0.45161433593750006 0.35063913750000003 0.4485731640625 0.35337599218750004 0.43063070468750003 0.35246378906250003 0.394745784375 0.36219518906250003 0.387447171875 0.3457733140625 0.365551090625 0.3439486609375 0.36737574375 0.353984375 0.3749786703125 0.3637157734375 0.38653472187500004 0.372230903125 0.4053896328125 0.378008928125
1 0.49996775781249997 0.44552132968749997 0.5160858140625 0.44521726250000004 0.52216790625 0.4488665671875 0.537069196875 0.45221180624999996 0.5565322421875 0.44795436562499996 0.56413516875 0.4360939984375 0.557748759375 0.43122817500000005 0.5583571421875 0.4221049109375 0.572954365625 0.420584325 0.5617021328125 0.41906374062499996 0.6501984125 0.42423363125 0.6550639875 0.42180084375 0.6584092265625 0.41298164687499994 0.6617544640624999 0.39747197343749996 0.6571929562500001 0.38895684531249997 0.54923363125 0.37983358125 0.547408978125 0.378008928125 0.5428474703124999 0.372230903125 0.5312911703125 0.36614856093750003 0.5227760421875 0.36614856093750003 0.511219990625 0.3682775296875 0.5045295140625 0.3731431046875 0.4987514875 0.3810500984375 0.46803621093750003 0.3801376484375 0.46134598281250006 0.391998015625 0.45769642812500005 0.39777604218749996 0.459825396875 0.40811582343749997 0.46286631875 0.41480629999999996 0.49206101249999995 0.416326884375 0.49175694375 0.42423363125 0.456480159375 0.4254501484375 0.449485615625 0.412069196875 0.44461979218750003 0.41024454375 0.42272395781250005 0.412069196875 0.38592658750000003 0.4114610609375 0.3792361109375 0.41723908749999994 0.3685922625 0.43426934531250005 0.364334821875 0.4516036703125 0.376194940625 0.45312425625 0.422115575 0.45099553593749997 0.49996775781249997 0.44552132968749997
1 0.633496528125 0.470154265625 0.639274553125 0.48444742031250004 0.6304553578125 0.4932666171875 0.6119047625 0.49843650781250004 0.5668963296875 0.49995709374999997 0.5653759921875 0.5005654765625 0.5811897328125 0.50330233125 0.603085565625 0.5020858140625 0.6167705859375 0.5054310515625 0.620419890625 0.5185079359375 0.63623363125 0.5264146828125 0.6690773812499999 0.5838916171874999 0.69340625 0.5778092765625 0.698576140625 0.5744640375000001 0.7162145343749999 0.55104761875 0.7238172125 0.5361463296875 0.726554315625 0.5242859625 0.724121528125 0.5194201390625001 0.7128692953125 0.505126984375 0.705570684375 0.492050346875 0.6842829859374999 0.48718452343749996 0.6775925093749999 0.470154265625 0.6608422625 0.44248040624999996 0.582381696875 0.432748759375 0.582381696875 0.430315971875 0.5723459828124999 0.42757886875000006 0.569305059375 0.43791865156250004 0.564743303125 0.4473459828125 0.555315971875 0.45373239062500004 0.54071875 0.4598147328125 0.5209513890624999 0.4598147328125 0.530707340625 0.46437624062499994 0.62467733125 0.4567735609375 0.633496528125 0.470154265625
1 0.652472221875 0.31309300625 0.6464893359375 0.3416768359375 0.6325297625 0.3549717265625 0.6385126484375 0.3702609125 0.6421686515625 0.38654687499999996 0.6557958828125 0.387544146875 0.6611138390625 0.398180059375 0.6538015875000001 0.4231076390625 0.6597842265625 0.4287579359375 0.6843797125 0.43075223281249997 0.701662946875 0.427428571875 0.7212728171875 0.42078125 0.7325734125000001 0.4084833828125 0.73490005 0.386214534375 0.7362294140625 0.3709255953125 0.74021800625 0.3679342765625 0.7415473703125001 0.35530406718749996 0.7302467765625 0.3307088296875 0.7235994546875 0.32572321406250004 0.71894618125 0.30278968281249996 0.7282524796875001 0.2961421125 0.7302467765625 0.2848415171875 0.7292497515624999 0.2655639875 0.7219375 0.25526066406250003 0.7039895828125 0.2565900296875 0.694683284375 0.252934028125 0.6887003968750001 0.247616071875 0.6847120531249999 0.24628670625 0.6843797125 0.24661904687499997 0.65147495 0.25791964218749996 0.643165675 0.27320858124999997 0.64150396875 0.2871681546875 0.6444952875000001 0.30378670625000004 0.652472221875 0.31309300625
1 0.719943453125 0.2542633921875 0.7305791171875 0.24628670625 0.732241071875 0.2313298609375 0.74021800625 0.22169122031250002 0.7452036203125 0.20507266875000002 0.74487103125 0.194769096875 0.735232390625 0.181141865625 0.72958209375 0.16751488125 0.722934771875 0.159537946875 0.71894618125 0.114335565625 0.697009671875 0.11101165625000001 0.6880357140625 0.118323909375 0.6877033734375 0.1469077375 0.687038690625 0.161199653125 0.6880357140625 0.1725002484375 0.6827177578125 0.17449454375 0.674076140625 0.181141865625 0.67673511875 0.18313616093750001 0.7126312 0.20706696406249997 0.689365328125 0.23166220312500002 0.6833826890625 0.2313298609375 0.685709078125 0.24296279687500003 0.694683284375 0.2509397328125 0.7066485609375001 0.252934028125 0.719943453125 0.2542633921875
1 0.5018244046875 0.25353695468750004 0.515168403125 0.2552775296875 0.5296728671875 0.2558576390625 0.5348943453125 0.2512162703125 0.5363447421875 0.24019295624999998 0.5981334328125001 0.24976587343749998 0.6111875 0.24135317500000003 0.610607390625 0.2224975203125 0.5270620046875 0.2056723703125 0.524451140625 0.19987053593749998 0.524451140625 0.1929084828125 0.5131376484375 0.1882671125 0.49341170625 0.1894275796875 0.48238839218749996 0.1987103171875 0.4667237109375 0.1963896328125 0.44902827343749996 0.20886334374999999 0.4519290671875 0.22307762968749997 0.4725255453125 0.2268487109375 0.47774702343750003 0.2532467765625 0.48557936562500004 0.2532467765625 0.489640625 0.2541170640625 0.5018244046875 0.25353695468750004
1 0.48238839218749996 0.340853421875 0.5079161703125 0.3518767359375 0.5412762890625 0.368701884375 0.545627728125 0.3704424609375 0.5665138890625 0.36028918593750003 0.5691247515625 0.3527470234375 0.5610022328125 0.3498462296875 0.5557807546875 0.34230381875 0.5978435015625 0.3475255453125 0.60654613125 0.3402733140625 0.612637896875 0.328959821875 0.611767609375 0.3211274796875 0.6068360609375001 0.31590575468750004 0.5520094249999999 0.303141865625 0.5293826890625 0.29588988125000004 0.5102368546875 0.2909583328125 0.494862103125 0.27790426562500004 0.48761011875 0.27790426562500004 0.4803578875 0.2810952375 0.4719451890625 0.28486631875 0.4522192453125 0.28051512968750003 0.43539409687499997 0.2999508921875 0.4420662203125 0.31300496093749997 0.45976165625 0.3196770828125 0.46643353125000003 0.33766245 0.47339558593750003 0.3417237109375 0.47339558593750003 0.339983134375 0.48238839218749996 0.340853421875
1 0.5705751484375 0.364640625 0.55346006875 0.372472965625 0.561582340625 0.3785647328125 0.5682544640625 0.3805954859375 0.5705751484375 0.364640625
1 0.5786976687500001 0.38175570468750003 0.6268521828125 0.387267609375 0.6256919640625 0.3823360609375 0.6207604171875001 0.37392336249999997 0.6155389390625 0.36725148750000003 0.606255953125 0.36173983125000003 0.58711011875 0.35912896875 0.5833390374999999 0.363480159375 0.57956795625 0.36928199375 0.5786976687500001 0.38175570468750003
1 0.5966830359374999 0.27732415625 0.583629215625 0.2877673609375 0.5720255453124999 0.29153844218749997 0.55346006875 0.29414930625 0.548528521875 0.2985004953125 0.5853697921875 0.30691319375 0.6123479656249999 0.3141654265625 0.6146686515625001 0.33041021875 0.6013244046875 0.3489759421875 0.5833390374999999 0.3478154765625 0.5868201890625 0.357678571875 0.6030649796875001 0.3620297625 0.61582886875 0.36725148750000003 0.6271423609375 0.3823360609375 0.6317837296875 0.3805954859375 0.6346845234375 0.3779846234375 0.6364250984375001 0.3721830359375 0.6341044140625 0.35999925625 0.63352430625 0.35390749062500004 0.64193675625 0.3431741078125 0.6486088796875 0.33766245 0.6378754953125 0.33215079375 0.63613516875 0.3301200390625 0.650639384375 0.3196770828125 0.63990625 0.30024107187500004 0.6256919640625 0.30546255 0.617279265625 0.275293403125 0.6166991562499999 0.27065203437499996 0.613508184375 0.271232390625 0.5966830359374999 0.27732415625
1 0.67353125 0.45904737031250004 0.6755533234375 0.45475000000000004 0.6765644843749999 0.4469139390625 0.676059028125 0.44211111093750005 0.6720143843749999 0.433263640625 0.660639384375 0.4307358625 0.65457266875 0.4287137890625 0.6535615078125 0.42289980156249996 0.5805084328125 0.4223943453125 0.5830362109375 0.43250545625000003 0.6586170640625 0.441352678125 0.6669588296875 0.44817782812500007 0.67353125 0.45904737031250004
1 0.49415252968749995 0.18612723281250002 0.5148333328125 0.1892294140625 0.52594915625 0.1949166671875 0.5275002484375 0.203964534375 0.5331875 0.2078420140625 0.53525545625 0.19853571406249998 0.5318948406249999 0.1853516859375 0.5905766375 0.19439955312499999 0.6045362109375 0.1773380453125 0.60298511875 0.165446428125 0.5300853171875 0.15510615156250002 0.5156088796875 0.1468338296875 0.5145746531250001 0.140887896875 0.5104384921875 0.13442534687500002 0.4962204859375 0.1359764390625 0.48019295624999997 0.14424875937499998 0.46856002031250005 0.144765625 0.45382490156250005 0.157949653125 0.45537599218749997 0.1706165671875 0.47114508906249997 0.1755282734375 0.480709821875 0.1959506453125 0.48251959375000003 0.1949166671875 0.48251959375000003 0.1928484625 0.49415252968749995 0.18612723281250002
1 0.6042777781249999 0.1646708828125 0.6102234625 0.17397718281250002 0.6247001484375 0.1840592765625 0.6355575390625 0.1788888890625 0.647707340625 0.17165079375 0.6577894343749999 0.15950074375 0.6836403765625 0.14735069375 0.6833819437499999 0.135459325 0.684157490625 0.1165880453125 0.700960565625 0.11115922656249999 0.7012189984375 0.10573065468750001 0.6913955859375001 0.0946145828125 0.674075396875 0.0845327375 0.652877728125 0.0788454859375 0.6358159718749999 0.09487326406249999 0.63193824375 0.1067646328125 0.63426488125 0.11736359062499999 0.6296118546875 0.12253372968750001 0.6223735125000001 0.13184027812500002 0.6076383921875 0.1367517359375 0.5903182046875 0.13287425625 0.584889384375 0.12356795625000001 0.5693789687499999 0.1163296125 0.548956596875 0.1101252484375 0.5349970234375 0.10262847187499999 0.5192279265625 0.1044379953125 0.5065610125 0.100043403125 0.48924082343749997 0.09099553593750001 0.47915897812499997 0.08143080312499999 0.47347172656250003 0.078069940625 0.462097221875 0.0876349203125 0.46468229218749996 0.11064236093749999 0.4667502484375 0.12305084375 0.4799342765625 0.1302891859375 0.49156746093750003 0.1313231640625 0.5130235609375 0.133908234375 0.5331875 0.1450240578125 0.5427522328125 0.15252108125 0.5936788187500001 0.16079340312499998 0.6042777781249999 0.1646708828125
1 0.24678447343749998 0.10365848281250001 0.2445188484375 0.1104556046875 0.23885441406250002 0.1563373015625 0.249616815625 0.180127728125 0.24678447343749998 0.21184846249999997 0.249616815625 0.21807936562500002 0.277372271875 0.2209114578125 0.294365328125 0.21184846249999997 0.3011626984375 0.21184846249999997 0.30626066406249997 0.18182713281250001 0.305694196875 0.09346255 0.30852653750000003 0.0016994046875 0.26830927656250003 0 0.2535818453125 0.024356895312499998 0.24281944375000003 0.044748759375 0.26264484062500004 0.065140625 0.2592462796875 0.07873511875 0.25471478125 0.10139260937500001 0.24678447343749998 0.10365848281250001
1 0.16068576406249999 0.0764692453125 0.184476190625 0.1002599203125 0.2082666171875 0.11612003906249999 0.2110987109375 0.095728175 0.22299404687500002 0.058909721875 0.2354556046875 0.0492802578125 0.223560515625 0.005664434375 0.125 0.0005664687499999999 0.125 0.0543782234375 0.12783209375 0.0628747515625 0.16068576406249999 0.0764692453125
1 0.1544548609375 0.21298139843750002 0.16691641875000002 0.18635863125000002 0.1856091265625 0.16370114062500002 0.185042659375 0.138777778125 0.19183978125 0.14274280781249998 0.184476190625 0.106490575 0.1691822921875 0.09289608125 0.1516227671875 0.0894975203125 0.12783209375 0.070805059375 0.125 0.12008506875 0.125 0.1574702375 0.125 0.2095825890625 0.1414268359375 0.21637996093749998 0.1544548609375 0.21298139843750002