5 0.4935515875 0.7172619046875 0.500248015625 0.73115079375 0.506200396875 0.7380952375 0.5089285718750001 0.7462797625 0.52157738125 0.7487599203124999 0.5245535718750001 0.750248015625 0.5275297625 0.750248015625 0.5327380953125 0.7462797625 0.5391865078125 0.7430555562500001 0.5491071421875 0.7331349203124999 0.5540674609375 0.7242063484375 0.5572916671875 0.71279761875 0.5580357140625 0.705605159375 0.560019840625 0.700396825 0.56299603125 0.6966765875 0.5691964281249999 0.6927083328125 0.5768849203124999 0.685019840625 0.5828373015625 0.67782738125 0.5830853171875 0.6758432546875001 0.5868055562500001 0.6696428578125 0.583829365625 0.6614583328125 0.5803571421875 0.6584821421875 0.5744047625 0.6607142859375 0.5679563484375 0.656994046875 0.560019840625 0.6572420640625001 0.5508432546875001 0.661954365625 0.5424107140625 0.6698908734375 0.5414186515625 0.671875 0.5352182546875001 0.6763392859375 0.530505953125 0.678075396875 0.528273809375 0.6768353171875 0.52157738125 0.6773313484375 0.5071924609375 0.684523809375 0.503472221875 0.6894841265625 0.49677579375 0.700644840625 0.4925595234375 0.7051091265625 0.4925595234375 0.71279761875 0.4935515875 0.7172619046875
5 0.5885416671875 0.7301587296875 0.5987103171875 0.7304067453124999 0.609375 0.7289186515625 0.61259920625 0.7271825390625 0.6145833328125 0.724454365625 0.62177579375 0.72197420625 0.627728175 0.7167658734375 0.6302083328125 0.716021825 0.6388888890625 0.7100694437499999 0.6416170640625001 0.7110615078125 0.6448412703125 0.7105654765625 0.6517857140625 0.7048611109375 0.6550099203124999 0.699652778125 0.6681547625 0.6981646828125 0.668402778125 0.6889880953125 0.662450396875 0.674851190625 0.6572420640625001 0.6696428578125 0.6510416671875 0.6674107140625 0.6445932546875001 0.6679067453124999 0.6428571421875 0.668898809375 0.6388888890625 0.66865079375 0.624255953125 0.68154761875 0.6183035718750001 0.68427579375 0.615575396875 0.6835317453124999 0.6130952375 0.6862599203124999 0.5897817453124999 0.6964285718750001 0.5830853171875 0.7013888890625 0.5798611109375 0.7053571421875 0.577876984375 0.7145337296875 0.5793650796875001 0.7234623015625 0.581597221875 0.7264384921875 0.5885416671875 0.7301587296875
5 0.6240079359374999 0.7926587296875 0.6299603171875 0.7948908734375 0.6331845234375 0.7948908734375 0.6388888890625 0.7926587296875 0.6448412703125 0.7884424609375 0.6480654765625 0.784226190625 0.653521825 0.781001984375 0.658730159375 0.7740575390625 0.662450396875 0.771329365625 0.67237103125 0.75595238125 0.6738591265625 0.7522321421875 0.6736111109375 0.7477678578125 0.669394840625 0.743799603125 0.668402778125 0.7395833328125 0.6698908734375 0.7358630953125 0.6741071421875 0.731894840625 0.6773313484375 0.7254464281249999 0.6785714281249999 0.7204861109375 0.678075396875 0.71279761875 0.674851190625 0.7078373015625 0.674355159375 0.7048611109375 0.668402778125 0.7011408734375 0.662450396875 0.7008928578125 0.6480654765625 0.7080853171875 0.6453373015625 0.7123015875 0.6426091265625 0.7142857140625 0.6391369046875 0.7118055562500001 0.637896825 0.7142857140625 0.6341765875 0.7167658734375 0.6359126984375 0.718998015625 0.6326884921875 0.7242063484375 0.627480159375 0.7274305562500001 0.6210317453124999 0.7259424609375 0.615575396875 0.7276785718750001 0.605902778125 0.7383432546875001 0.5974702375 0.7517361109375 0.596478175 0.7554563484375 0.596726190625 0.763144840625 0.6004464281249999 0.771329365625 0.612847221875 0.7864583328125 0.6240079359374999 0.7926587296875
5 0.53075396875 0.8323412703124999 0.5367063484375 0.83134920625 0.5553075390625 0.8258928578125 0.55927579375 0.8236607140625001 0.5607638890625 0.82217261875 0.5607638890625 0.8196924609374999 0.5625 0.8147321421875 0.5634920640625001 0.8142361109375 0.5716765875 0.8115079359375 0.5803571421875 0.8070436515624999 0.5835813484375 0.8070436515624999 0.5925099203124999 0.8033234125 0.5952380953125 0.8038194437499999 0.606646825 0.7983630953125 0.60987103125 0.7948908734375 0.610119046875 0.7891865078125 0.6073908734375 0.781994046875 0.599454365625 0.7735615078125 0.5979662703125 0.7705853171875 0.5957341265625 0.771329365625 0.5917658734375 0.7698412703125 0.5845734125 0.771825396875 0.5716765875 0.7775297625 0.568700396875 0.77529761875 0.541170634375 0.79092261875 0.53720238125 0.8013392859374999 0.53075396875 0.806299603125 0.52529761875 0.813244046875 0.5248015875 0.8147321421875 0.5267857140625 0.8261408734375 0.528769840625 0.8303571421875 0.53075396875 0.8323412703124999
5 0.48635912656249997 0.8050595234375001 0.4918154765625 0.8107638890625 0.4987599203125 0.8134920640625 0.5009920640625001 0.81845238125 0.5047123015625 0.818700396875 0.5071924609375 0.8172123015625001 0.509920634375 0.8174603171875001 0.521825396875 0.813244046875 0.5334821421875 0.8038194437499999 0.5376984125 0.7986111109375 0.5384424609375 0.794146825 0.541170634375 0.7879464281249999 0.549851190625 0.784226190625 0.5548115078125 0.7800099203124999 0.56299603125 0.7767857140625 0.5669642859375 0.7740575390625 0.574652778125 0.7720734125 0.5758928578125 0.7708333328125 0.577876984375 0.7646329359374999 0.578125 0.7584325390625 0.574652778125 0.7420634921875 0.562748015625 0.7398313484375 0.5419146828125 0.746527778125 0.5394345234375 0.7480158734375 0.53447420625 0.7574404765625 0.5302579359374999 0.7554563484375 0.51884920625 0.752728175 0.51512896875 0.750744046875 0.5044642859375 0.7517361109375 0.493799603125 0.7547123015625 0.48883928593750003 0.7566964281249999 0.48387896875 0.7611607140625 0.47743055625 0.775545634375 0.4766865078125 0.7792658734375 0.47718253906249997 0.783978175 0.48214285781250005 0.7981150796875001 0.48635912656249997 0.8050595234375001
5 0.565228175 0.737351190625 0.5716765875 0.736855159375 0.574652778125 0.73487103125 0.5796130953125 0.72470238125 0.5798611109375 0.7204861109375 0.57862103125 0.7167658734375 0.578869046875 0.7085813484375 0.580853175 0.70362103125 0.5853174609375 0.697420634375 0.58407738125 0.6927083328125 0.580853175 0.69345238125 0.574652778125 0.69072420625 0.5716765875 0.690476190625 0.559771825 0.700644840625 0.5560515875 0.7167658734375 0.55009920625 0.7321428578125 0.549851190625 0.7361111109375 0.5510912703125 0.73759920625 0.559523809375 0.7398313484375 0.565228175 0.737351190625
5 0.5865575390625 0.769097221875 0.5957341265625 0.7671130953125 0.5959821421875 0.7547123015625 0.6014384921875 0.743799603125 0.6046626984375 0.740079365625 0.6016865078125 0.734126984375 0.59970238125 0.7321428578125 0.596478175 0.730902778125 0.583829365625 0.7306547625 0.578869046875 0.733630953125 0.575148809375 0.740079365625 0.574652778125 0.7445436515625 0.577380953125 0.7522321421875 0.5801091265625 0.7673611109375 0.5865575390625 0.769097221875
5 0.43030753906249997 0.858630953125 0.4422123015625 0.8611111109375 0.45659722187499996 0.859126984375 0.47222222187499996 0.8539186515624999 0.4769345234375 0.8504464281249999 0.48065476250000005 0.8449900796875 0.484623015625 0.8447420640625 0.48487103125 0.8454861109375 0.490575396875 0.8459821421875 0.5014880953125 0.84325396875 0.5044642859375 0.840773809375 0.5066964281249999 0.8355654765624999 0.509424603125 0.833829365625 0.5114087296875 0.8301091265625 0.509920634375 0.8216765875 0.4982638890625 0.8194444437499999 0.48809523749999995 0.810019840625 0.48090277812500004 0.8077876984374999 0.4779265875 0.8015873015625001 0.471726190625 0.796626984375 0.4632936515625 0.7926587296875 0.443700396875 0.7919146828125 0.43427579375 0.7929067453124999 0.43030753906249997 0.794394840625 0.42509920625 0.797619046875 0.41865079375 0.8060515875 0.41592261875 0.8115079359375 0.41344246093750003 0.8206845234375001 0.4136904765625 0.8370535718750001 0.41865079375 0.8489583328125001 0.42534722187499996 0.855902778125 0.43030753906249997 0.858630953125
5 0.874751984375 0.21602182499999997 0.874751984375 0.2043650796875 0.8732638890625 0.2046130953125 0.8702876984374999 0.20907738125000003 0.872271825 0.21155753906250002 0.8732638890625 0.215773809375 0.874751984375 0.21602182499999997
5 0.3670634921875 0.833829365625 0.375 0.8519345234375001 0.375744046875 0.8573908734375 0.381200396875 0.860119046875 0.3960813484375 0.8581349203125 0.40054563437499996 0.8546626984374999 0.403521825 0.8487103171875001 0.41071428593750003 0.84424603125 0.412450396875 0.8174603171875001 0.415674603125 0.8070436515624999 0.41468253906249997 0.803075396875 0.40848214218749995 0.799603175 0.40252976250000005 0.793898809375 0.3958333328125 0.7919146828125 0.3928571421875 0.7896825390625 0.38194444375000003 0.787450396875 0.3670634921875 0.7886904765625 0.3630952375 0.7899305562500001 0.3606150796875 0.7924107140625 0.35887896874999997 0.797123015625 0.359623015625 0.8102678578125 0.3635912703125 0.825396825 0.36631944375000003 0.8298611109375 0.3670634921875 0.833829365625
5 0.3489583328125 0.775545634375 0.3576388890625 0.7926587296875 0.362351190625 0.7894345234375 0.368799603125 0.7879464281249999 0.37400793593750004 0.7884424609375 0.38095238125 0.787450396875 0.3921130953125 0.7894345234375 0.3955853171875 0.79092261875 0.3988095234375 0.7891865078125 0.40252976250000005 0.771825396875 0.4007936515625 0.763144840625 0.3970734125 0.75595238125 0.393601190625 0.7537202375 0.38715277812500004 0.7462797625 0.38169642812500004 0.7430555562500001 0.36904761875 0.7388392859375 0.346726190625 0.744295634375 0.34325396874999997 0.74950396875 0.34325396874999997 0.755704365625 0.3449900796875 0.7636408734375 0.3484623015625 0.7720734125 0.3489583328125 0.775545634375
5 0.4012896828125 0.7636408734375 0.4045138890625 0.7678571421875 0.406001984375 0.7676091265625 0.4114583328125 0.762152778125 0.4139384921875 0.7569444437499999 0.415178571875 0.7428075390625 0.418898809375 0.7289186515625 0.41815476250000005 0.7259424609375 0.41021825468750006 0.718998015625 0.390376984375 0.7323908734375 0.3864087296875 0.74032738125 0.3864087296875 0.7445436515625 0.393105159375 0.752480159375 0.40029761875 0.7554563484375 0.4012896828125 0.7636408734375
5 0.41468253906249997 0.80282738125 0.41468253906249997 0.80654761875 0.4164186515625 0.8077876984374999 0.41790674531249994 0.80282738125 0.41989087343750003 0.799851190625 0.42559523749999995 0.7948908734375 0.424851190625 0.7899305562500001 0.42584325468750006 0.786954365625 0.41741071406249997 0.77157738125 0.415674603125 0.7705853171875 0.4079861109375 0.7730654765625 0.40550595312500004 0.7757936515625 0.4007936515625 0.7867063484375 0.40054563437499996 0.79092261875 0.4074900796875 0.7988591265625 0.412450396875 0.8008432546875 0.41468253906249997 0.80282738125
5 0.4384920640625 0.6572420640625001 0.44196428593750003 0.6604662703125 0.4476686515625 0.6696428578125 0.44866071406249997 0.6741071421875 0.4451884921875 0.6860119046875 0.4513888890625 0.6991567453124999 0.452876984375 0.6976686515625 0.45510912656249997 0.6976686515625 0.45709325468750006 0.7011408734375 0.456101190625 0.7046130953125 0.45634920625 0.713045634375 0.45734127031250005 0.7145337296875 0.465773809375 0.71825396875 0.4734623015625 0.7274305562500001 0.4751984125 0.73115079375 0.4779265875 0.7333829359374999 0.48660714218749995 0.7264384921875 0.49156746093750003 0.7199900796875001 0.4925595234375 0.7170138890625 0.493303571875 0.7048611109375 0.5009920640625001 0.693204365625 0.502480159375 0.6894841265625 0.502480159375 0.6852678578125 0.500248015625 0.68154761875 0.4925595234375 0.67509920625 0.4898313484375 0.6738591265625 0.481398809375 0.678075396875 0.4779265875 0.6770833328125 0.474950396875 0.6731150796875001 0.4737103171875 0.6733630953125 0.4632936515625 0.6671626984375 0.45709325468750006 0.65947420625 0.45362103125 0.6579861109375 0.453125 0.6545138890625 0.4513888890625 0.65302579375 0.44717261875 0.6525297625 0.4449404765625 0.646329365625 0.4422123015625 0.643105159375 0.43973214218749995 0.6428571421875 0.43154761875 0.6490575390625 0.42757936562500004 0.6498015875 0.424355159375 0.6542658734375 0.428075396875 0.6552579359374999 0.4327876984375 0.6550099203124999 0.4384920640625 0.6572420640625001
5 0.36805555624999997 0.7274305562500001 0.36904761875 0.7299107140625 0.372519840625 0.7323908734375 0.3869047625 0.730902778125 0.3988095234375 0.724950396875 0.40277777812500004 0.718501984375 0.4079861109375 0.7165178578125 0.41071428593750003 0.713045634375 0.40972222187499996 0.708829365625 0.4164186515625 0.700644840625 0.4300595234375 0.693700396875 0.4357638890625 0.6894841265625 0.440476190625 0.687748015625 0.4466765875 0.6785714281249999 0.4481646828125 0.6736111109375 0.44171627031250005 0.6607142859375 0.43700396875 0.65674603125 0.4300595234375 0.6547619046875 0.4283234125 0.6478174609375 0.4273313484375 0.6473214281249999 0.42609127031250005 0.6480654765625 0.42584325468750006 0.65029761875 0.42385912656249997 0.6517857140625 0.4233630953125 0.6542658734375 0.419394840625 0.65947420625 0.4015376984375 0.6696428578125 0.396329365625 0.6708829359374999 0.3928571421875 0.668402778125 0.37847222187499996 0.6728670640625001 0.37400793593750004 0.6768353171875 0.3695436515625 0.6770833328125 0.3658234125 0.6793154765625 0.3613591265625 0.6798115078125 0.3556547625 0.6852678578125 0.35243055624999997 0.6961805562500001 0.3521825390625 0.7008928578125 0.35615079375 0.7142857140625 0.36383928593750003 0.724454365625 0.36805555624999997 0.7274305562500001
5 0.4952876984375 0.6736111109375 0.5022321421875 0.678075396875 0.5052083328125 0.6820436515625 0.5076884921875 0.6827876984375 0.512648809375 0.6805555562500001 0.521329365625 0.6793154765625 0.5262896828125 0.6763392859375 0.5329861109375 0.6755952375 0.5349702375 0.6728670640625001 0.5396825390625 0.671130953125 0.5456349203124999 0.6651785718750001 0.5587797625 0.65625 0.568700396875 0.6550099203124999 0.57490079375 0.6525297625 0.5801091265625 0.6473214281249999 0.580853175 0.6418650796875001 0.577876984375 0.6331845234375 0.574652778125 0.6299603171875 0.5689484125 0.6272321421875 0.562748015625 0.627480159375 0.5543154765625 0.6297123015625 0.5510912703125 0.6336805562500001 0.5483630953125 0.6341765875 0.546130953125 0.6366567453124999 0.5394345234375 0.6386408734375 0.5329861109375 0.6391369046875 0.5243055562500001 0.63467261875 0.52157738125 0.6341765875 0.5195932546875001 0.6351686515625 0.5106646828125 0.6361607140625 0.5014880953125 0.640376984375 0.49429563437499996 0.6470734125 0.4895833328125 0.656994046875 0.4895833328125 0.659722221875 0.49156746093750003 0.6626984125 0.49305555625 0.6698908734375 0.4952876984375 0.6736111109375
5 0.5962921625 0.609375 0.6039186515625 0.6083829359374999 0.610119046875 0.6044146828125 0.612103175 0.59970238125 0.6145833328125 0.5850694437499999 0.6138392859375 0.5761408734375 0.610119046875 0.5711805562500001 0.5984623015625 0.5674603171875 0.5835813484375 0.5669642859375 0.5709325390625 0.5711805562500001 0.5689484125 0.5818452375 0.5694444437499999 0.5954861109375 0.575396825 0.6049107140625 0.5922619046875 0.6116071421875 0.5962921625 0.609375
5 0.45684523749999995 0.6202876984375 0.45709325468750006 0.6237599203124999 0.456101190625 0.6267361109375 0.45684523749999995 0.630704365625 0.45907738125 0.6334325390625 0.4613095234375 0.639880953125 0.46949404687499996 0.6480654765625 0.4789186515625 0.6547619046875 0.481894840625 0.6552579359374999 0.4861111109375 0.6520337296875 0.4895833328125 0.6510416671875 0.49950396875 0.6416170640625001 0.5138888890625 0.6326884921875 0.515625 0.624255953125 0.5146329359374999 0.619295634375 0.5101686515625 0.6103670640625001 0.50595238125 0.6081349203124999 0.50322420625 0.60342261875 0.487351190625 0.59325396875 0.47445436562500004 0.5925099203124999 0.45734127031250005 0.578373015625 0.45262896875 0.577876984375 0.45114087343750003 0.5761408734375 0.44866071406249997 0.575644840625 0.44345238125 0.5761408734375 0.4422123015625 0.58134920625 0.43973214218749995 0.58407738125 0.4456845234375 0.605902778125 0.45684523749999995 0.6202876984375
5 0.40228174531249994 0.5917658734375 0.408730159375 0.60615079375 0.41046627031250005 0.618799603125 0.41319444375 0.6197916671875 0.41592261875 0.6230158734375 0.41964285781250005 0.624751984375 0.42509920625 0.630704365625 0.43675595312500004 0.6386408734375 0.44618055625 0.63740079375 0.45386904687499996 0.630704365625 0.45386904687499996 0.6272321421875 0.4454365078125 0.6113591265625 0.43973214218749995 0.6029265875 0.440228175 0.591021825 0.43427579375 0.5796130953125 0.4265873015625 0.5706845234375 0.4166666671875 0.5637400796875001 0.4077380953125 0.5639880953125 0.39955357187499996 0.56845238125 0.3970734125 0.571924603125 0.3985615078125 0.5803571421875 0.40277777812500004 0.5882936515625 0.40228174531249994 0.5917658734375
5 0.338045634375 0.655505953125 0.343998015625 0.6664186515625 0.34722222187499996 0.6698908734375 0.3519345234375 0.672619046875 0.3576388890625 0.6738591265625 0.3608630953125 0.6755952375 0.3695436515625 0.674603175 0.3824404765625 0.6701388890625 0.38740079375 0.6671626984375 0.396825396875 0.659722221875 0.4007936515625 0.6522817453124999 0.40426587343750003 0.6490575390625 0.4077380953125 0.6498015875 0.4114583328125 0.6473214281249999 0.4164186515625 0.646329365625 0.419394840625 0.6423611109375 0.421626984375 0.6359126984375 0.41989087343750003 0.6292162703125 0.4164186515625 0.625744046875 0.41021825468750006 0.6259920640625001 0.4074900796875 0.624751984375 0.3980654765625 0.627976190625 0.3958333328125 0.62549603125 0.38715277812500004 0.6269841265625 0.3831845234375 0.625744046875 0.381200396875 0.622271825 0.37822420625 0.6212797625 0.372519840625 0.6158234125 0.3697916671875 0.615079365625 0.3606150796875 0.6158234125 0.3511904765625 0.6183035718750001 0.3422619046875 0.625744046875 0.3397817453125 0.6302083328125 0.33506944375000003 0.63467261875 0.3365575390625 0.65029761875 0.338045634375 0.655505953125
5 0.299851190625 0.580605159375 0.3015873015625 0.584325396875 0.3050595234375 0.5835813484375 0.314980159375 0.5744047625 0.3268849203125 0.5701884921875 0.33134920625 0.5677083328125 0.3335813484375 0.5647321421875 0.3353174609375 0.5605158734375 0.3355654765625 0.5560515875 0.33159722187499996 0.544394840625 0.3296130953125 0.5401785718750001 0.3201884921875 0.5300099203124999 0.3164682546875 0.528521825 0.3020833328125 0.530505953125 0.2919146828125 0.53447420625 0.29017857187499996 0.5357142859375 0.2889384921875 0.5389384921875 0.28993055624999997 0.5505952375 0.29340277812500004 0.55927579375 0.2981150796875 0.5667162703125 0.299851190625 0.580605159375
5 0.3209325390625 0.665674603125 0.32142857187499996 0.6701388890625 0.3303571421875 0.700396825 0.3298611109375 0.705605159375 0.33134920625 0.71279761875 0.3335813484375 0.7167658734375 0.3323412703125 0.7199900796875001 0.3328373015625 0.7239583328125 0.334325396875 0.728174603125 0.3373015875 0.7323908734375 0.33779761875 0.7363591265625 0.3397817453125 0.74032738125 0.343005953125 0.7418154765625 0.3484623015625 0.7420634921875 0.35838293593750004 0.740079365625 0.3613591265625 0.737847221875 0.3673115078125 0.7358630953125 0.36830357187499996 0.7333829359374999 0.3675595234375 0.7306547625 0.36259920625 0.7264384921875 0.359126984375 0.7207341265625 0.35615079375 0.718501984375 0.3529265875 0.7100694437499999 0.3519345234375 0.6976686515625 0.35243055624999997 0.6892361109375 0.3539186515625 0.6855158734375 0.353174603125 0.6783234125 0.34424603125000003 0.669394840625 0.33705357187499996 0.655505953125 0.33482142812500004 0.6488095234375 0.334325396875 0.6364087296875 0.3333333328125 0.637648809375 0.3301091265625 0.6386408734375 0.328869046875 0.63467261875 0.327380953125 0.63467261875 0.3268849203125 0.6359126984375 0.3231646828125 0.6339285718750001 0.3164682546875 0.6339285718750001 0.31349206406249996 0.6354166671875 0.3139880953125 0.646329365625 0.31845238125 0.6559193953125 0.31919642812500004 0.661954365625 0.3209325390625 0.665674603125
5 0.481646825 0.5039682546875001 0.48487103125 0.509424603125 0.4853670640625 0.521825396875 0.4828869046875 0.5260416671875 0.47991071406249997 0.5367063484375 0.481894840625 0.5389384921875 0.4833829359375 0.5396825390625 0.49007936562500004 0.5394345234375 0.4982638890625 0.53720238125 0.502728175 0.5332341265625 0.5079365078125 0.5262896828125 0.509920634375 0.525545634375 0.512648809375 0.5262896828125 0.51884920625 0.5257936515625 0.5262896828125 0.52157738125 0.527777778125 0.5168650796875001 0.5248015875 0.5146329359374999 0.52157738125 0.5138888890625 0.5225694437499999 0.509424603125 0.5205853171875 0.5054563484375 0.509424603125 0.505704365625 0.5022321421875 0.497271825 0.4985119046875 0.49404761875 0.4950396828125 0.49280753906249997 0.48214285781250005 0.49007936562500004 0.47247023749999995 0.49032738125 0.46825396875 0.49404761875 0.474950396875 0.49652777812500004 0.47867063437499996 0.5017361109375 0.481646825 0.5039682546875001
5 0.42509920625 0.568204365625 0.42757936562500004 0.5691964281249999 0.43402777812500004 0.574652778125 0.44940476250000005 0.5744047625 0.4543650796875 0.5766369046875 0.46031746093750003 0.5771329359374999 0.4737103171875 0.580605159375 0.477678571875 0.583829365625 0.481398809375 0.5833333328125 0.48660714218749995 0.5853174609375 0.49627976250000005 0.5855654765625 0.4987599203125 0.5845734125 0.5014880953125 0.5818452375 0.5052083328125 0.575148809375 0.5084325390625 0.565228175 0.5079365078125 0.5558035718750001 0.5052083328125 0.549355159375 0.49280753906249997 0.543402778125 0.48635912656249997 0.544146825 0.4779265875 0.5426587296875 0.468998015625 0.54737103125 0.4613095234375 0.5478670640625001 0.4541170640625 0.547123015625 0.44866071406249997 0.544146825 0.440228175 0.543402778125 0.4360119046875 0.544146825 0.43353174531249994 0.543402778125 0.428075396875 0.544146825 0.421626984375 0.54737103125 0.41840277812500004 0.5513392859375 0.41790674531249994 0.5605158734375 0.418898809375 0.562251984375 0.42261904687499996 0.5644841265625 0.42509920625 0.568204365625
5 0.5639880953125 0.5711805562500001 0.56572420625 0.5758928578125 0.56845238125 0.577380953125 0.571924603125 0.5704365078125 0.580605159375 0.5669642859375 0.5830853171875 0.5642361109375 0.580853175 0.560019840625 0.57862103125 0.5585317453124999 0.56200396875 0.5545634921875 0.5572916671875 0.5515873015625 0.5520833328125 0.5515873015625 0.5483630953125 0.5533234125 0.544394840625 0.55282738125 0.5421626984375 0.5545634921875 0.54092261875 0.5572916671875 0.5401785718750001 0.5605158734375 0.5535714281249999 0.5634920640625001 0.5607638890625 0.5677083328125 0.5639880953125 0.5711805562500001
5 0.5602678578125 0.6267361109375 0.5639880953125 0.6160714281249999 0.5701884921875 0.6073908734375 0.5664682546875001 0.596726190625 0.56299603125 0.5949900796875001 0.55009920625 0.5952380953125 0.5453869046875 0.596478175 0.5419146828125 0.5992063484375 0.5416666671875 0.603670634375 0.5488591265625 0.6173115078125 0.5510912703125 0.6294642859375 0.5602678578125 0.6267361109375
5 0.5401785718750001 0.637152778125 0.5481150796875001 0.6331845234375 0.550347221875 0.630704365625 0.5523313484375 0.6267361109375 0.550347221875 0.625248015625 0.5483630953125 0.6158234125 0.5424107140625 0.6056547625 0.5367063484375 0.6009424609375 0.533730159375 0.6001984125 0.5270337296875 0.6006944437499999 0.5200892859375 0.603174603125 0.517278521875 0.6057373515625 0.513144840625 0.6071428578125 0.5176091265625 0.627976190625 0.5238095234375 0.6336805562500001 0.530505953125 0.637152778125 0.5401785718750001 0.637152778125
5 0.5101686515625 0.609623015625 0.512896825 0.606894840625 0.521825396875 0.60342261875 0.5248015875 0.6011904765625 0.5324900796875001 0.6004464281249999 0.5367063484375 0.6026785718750001 0.5376984125 0.599950396875 0.5357142859375 0.593501984375 0.527777778125 0.5900297625 0.513144840625 0.5890376984375 0.5012400796875001 0.5915178578125 0.4982638890625 0.59375 0.49652777812500004 0.5954861109375 0.497519840625 0.5992063484375 0.5064484125 0.6078869046875 0.5101686515625 0.609623015625
5 0.4990079359375 0.7519841265625 0.5173611109375 0.75 0.5205853171875 0.7517361109375 0.5225694437499999 0.7517361109375 0.5220734125 0.7480158734375 0.5116567453124999 0.7410714281249999 0.49950396875 0.7291666671875 0.4982638890625 0.7254464281249999 0.4952876984375 0.7239583328125 0.4893353171875 0.7294146828125 0.48759920625 0.7361111109375 0.48759920625 0.7413194437499999 0.49032738125 0.750248015625 0.4990079359375 0.7519841265625
5 0.3454861109375 0.5446428578125 0.353174603125 0.5550595234375 0.356894840625 0.5644841265625 0.359623015625 0.5761408734375 0.3695436515625 0.6004464281249999 0.37822420625 0.6178075390625 0.38392857187499996 0.624751984375 0.3866567453125 0.6259920640625001 0.3988095234375 0.625 0.4050099203125 0.6230158734375 0.40674603125 0.61904761875 0.406001984375 0.5982142859375 0.40426587343750003 0.59424603125 0.40178571406249997 0.5922619046875 0.4012896828125 0.587549603125 0.396825396875 0.57217261875 0.38963293593750004 0.5605158734375 0.3886408734375 0.5560515875 0.38368055624999997 0.5451388890625 0.3821924609375 0.536954365625 0.3826884921875 0.53174603125 0.3841765875 0.53075396875 0.384920634375 0.528521825 0.384920634375 0.521329365625 0.3762400796875 0.5017361109375 0.3727678578125 0.499751984375 0.369295634375 0.4952876984375 0.36383928593750003 0.49305555625 0.3581349203125 0.4920634921875 0.35069444375000003 0.49280753906249997 0.343501984375 0.49652777812500004 0.3395337296875 0.497519840625 0.3345734125 0.5009920640625001 0.328125 0.5086805562500001 0.3261408734375 0.51512896875 0.3263888890625 0.521329365625 0.334325396875 0.5416666671875 0.3387896828125 0.5448908734375 0.3454861109375 0.5446428578125
5 0.5677083328125 0.6240079359374999 0.572420634375 0.625248015625 0.577876984375 0.63095238125 0.5818452375 0.6391369046875 0.5823412703125 0.65029761875 0.5845734125 0.6579861109375 0.5870535718750001 0.6612103171875 0.5892857140625 0.6666666671875 0.597222221875 0.6738591265625 0.6009424609375 0.6770833328125 0.609623015625 0.6810515875 0.615575396875 0.6820436515625 0.6202876984375 0.6810515875 0.6272321421875 0.677579365625 0.6359126984375 0.6698908734375 0.640376984375 0.661954365625 0.6418650796875001 0.6540178578125 0.6418650796875001 0.646825396875 0.6391369046875 0.6369047625 0.6341765875 0.6304563484375 0.62450396875 0.6230158734375 0.60987103125 0.619295634375 0.6019345234375 0.6207837296875 0.5966021828125 0.6202876984375 0.59325396875 0.6183035718750001 0.5922619046875 0.6148313484375 0.588045634375 0.6135912703125 0.5863095234375 0.6106150796875001 0.574652778125 0.60887896875 0.568700396875 0.6113591265625 0.5677083328125 0.6138392859375 0.56572420625 0.615079365625 0.565972221875 0.622519840625 0.5677083328125 0.6240079359374999
5 0.5106646828125 0.5453869046875 0.5262896828125 0.541170634375 0.53075396875 0.5416666671875 0.53720238125 0.5453869046875 0.546626984375 0.54637896875 0.5520833328125 0.5453869046875 0.5572916671875 0.5429067453124999 0.5602678578125 0.537450396875 0.5602678578125 0.5332341265625 0.5510912703125 0.5089285718750001 0.5451388890625 0.500744046875 0.5386904765625 0.499751984375 0.5334821421875 0.500248015625 0.527777778125 0.5044642859375 0.5238095234375 0.505704365625 0.5245535718750001 0.5091765875 0.52802579375 0.5136408734375 0.528769840625 0.516369046875 0.5275297625 0.521825396875 0.525545634375 0.5243055562500001 0.5203373015625 0.528273809375 0.5143849203124999 0.5297619046875 0.512152778125 0.5290178578125 0.5101686515625 0.5262896828125 0.5066964281249999 0.528769840625 0.5064484125 0.531994046875 0.49950396875 0.536954365625 0.49925595312500004 0.54092261875 0.5012400796875001 0.5446428578125 0.502480159375 0.5451388890625 0.5106646828125 0.5453869046875
5 0.41066716249999996 0.5539213796875 0.4160009921875 0.5528234125 0.416628471875 0.5512547125 0.42384474218749996 0.5445091765625001 0.4255701890625 0.5435677078125 0.43921825468750003 0.5435677078125 0.43812003906249997 0.5404303078125 0.4351396328125 0.537606646875 0.43168824375000003 0.5325865578125 0.4291783234375 0.524115575 0.42839409687499996 0.5212916671875 0.40941220312500004 0.5114087296875 0.4028236609375 0.510310515625 0.397646825 0.5117224703125001 0.38415550625 0.5341552578125001 0.3902735609375 0.5404303078125 0.38635168593749997 0.548430803125 0.3948229171875 0.568196925 0.401097965625 0.564745784375 0.41066716249999996 0.5539213796875
5 0.4335709328125 0.5327435515625 0.437649553125 0.5357242062500001 0.4406302078125 0.5385478671875 0.45129761874999996 0.54325396875 0.4622787703125 0.5463916171875 0.4693380453125 0.544665921875 0.47310292656249997 0.5410577875 0.4829861109375 0.5332140375 0.48549603125 0.5234878468749999 0.48502554531250003 0.516271825 0.48377033750000004 0.50827108125 0.47875049531249997 0.49854513906250003 0.4713774796875 0.4944662703125 0.45914136875 0.4938387890625 0.44580704375 0.49289756875 0.4365513390625 0.49948635937499997 0.43404141875 0.50074131875 0.4247859625 0.4965057046875 0.4153735125 0.4979174109375 0.4084709828125 0.503251240625 0.4075297625 0.5106242562500001 0.41317733125 0.5120362109375 0.42839409687499996 0.5209779265625001 0.4291783234375 0.5248998015625 0.42996279687500005 0.5291354171875 0.4335709328125 0.5327435515625
5 0.53092261875 0.5903797125 0.5499166671875 0.59194618125 0.56264459375 0.5870508437499999 0.56753993125 0.5788266375 0.561078125 0.5686443453125001 0.5499166671875 0.564923859375 0.5297477671874999 0.560028521875 0.527398065625 0.5537624015625 0.517803075 0.54867113125 0.5089915671874999 0.5469089781250001 0.5033129953125 0.5471046625 0.5070334828124999 0.55474131875 0.5105580359374999 0.564923859375 0.507620784375 0.575889384375 0.5017462796875 0.583134425 0.497830109375 0.5860716765625 0.5007673609375 0.5917502484375 0.5140825890625 0.5895962296875 0.5172157734375 0.5860716765625 0.53092261875 0.5903797125
5 0.4139556046875 0.7596349203125 0.42120709375 0.777653521875 0.4313149796875 0.7866626984375 0.44340054531249995 0.790837796875 0.4557061015625 0.7910575390625 0.46735218281249996 0.7853442453125 0.47855877968750005 0.774796875 0.4818549109375 0.7596349203125 0.48141542656249997 0.751944196875 0.470648065625 0.7253556546875 0.4636165671875 0.7181044140624999 0.45702430625 0.7167859625 0.454607390625 0.7141490578125 0.4462571921875 0.690637153125 0.44076388906249997 0.6862423109375 0.43614930625000004 0.6890989578125 0.419888640625 0.6972291671875 0.41549379999999997 0.7036016859374999 0.421646578125 0.7286517859375 0.41659250937500003 0.7350243062499999 0.41351636875000003 0.7460111609375 0.4139556046875 0.7596349203125
5 0.43195386874999997 0.6478640875 0.42602504999999996 0.6416656749999999 0.4217130453125 0.643282490625 0.4085079359375 0.6486723703124999 0.405543403125 0.6591827875 0.40877728125 0.6637641375000001 0.4209045140625 0.6559489093749999 0.42440798593749995 0.6540622515625001 0.43195386874999997 0.6478640875
5 0.4810017359375 0.6766999015625 0.49016468281250003 0.6721185515625 0.4917814984375 0.6632251984375 0.485313740625 0.6581046625 0.4748033234375 0.6591827875 0.47668997968750004 0.6543318453125 0.46429315468750004 0.64597743125 0.45405233125000005 0.6403182046875 0.44704563437499995 0.6438216765625 0.452165921875 0.654870784375 0.4615982140625 0.6629556046875 0.46483209375 0.6651116078125 0.4810017359375 0.6766999015625
5 0.30672122968750004 0.5863903765625 0.301296875 0.5918147328125001 0.3088911203125 0.6297864578125 0.329233134375 0.6371096234375 0.3395396828125 0.629244046875 0.345777778125 0.6221922125 0.3539146828125 0.6143266374999999 0.359881696875 0.5975106640625001 0.35499950468749997 0.5888313484375 0.361508928125 0.578253471875 0.34930381875 0.552487103125 0.3300466265625 0.5728291171875 0.3178415171875 0.573371528125 0.31268824375 0.576897321875 0.30672122968750004 0.5863903765625
5 0.874751984375 0.8888888890625 0.874751984375 0.8353174609374999 0.8697916671874999 0.8365575390625001 0.8630952375 0.8422619046875001 0.856646825 0.8524305562500001 0.8554067453125 0.85887896875 0.8551587296875001 0.8702876984374999 0.8581349203125 0.87822420625 0.8643353171875001 0.8851686515624999 0.874751984375 0.8888888890625
5 0.76884920625 0.9672619046875001 0.7770337296875 0.971726190625 0.7886904765625 0.9742063484375001 0.799851190625 0.9709821421875 0.8060515875 0.9647817453125 0.8112599203125 0.9511408734375 0.812748015625 0.9439484125 0.81299603125 0.9392361109375 0.811755953125 0.93154761875 0.809523809375 0.9238591265625 0.8058035718750001 0.9164186515624999 0.803075396875 0.91220238125 0.794394840625 0.9040178578125 0.7876984125 0.90029761875 0.7792658734375 0.8985615078125001 0.7738095234375 0.8983134921874999 0.765376984375 0.9010416671874999 0.7609126984375 0.9047619046875001 0.7547123015625 0.9131944437499999 0.750744046875 0.925347221875 0.7509920640625001 0.9355158734375 0.7539682546875001 0.946924603125 0.7591765875 0.9575892859374999 0.76884920625 0.9672619046875001
5 0.8266369046875001 0.9769345234375001 0.8382936515624999 0.9774305562500001 0.8459821421875 0.9756944437499999 0.859126984375 0.9751984125 0.8616071421875 0.9724702375 0.8685515875 0.9709821421875 0.87177579375 0.9667658734375 0.874751984375 0.96552579375 0.874751984375 0.9394841265625 0.8732638890625 0.9394841265625 0.871527778125 0.93799603125 0.8668154765624999 0.9384920640625 0.8645833328125001 0.937748015625 0.860119046875 0.9397321421875 0.846726190625 0.9384920640625 0.84375 0.939980159375 0.841021825 0.9389880953124999 0.8363095234375001 0.9414682546875 0.828869046875 0.9422123015625001 0.8206845234375001 0.9414682546875 0.815476190625 0.949652778125 0.8174603171875001 0.9632936515624999 0.8206845234375001 0.9709821421875 0.8234126984374999 0.974950396875 0.8266369046875001 0.9769345234375001
5 0.75311954375 0.7682209828125 0.750639384375 0.770205109375 0.7498953375 0.7746693953125 0.7466711312500001 0.7823578875 0.739974703125 0.78558209375 0.74071875 0.789054315625 0.7479112109375 0.795502728125 0.7605600203125 0.7992229656250001 0.7627921625 0.7992229656250001 0.7655203375 0.7972388390625 0.769240575 0.7835979656250001 0.771224703125 0.780373759375 0.77246478125 0.7746693953125 0.7766810515625 0.764252728125 0.784865575 0.7352348703125 0.7895778765625 0.7238261406250001 0.797514384375 0.713657490625 0.8034667656250001 0.7116733625 0.8064429562500001 0.7082011406250001 0.8094191468749999 0.6995205859375 0.81016319375 0.6900959828125 0.8094191468749999 0.6838955859375 0.8069389875 0.6786872515625 0.8034667656250001 0.6752150296874999 0.7918100203125 0.6690146328125001 0.7863536703125 0.6672785218749999 0.7742008921875 0.666782490625 0.7702326390625001 0.66802256875 0.768496528125 0.6712467765625 0.7655203375 0.6851356640625 0.7627921625 0.6925761406250001 0.7695260421875 0.7032261906249999 0.7585687 0.7392289187500001 0.7609166671875001 0.7587953875 0.75311954375 0.7682209828125
5 0.8070436515624999 0.7123015875 0.8141381453125 0.72983680625 0.8247041171875 0.7666220234375001 0.8168774796875 0.7752313984375 0.8263888890625 0.803075396875 0.82762896875 0.802579365625 0.8348214281249999 0.802579365625 0.8390376984374999 0.8035714281249999 0.8504464281249999 0.802579365625 0.8707837296875001 0.79737103125 0.874751984375 0.7948908734375 0.874751984375 0.786954365625 0.8730158734375 0.7864583328125 0.8675595234375001 0.7700892859375 0.8645833328125001 0.765873015625 0.859126984375 0.7638888890625 0.8576388890625 0.759920634375 0.8511904765624999 0.7512400796875001 0.849950396875 0.746527778125 0.846726190625 0.7408234125 0.843998015625 0.728174603125 0.841021825 0.7242063484375 0.8387896828124999 0.715773809375 0.82862103125 0.6922123015625 0.8268849203125 0.6822916671875 0.82490079375 0.67782738125 0.8209325390625001 0.6736111109375 0.8179563484375001 0.67237103125 0.811755953125 0.6731150796875001 0.8072916671874999 0.6773313484375 0.810019840625 0.684523809375 0.8105158734375 0.6892361109375 0.809771825 0.7008928578125 0.8070436515624999 0.7123015875
5 0.7891532734375 0.664821925 0.79182738125 0.6661587296875 0.8105453875 0.663819196875 0.81622743125 0.6608107640625 0.8189015375 0.651117559375 0.818233134375 0.6404216265625 0.81622743125 0.630728421875 0.8112137890625 0.6227063484375 0.7995151296875 0.6123447421875 0.77912574375 0.620032490625 0.7747805062500001 0.6310627484375 0.7186267359375 0.6547943953125 0.728654265625 0.6788603671875 0.7864794140625 0.6598080359375 0.7891532734375 0.664821925
5 0.715277778125 0.646329365625 0.71825396875 0.6507936515625 0.722222221875 0.6515376984375 0.750744046875 0.640873015625 0.7700892859375 0.6314484125 0.7743055562500001 0.6269841265625 0.7748015875 0.6230158734375 0.771825396875 0.6145833328125 0.7676091265625 0.6108630953125 0.759920634375 0.609623015625 0.73115079375 0.618799603125 0.715277778125 0.624751984375 0.7113095234375 0.627480159375 0.7110615078125 0.6314484125 0.7132936515625 0.6366567453124999 0.7137896828125 0.6423611109375 0.715277778125 0.646329365625
5 0.6835317453124999 0.42757936562500004 0.6830357140625 0.43179563437499996 0.6860119046875 0.44072420625 0.7078373015625 0.48809523749999995 0.70907738125 0.493799603125 0.7147817453124999 0.49553571406249997 0.71825396875 0.5009920640625001 0.721230159375 0.50322420625 0.7239583328125 0.5042162703125 0.7296626984375 0.50322420625 0.7306547625 0.49776785781250005 0.7229662703125 0.48040674531249994 0.722222221875 0.4704861109375 0.71875 0.45882936562500004 0.715277778125 0.4389880953125 0.7137896828125 0.43551587343750003 0.7150297625 0.430803571875 0.71875 0.428075396875 0.719494046875 0.424603175 0.7147817453124999 0.40823412656249997 0.70907738125 0.40302579375 0.70262896875 0.40228174531249994 0.6917162703125 0.40426587343750003 0.6887400796875001 0.40625 0.6820436515625 0.40823412656249997 0.6787368546875 0.41129290625000003 0.67782738125 0.41220238125 0.678075396875 0.41865079375 0.6800595234375 0.421875 0.6835317453124999 0.42757936562500004
5 0.80282738125 0.4233630953125 0.8045634921874999 0.42782738125 0.80654761875 0.4298115078125 0.8191964281249999 0.43824404687499996 0.827380953125 0.4456845234375 0.8296130953124999 0.44940476250000005 0.8382936515624999 0.45684523749999995 0.8415178578125 0.4578373015625 0.843998015625 0.46453372968749995 0.8457341265625 0.46651785781250005 0.844494046875 0.47073412656249997 0.846726190625 0.47470238125 0.8583829359375 0.4826388890625 0.8640873015625001 0.48387896875 0.8683035718750001 0.4828869046875 0.8735119046875001 0.47743055625 0.874751984375 0.47743055625 0.874751984375 0.44866071406249997 0.8678075390625001 0.44444444375 0.862847221875 0.44469246093750003 0.853670634375 0.44146825468750006 0.8459821421875 0.434771825 0.8348214281249999 0.42906746093750003 0.8323412703124999 0.42633928593750003 0.8293650796875 0.42509920625 0.8263888890625 0.41865079375 0.8234126984374999 0.41765872968749995 0.8206845234375001 0.4139384921875 0.81200396875 0.406498015625 0.8053075390625001 0.40401785781250005 0.800347221875 0.40029761875 0.797123015625 0.40029761875 0.7926587296875 0.40426587343750003 0.79092261875 0.408730159375 0.79365079375 0.4169146828125 0.80009920625 0.42261904687499996 0.80282738125 0.4233630953125
5 0.77529761875 0.403273809375 0.7795138890625 0.403273809375 0.7852182546875001 0.40054563437499996 0.7978670640625001 0.3970734125 0.803075396875 0.39732142812500004 0.809027778125 0.3990575390625 0.815972221875 0.39732142812500004 0.82762896875 0.396329365625 0.8320932546875 0.3943452375 0.8353174609374999 0.39508928593750003 0.83779761875 0.3943452375 0.841269840625 0.39657738125 0.8447420640625 0.393105159375 0.8449900796875 0.391369046875 0.8489583328125001 0.387896825 0.8501984125 0.3921130953125 0.853174603125 0.396329365625 0.8616071421875 0.3923611109375 0.862847221875 0.3764880953125 0.8616071421875 0.3727678578125 0.858630953125 0.3697916671875 0.855902778125 0.369295634375 0.8261408734375 0.37053571406249997 0.809523809375 0.3730158734375 0.8045634921874999 0.374751984375 0.7852182546875001 0.3769841265625 0.7827380953125 0.3787202375 0.7795138890625 0.37822420625 0.768105159375 0.380704365625 0.756200396875 0.38715277812500004 0.7569444437499999 0.3923611109375 0.7589285718750001 0.396329365625 0.7641369046875 0.40178571406249997 0.77529761875 0.403273809375
5 0.7447916671875 0.43427579375 0.7482638890625 0.4322916671875 0.7564484125 0.434771825 0.7678571421875 0.4283234125 0.7703373015625 0.424851190625 0.7730654765625 0.41617063437499996 0.778769840625 0.41468253906249997 0.7824900796875001 0.41220238125 0.7854662703125 0.4079861109375 0.7827380953125 0.406001984375 0.7767857140625 0.4045138890625 0.764880953125 0.403769840625 0.7591765875 0.39955357187499996 0.7445436515625 0.3998015875 0.7331349203124999 0.403769840625 0.7301587296875 0.40575396875 0.7256944437499999 0.4117063484375 0.724950396875 0.4141865078125 0.72470238125 0.4201388890625 0.7269345234375 0.4273313484375 0.734375 0.43402777812500004 0.7447916671875 0.43427579375
5 0.8613591265625 0.625248015625 0.8680555562500001 0.6262400796875001 0.874751984375 0.622023809375 0.874751984375 0.590277778125 0.8675595234375001 0.5915178578125 0.8506944437499999 0.599454365625 0.8504464281249999 0.60342261875 0.8529265875 0.6111111109375 0.856646825 0.61904761875 0.8613591265625 0.625248015625
5 0.874751984375 0.703869046875 0.874751984375 0.6671626984375 0.869295634375 0.6696428578125 0.8680555562500001 0.674603175 0.862847221875 0.6790674609375 0.862103175 0.681299603125 0.862847221875 0.6892361109375 0.8732638890625 0.70362103125 0.874751984375 0.703869046875
5 0.8201884921874999 0.6426091265625 0.8196924609374999 0.6525297625 0.81845238125 0.6552579359374999 0.815476190625 0.6579861109375 0.8174603171875001 0.666170634375 0.8191964281249999 0.6698908734375 0.8234126984374999 0.671875 0.825396825 0.67509920625 0.8291170640625 0.6852678578125 0.837549603125 0.700396825 0.8484623015625001 0.72470238125 0.8511904765624999 0.7279265875 0.8529265875 0.733630953125 0.8549107140625001 0.7366071421875 0.8578869046875001 0.7482638890625 0.862847221875 0.7539682546875001 0.862847221875 0.756200396875 0.8658234125 0.7638888890625 0.8685515875 0.766369046875 0.8705357140625001 0.771825396875 0.872023809375 0.7723214281249999 0.8735119046875001 0.7745535718750001 0.874751984375 0.7745535718750001 0.874751984375 0.7261904765625 0.8727678578125 0.7251984125 0.8710317453125 0.7167658734375 0.8539186515624999 0.6832837296875 0.843005953125 0.67509920625 0.8328373015625001 0.6498015875 0.8293650796875 0.6386408734375 0.8162202375 0.609375 0.811755953125 0.6041666671875 0.8075396828124999 0.606894840625 0.8060515875 0.606894840625 0.8040674609374999 0.6111111109375 0.8033234125 0.61532738125 0.814980159375 0.6269841265625 0.81845238125 0.63467261875 0.8201884921874999 0.6426091265625
5 0.8578869046875001 0.536954365625 0.859623015625 0.54092261875 0.85987103125 0.5446428578125 0.8705357140625001 0.55282738125 0.874751984375 0.5513392859375 0.874751984375 0.491071428125 0.8732638890625 0.49156746093750003 0.8638392859374999 0.5228174609375 0.8606150796875 0.5292658734375 0.859623015625 0.534722221875 0.8578869046875001 0.536954365625
5 0.85342261875 0.5210813484375 0.855902778125 0.5265376984375 0.862351190625 0.5223214281249999 0.8645833328125001 0.51612103125 0.8663194437499999 0.5044642859375 0.8668154765624999 0.4935515875 0.8660714281249999 0.4861111109375 0.8645833328125001 0.48487103125 0.85887896875 0.48511904687499996 0.8529265875 0.4831349203125 0.8501984125 0.484623015625 0.8454861109375 0.5017361109375 0.8449900796875 0.5064484125 0.8457341265625 0.5109126984375 0.8492063484375001 0.518105159375 0.85342261875 0.5210813484375
5 0.841269840625 0.42757936562500004 0.8417658734375 0.4233630953125 0.846230159375 0.42237103125 0.8501984125 0.41964285781250005 0.8529265875 0.419146825 0.855902778125 0.41617063437499996 0.8556547625 0.40823412656249997 0.8541666671874999 0.40277777812500004 0.853174603125 0.40054563437499996 0.8501984125 0.3988095234375 0.843501984375 0.3985615078125 0.8303571421875 0.403273809375 0.8291170640625 0.40302579375 0.8263888890625 0.39955357187499996 0.821924603125 0.40277777812500004 0.8199404765624999 0.406001984375 0.8204365078125001 0.4117063484375 0.825396825 0.4144345234375 0.838045634375 0.4283234125 0.841269840625 0.42757936562500004
5 0.8675595234375001 0.42237103125 0.874751984375 0.424603175 0.874751984375 0.3953373015625 0.8702876984374999 0.3953373015625 0.86259920625 0.39732142812500004 0.8603670640625 0.400049603125 0.85987103125 0.4045138890625 0.8583829359375 0.4074900796875 0.85887896875 0.412946428125 0.8675595234375001 0.42237103125
5 0.858630953125 0.4422123015625 0.8645833328125001 0.443700396875 0.874751984375 0.44444444375 0.874751984375 0.424603175 0.8616071421875 0.42137896875 0.8581349203125 0.41964285781250005 0.855902778125 0.4203869046875 0.8526785718750001 0.42534722187499996 0.8487103171875001 0.4283234125 0.8484623015625001 0.4322916671875 0.849454365625 0.43551587343750003 0.8529265875 0.4392361109375 0.858630953125 0.4422123015625
5 0.735119046875 0.49801587343750003 0.7390873015625 0.500248015625 0.7415674609375 0.5047123015625 0.743799603125 0.5054563484375 0.7460317453124999 0.5079365078125 0.747271825 0.5114087296875 0.756200396875 0.51884920625 0.7591765875 0.5292658734375 0.768105159375 0.531001984375 0.7695932546875001 0.5327380953125 0.7708333328125 0.5386904765625 0.7735615078125 0.54365079375 0.781498015625 0.546130953125 0.7827380953125 0.549355159375 0.783730159375 0.5446428578125 0.781001984375 0.541170634375 0.7767857140625 0.5324900796875001 0.7728174609375 0.528273809375 0.768601190625 0.5173611109375 0.7574404765625 0.497023809375 0.7554563484375 0.491071428125 0.7537202375 0.49007936562500004 0.7539682546875001 0.48635912656249997 0.74677579375 0.481398809375 0.7435515875 0.47470238125 0.7385912703125 0.4702380953125 0.735119046875 0.4702380953125 0.7328869046875 0.47271825468750006 0.7276785718750001 0.47445436562500004 0.7269345234375 0.4764384921875 0.7266865078125 0.47842261875 0.728174603125 0.48214285781250005 0.7331349203124999 0.487103175 0.735119046875 0.49801587343750003
5 0.7233063 0.5886130953125 0.7306597218750001 0.58326488125 0.7413556546875 0.5729032734375 0.7363420140625 0.5521798109375 0.7236403765625 0.5461634421875 0.70659375 0.54215228125 0.6935580359375 0.55886483125 0.6982375984375 0.5665525796875001 0.6898812000000001 0.5749087296875001 0.6992403281249999 0.5952978671875 0.7169556046875 0.5822621531250001 0.7233063 0.5886130953125
5 0.87071006875 0.667495784375 0.8690389390625001 0.6537916671875 0.8479811515625 0.5939610609375 0.8496525296874999 0.5742403281249999 0.84564136875 0.5615386906250001 0.8349454359375 0.55819618125 0.81622743125 0.56287574375 0.8085396828125001 0.5645471234375 0.8098767359375 0.5708978171875 0.8189015375 0.58326488125 0.8235811015625 0.58794444375 0.8219097218750001 0.5939610609375 0.819569940625 0.60031175625 0.8433018359375 0.6708382937499999 0.8536634421875 0.6765205859375001 0.8660307546875 0.67518353125 0.87071006875 0.667495784375
5 0.7817998515625 0.6113420140625 0.7858107640625 0.6160213296875 0.799180803125 0.61267881875 0.8108794640625 0.602985615625 0.822244046875 0.5929583328125 0.8199042656250001 0.588947171875 0.8125508437500001 0.5752430562499999 0.8038603671875 0.5668869046875 0.7921614578125 0.5688923609375001 0.745032490625 0.50872743125 0.7403529265625 0.50872743125 0.7356733625 0.5107328875 0.730325396875 0.513741071875 0.72932266875 0.5227658734375 0.77277505 0.581928075 0.7714379953125 0.5862733140625 0.767761409375 0.5912869546875 0.7817998515625 0.6113420140625
5 0.7386817953125 0.5612046125 0.736676090625 0.5715662203125 0.7390158734375001 0.5772485125 0.753054315625 0.5959665171874999 0.7670927578125 0.601314484375 0.7694325390625 0.5956321921875001 0.7687641375 0.58326488125 0.7640845734374999 0.5719005453125 0.7192951390625 0.5194233625 0.726314484375 0.51307266875 0.71294444375 0.495357390625 0.705256696875 0.4990342265625 0.67951959375 0.518086309375 0.6918869046875 0.5358015875000001 0.6958978171875 0.5381413687500001 0.706928075 0.5354672625 0.7199637890624999 0.5448263890625 0.7259801593749999 0.5458291171874999 0.7353392859375 0.5488373015625 0.7386817953125 0.5612046125
5 0.7841289687499999 0.508321428125 0.7753278765625 0.5140302578125 0.77699305625 0.5311564984375 0.7867455359375 0.5454285718749999 0.8000659718750001 0.54661805625 0.8112457843750001 0.5411470734375 0.81861954375 0.53496255 0.8200468750000001 0.5261614578125 0.81148363125 0.5040396828125 0.80125545625 0.5007095734375 0.7917405750000001 0.4866755953125 0.7765171125 0.47763665624999996 0.7724734625 0.46502951406250004 0.776279265625 0.4548013390625 0.7815124015625 0.44718948437500006 0.779847221875 0.44124305625 0.7662889390625 0.441956596875 0.7627209828125 0.44600024843749997 0.7670024796875 0.456704365625 0.7841289687499999 0.508321428125
5 0.8143380453125 0.4750200890625 0.8190952375 0.46502951406250004 0.8212361109374999 0.45860714218750004 0.806726190625 0.443621528125 0.7900756453125 0.44338368125 0.7748521828125 0.452660465625 0.7736626984375 0.4621750984375 0.7731870046875 0.472403521875 0.7805610125 0.47977728124999997 0.7907891859375 0.48524826406250005 0.7938814484375001 0.48453472187499996 0.796498015625 0.487626984375 0.84383358125 0.5382926593749999 0.852634671875 0.5401954359375 0.8576297125 0.5328216765625 0.8143380453125 0.4750200890625
5 0.80125545625 0.5635064484375001 0.8138623515625 0.5625550593749999 0.8248040671875 0.55922495 0.83574603125 0.5585111609375 0.8421684031250001 0.5597006453125 0.84597420625 0.5649337796875 0.8483529265625 0.5737348703125 0.8545374499999999 0.58301165625 0.8657172624999999 0.5839630453125 0.8716639390625 0.5737348703125 0.8740426593749999 0.5587492562499999 0.8719017859375 0.550899553125 0.8573918656249999 0.54661805625 0.8478772328125 0.5461421125 0.8435957343749999 0.5516130953125 0.8421684031250001 0.5523266375 0.8426440968750001 0.5542296624999999 0.79626016875 0.5442393359375 0.791502728125 0.549472221875 0.7922165171875 0.5599384921875 0.80125545625 0.5635064484375001
5 0.837173115625 0.49856894843750005 0.8433578875000001 0.4954766859375 0.8440714281249999 0.476209325 0.8352703375000001 0.4647916671875 0.8326537703125 0.4600344734375 0.8281341765624999 0.4464759421875 0.8193333328125 0.444097221875 0.8214739578125 0.46550545625 0.81647891875 0.4735927578125 0.8209982640625 0.48501041718750004 0.837173115625 0.49856894843750005