1 0.45709325468750006 0.7108134921875 0.459821428125 0.7118055562500001 0.46949404687499996 0.7113095234375 0.48859127031250005 0.7041170640625001 0.4947916671875 0.70262896875 0.49801587343750003 0.703125 0.502976190625 0.700148809375 0.5136408734375 0.6979166671875 0.516369046875 0.6954365078125 0.5243055562500001 0.6919642859375 0.5272817453124999 0.6887400796875001 0.5292658734375 0.6884920640625001 0.5329861109375 0.6837797625 0.5401785718750001 0.681299603125 0.544394840625 0.6768353171875 0.5540674609375 0.6708829359374999 0.5572916671875 0.669394840625 0.564980159375 0.668402778125 0.5699404765625 0.6634424609375 0.57490079375 0.6604662703125 0.584325396875 0.6572420640625001 0.5858134921875 0.65625 0.5868055562500001 0.653769840625 0.5947420640625001 0.6522817453124999 0.6024305562500001 0.6473214281249999 0.6073908734375 0.6455853171875 0.612847221875 0.641369046875 0.6230158734375 0.637648809375 0.6329365078125 0.6297123015625 0.64012896875 0.628472221875 0.643601190625 0.6259920640625001 0.6522817453124999 0.622271825 0.65575396875 0.6195436515625 0.665674603125 0.6158234125 0.6773313484375 0.615079365625 0.6897321421875 0.612847221875 0.7105654765625 0.6019345234375 0.7167658734375 0.596726190625 0.724950396875 0.5917658734375 0.7323908734375 0.581101190625 0.7363591265625 0.578869046875 0.7390873015625 0.572420634375 0.7388392859375 0.56572420625 0.7366071421875 0.5602678578125 0.7321428578125 0.5550595234375 0.72470238125 0.552579365625 0.716021825 0.5535714281249999 0.7075892859375 0.5520833328125 0.69717261875 0.5540674609375 0.6738591265625 0.564980159375 0.671626984375 0.5672123015625 0.6617063484375 0.5706845234375 0.6579861109375 0.5739087296875 0.6547619046875 0.580605159375 0.6113591265625 0.6029265875 0.6076388890625 0.603670634375 0.5513392859375 0.6314484125 0.54092261875 0.6354166671875 0.5322420640625001 0.640376984375 0.5290178578125 0.64112103125 0.52157738125 0.6453373015625 0.4893353171875 0.65947420625 0.4794146828125 0.6654265875 0.4779265875 0.67137896875 0.475446428125 0.674355159375 0.4578373015625 0.6822916671875 0.45089285781250005 0.6887400796875001 0.44990079375 0.6917162703125 0.450396825 0.69990079375 0.453373015625 0.7068452375 0.45709325468750006 0.7108134921875
1 0 0.8727678578125 0.07688492031250001 0.8727678578125 0.07911706406249999 0.874751984375 0.080853175 0.874751984375 0.0828373015625 0.8727678578125 0.0922619046875 0.8710317453125 0.1113591265625 0.859126984375 0.11904761875 0.85615079375 0.12822420625 0.8501984125 0.1604662703125 0.8330853171875001 0.2289186515625 0.793898809375 0.23363095312499998 0.7921626984375 0.2366071421875 0.7894345234375 0.243799603125 0.7862103171875 0.25446428593750003 0.7790178578125 0.297123015625 0.7564484125 0.30133928593750003 0.75322420625 0.3266369046875 0.7393353171875 0.331101190625 0.7358630953125 0.4295634921875 0.6805555562500001 0.44469246093750003 0.6706349203124999 0.44965277812500004 0.668898809375 0.4640376984375 0.65947420625 0.468998015625 0.6574900796875001 0.5429067453124999 0.615575396875 0.5453869046875 0.612847221875 0.5520833328125 0.6103670640625001 0.5704365078125 0.5989583328125 0.5761408734375 0.596726190625 0.5863095234375 0.5900297625 0.5922619046875 0.587549603125 0.5957341265625 0.584325396875 0.6113591265625 0.5758928578125 0.615079365625 0.57490079375 0.6178075390625 0.572420634375 0.624751984375 0.5699404765625 0.628472221875 0.565228175 0.6366567453124999 0.56299603125 0.6612103171875 0.5481150796875001 0.6664186515625 0.54637896875 0.6733630953125 0.541170634375 0.6788194437499999 0.5396825390625 0.68799603125 0.5334821421875 0.6887400796875001 0.5292658734375 0.6984126984375 0.527777778125 0.7165178578125 0.51884920625 0.7227182546875001 0.513144840625 0.721230159375 0.5071924609375 0.719494046875 0.5049603171875 0.706597221875 0.47197420625 0.70262896875 0.46651785781250005 0.7016369046875 0.4632936515625 0.700148809375 0.46279761875 0.591269840625 0.5071924609375 0.5892857140625 0.509920634375 0.583829365625 0.513144840625 0.57862103125 0.5146329359374999 0.5763888890625 0.516369046875 0.57217261875 0.5171130953125 0.5639880953125 0.5220734125 0.5585317453124999 0.5233134921875 0.549355159375 0.528273809375 0.53174603125 0.5352182546875001 0.5292658734375 0.53720238125 0.5262896828125 0.5376984125 0.5114087296875 0.5456349203124999 0.49404761875 0.5523313484375 0.49032738125 0.5550595234375 0.4791666671875 0.5587797625 0.4300595234375 0.580853175 0.42137896875 0.5828373015625 0.4126984125 0.58779761875 0.3983134921875 0.593005953125 0.3886408734375 0.5947420640625001 0.3864087296875 0.5992063484375 0.3804563484375 0.603174603125 0.36904761875 0.606894840625 0.365079365625 0.6039186515625 0.2388392859375 0.65947420625 0.068700396875 0.74404761875 0.06125992031250001 0.7460317453124999 0.041170634375 0.75595238125 0.0322420640625 0.7579365078125 0.025545634374999997 0.7614087296875 0.0176091265625 0.763144840625 0.013144840625000001 0.768105159375 0 0.771329365625 0 0.8727678578125
1 0.911954365625 0.45734127031250005 0.919146825 0.45758928593750003 0.9357638890625 0.455853175 0.940228175 0.45362103125 0.94717261875 0.4548611109375 0.999751984375 0.45386904687499996 0.999751984375 0.41071428593750003 0.9414682546875 0.409226190625 0.9236111109375 0.409226190625 0.916170634375 0.41021825468750006 0.9042658734375 0.41344246093750003 0.8995535718750001 0.41617063437499996 0.89657738125 0.419394840625 0.893353175 0.4270833328125 0.8923611109375 0.437251984375 0.8958333328125001 0.44717261875 0.9042658734375 0.4541170640625 0.911954365625 0.45734127031250005
1 0.5133928578125 0.22371031718749998 0.5176091265625 0.2296626984375 0.5198412703125 0.2306547625 0.525049603125 0.24156746093749998 0.52802579375 0.24131944375 0.53447420625 0.2452876984375 0.5399305562500001 0.24677579375 0.713045634375 0.24677579375 0.7435515875 0.2452876984375 0.7566964281249999 0.2457837296875 0.7636408734375 0.24503968281250002 0.764880953125 0.24404761874999997 0.763144840625 0.24280753906250002 0.7209821421875 0.2301587296875 0.7113095234375 0.22916666718749998 0.6889880953125 0.2229662703125 0.6696428578125 0.21626984062500001 0.6654265875 0.215773809375 0.66220238125 0.2140376984375 0.6542658734375 0.21279761874999997 0.606894840625 0.1994047625 0.5297619046875 0.1793154765625 0.5240575390625 0.1800595234375 0.5091765875 0.196924603125 0.5066964281249999 0.2053571421875 0.5086805562500001 0.20907738125000003 0.505704365625 0.2110615078125 0.5052083328125 0.2172619046875 0.5089285718750001 0.2199900796875 0.509920634375 0.2224702375 0.5133928578125 0.22371031718749998
1 0 0.38169642812500004 0.1520337296875 0.3712797625 0.158978175 0.37177579375 0.19593253906250002 0.3697916671875 0.19965277812499999 0.369295634375 0.20114087343749998 0.3665674609375 0.193700396875 0.3546626984375 0.18923611093749998 0.3509424609375 0.18303571406250002 0.3477182546875 0.1768353171875 0.34722222187499996 0.057539682812500006 0.36631944375000003 0.0458829359375 0.36904761875 0.0235615078125 0.372023809375 0 0.3764880953125 0 0.38169642812500004
1 0 0.46552579375 0.0543154765625 0.453125 0.1426091265625 0.4310515875 0.1453373015625 0.4295634921875 0.165674603125 0.424851190625 0.17013888906250002 0.42261904687499996 0.1706349203125 0.42137896875 0.1698908734375 0.4201388890625 0.16592261875 0.41964285781250005 0.1626984125 0.4228670640625 0.15798611093749998 0.42385912656249997 0.15451388906250002 0.421875 0.1304563484375 0.42261904687499996 0.1170634921875 0.42609127031250005 0.11259920625 0.4283234125 0.1078869046875 0.42881944375 0.0543154765625 0.428571428125 0.04092261875 0.42906746093750003 0.0168650796875 0.43179563437499996 0 0.43427579375 0 0.46552579375
1 0 0.38169642812500004 0.0892857140625 0.381200396875 0.0892857140625 0.3797123015625 0.094494046875 0.37599206406249996 0.10119047656249999 0.375 0.1235119046875 0.37400793593750004 0.12673611093749998 0.372023809375 0.1302083328125 0.3735119046875 0.13888888906250002 0.3735119046875 0.14236111093749998 0.37152777812500004 0.1626984125 0.3727678578125 0.184771825 0.3710317453125 0.200148809375 0.3695436515625 0.20064484062500001 0.3665674609375 0.197420634375 0.36036706406249996 0.1889880953125 0.3511904765625 0.1835317453125 0.3479662703125 0.1765873015625 0.3474702375 0.133928571875 0.3541666671875 0.12276785781249999 0.3571428578125 0.0801091265625 0.36259920625 0.0228174609375 0.372271825 0.015376984375 0.374255953125 0 0.3762400796875 0 0.38169642812500004
1 0.58779761875 0.8125 0.5915178578125 0.8115079359375 0.625 0.765625 0.627976190625 0.75967261875 0.6336805562500001 0.75322420625 0.6366567453124999 0.747519840625 0.6359126984375 0.7445436515625 0.63095238125 0.7408234125 0.6227678578125 0.7428075390625 0.6145833328125 0.750248015625 0.6009424609375 0.7589285718750001 0.56299603125 0.7876984125 0.559771825 0.7916666671875 0.559523809375 0.794394840625 0.5602678578125 0.7951388890625 0.5766369046875 0.8060515875 0.58779761875 0.8125
1 0.5664682546875001 0.7172619046875 0.572420634375 0.712549603125 0.574652778125 0.709325396875 0.5615079359374999 0.700396825 0.556299603125 0.6981646828125 0.5523313484375 0.6981646828125 0.5292658734375 0.72197420625 0.5275297625 0.7251984125 0.5054563484375 0.747519840625 0.5017361109375 0.753472221875 0.5017361109375 0.7591765875 0.5101686515625 0.756200396875 0.52529761875 0.7445436515625 0.5664682546875001 0.7172619046875
1 0 0.533730159375 0.0049603171875 0.5334821421875 0.0332341265625 0.527777778125 0.218501984375 0.48784722187499996 0.234623015625 0.48660714218749995 0.22842261874999997 0.48065476250000005 0.22693452343749998 0.481646825 0.2046130953125 0.48214285781250005 0.1976686515625 0.48387896875 0.1939484125 0.4826388890625 0.18998015937499999 0.4833829359375 0.1770833328125 0.4831349203125 0.1641865078125 0.4861111109375 0.153273809375 0.48635912656249997 0.1046626984375 0.49156746093750003 0.08680555625 0.4925595234375 0.06795634843750001 0.4950396828125 0.064980159375 0.49627976250000005 0.0515873015625 0.49553571406249997 0.0478670640625 0.497023809375 0.021329365625 0.49950396875 0.0176091265625 0.5017361109375 0.013888889062500001 0.5009920640625001 0.005704365625 0.5014880953125 0 0.502480159375 0 0.533730159375
2 0.35838293593750004 0.8730158734375 0.359623015625 0.874751984375 0.37946428593750003 0.874751984375 0.3797123015625 0.8732638890625 0.38467261875 0.874751984375 0.44444444375 0.874751984375 0.446428571875 0.8727678578125 0.45362103125 0.8705357140625001 0.46453372968749995 0.860119046875 0.5763888890625 0.7765376984375 0.6029265875 0.7564484125 0.6041666671875 0.7544642859375 0.6073908734375 0.75322420625 0.6111111109375 0.74950396875 0.6173115078125 0.7455357140625 0.6210317453124999 0.7388392859375 0.622271825 0.7333829359374999 0.622023809375 0.7266865078125 0.6205357140625 0.72197420625 0.6158234125 0.7140376984375 0.6103670640625001 0.709325396875 0.606398809375 0.7041170640625001 0.5957341265625 0.69990079375 0.58779761875 0.702380953125 0.5538194437499999 0.7239583328125 0.38467261875 0.8382936515624999 0.3509424609375 0.862847221875 0.3373015875 0.8705357140625001 0.33680555624999997 0.874751984375 0.35069444375000003 0.874751984375 0.35342261875 0.8730158734375 0.35838293593750004 0.8730158734375
2 0.7757936515625 0.6009424609375 0.77529761875 0.6041666671875 0.7797619046875 0.612103175 0.7797619046875 0.6158234125 0.778273809375 0.6185515875 0.7832341265625 0.618799603125 0.8142361109375 0.5949900796875001 0.8144841265625 0.593005953125 0.816840278125 0.5896577375 0.8258928578125 0.5803571421875 0.827380953125 0.57490079375 0.8266369046875001 0.5706845234375 0.8211805562500001 0.56299603125 0.815972221875 0.559027778125 0.8105158734375 0.556299603125 0.8045634921874999 0.556795634375 0.7991071421875 0.5605158734375 0.7946428578125 0.5615079359374999 0.778769840625 0.5714285718750001 0.7710813484375 0.578373015625 0.765376984375 0.581597221875 0.762152778125 0.5850694437499999 0.752728175 0.5920138890625 0.7554563484375 0.5949900796875001 0.769965278125 0.596726190625 0.7740575390625 0.5987103171875 0.7757936515625 0.6009424609375
2 0.1793154765625 0.4737103171875 0.23690476249999998 0.47197420625 0.256200396875 0.47247023749999995 0.306795634375 0.46825396875 0.37450396874999997 0.4546130953125 0.3789682546875 0.45262896875 0.38715277812500004 0.4516369046875 0.40401785781250005 0.446924603125 0.41592261875 0.4454365078125 0.44990079375 0.437748015625 0.455605159375 0.437748015625 0.46304563437499996 0.4362599203125 0.47445436562500004 0.4325396828125 0.48239087343750003 0.43154761875 0.4890873015625 0.428571428125 0.4950396828125 0.428075396875 0.48239087343750003 0.4265873015625 0.453125 0.42559523749999995 0.1976686515625 0.4233630953125 0.1738591265625 0.424355159375 0.17013888906250002 0.4300595234375 0.17261904687500002 0.46676587343750003 0.17534722187500001 0.47197420625 0.1773313484375 0.4737103171875 0.1793154765625 0.4737103171875
2 0 0.1837797625 0.0049603171875 0.18427579375 0.00967261875 0.18700396875 0.12673611093749998 0.21056547656250002 0.13095238125 0.2095734125 0.196428571875 0.2229662703125 0.21378968281250002 0.22544642812500001 0.2321428578125 0.22941468281250002 0.23611111093749998 0.23189484062500001 0.3018353171875 0.2420634921875 0.33680555624999997 0.24503968281250002 0.39756944375000003 0.2457837296875 0.40029761875 0.24677579375 0.4015376984375 0.246527778125 0.40203372968749995 0.24503968281250002 0.4050099203125 0.2445436515625 0.4074900796875 0.2455357140625 0.41195436562500004 0.24503968281250002 0.41592261875 0.2460317453125 0.4201388890625 0.2452876984375 0.4231150796875 0.2435515875 0.4164186515625 0.240575396875 0.4112103171875 0.23958333281250002 0.40823412656249997 0.23759920625 0.39955357187499996 0.23685515937499999 0.36532738125 0.2279265875 0.2358630953125 0.1994047625 0.2306547625 0.1991567453125 0.22073412656250002 0.19618055625 0.1669146828125 0.1855158734375 0.103174603125 0.17088293593749998 0.0892857140625 0.1698908734375 0.084821428125 0.16741071406250002 0.07266865156249999 0.1654265875 0.052579365625 0.15972222187500001 0.0166170640625 0.1540178578125 0.013888889062500001 0.1525297625 0.0019841265625 0.15029761875 0 0.15029761875 0 0.1837797625
2 0.9521329359375 0.12822420625 0.9476686515624999 0.13219246093749998 0.9456845234375001 0.1356646828125 0.943204365625 0.137648809375 0.9392361109375 0.13888888906250002 0.93700396875 0.1428571421875 0.8526785718750001 0.2289186515625 0.8452380953124999 0.23759920625 0.84325396875 0.2420634921875 0.841021825 0.2435515875 0.841269840625 0.246527778125 0.8452380953124999 0.2477678578125 0.8511904765624999 0.2477678578125 0.8616071421875 0.2457837296875 0.9117063484375001 0.196428571875 0.9176587296875001 0.18923611093749998 0.924603175 0.1837797625 0.9308035718750001 0.1765873015625 0.956597221875 0.15178571406250002 0.962549603125 0.1445932546875 0.9821428578125 0.12946428593749998 0.9856150796875 0.1264880953125 0.9856150796875 0.125 0.956101190625 0.125 0.955605159375 0.12673611093749998 0.9521329359375 0.12822420625
2 0.9978427578125 0.3704186515625 0.9994126984375 0.347918403125 0.9570287703125 0.355244046875 0.8387723218750001 0.3798373015625 0.0015696921874999998 0.570815971875 0 0.625758184375 0.20508581406249998 0.568722965625 0.6216202875 0.4572795140625 0.9978427578125 0.3704186515625
2 0.7551346718749999 0.3834895828125 0.7530416671875 0.379303571875 0.7818209328125 0.3740709328125 0.8456584828124999 0.35889632968749996 0.862926090625 0.35418700468750003 0.8676354171874999 0.3677916671875 0.867112103125 0.3698849203125 0.9979265875 0.3431986609375 0.9974032734374999 0.324361359375 0.7017624015624999 0.38296627031249997 0.00005233125 0.5347110609375 0 0.570292659375 0.370519096875 0.48604811562499994 0.7561813 0.3923849203125 0.7551346718749999 0.3834895828125
2 0.7153881453125 0.3594196421875 0.7180044640625 0.34529166718750004 0.7337021328125 0.3442452875 0.8718318453125 0.3442452875 0.9398554062500001 0.3322103171875 0.9210181046875 0.32854737031250003 0.5924119546875 0.3442452875 0.5568303578125 0.34581497968749997 0.01577108125 0.38296627031249997 0 0.3845359625 0.0005964781249999999 0.43319915625 0.40088888906250003 0.3918616078125 0.7153881453125 0.3594196421875
2 0.6353400296875 0.317559028125 0.9984811515625 0.29610540625000004 0.9995277781249999 0.2793611109375 0.8478038187499999 0.28668675625 0.599769096875 0.29610540625000004 0.2685466265625 0.30447743125 0.026801339062500002 0.3102333828125 0.0006383921875 0.3159893359375 0 0.3431986609375 0.3585364578125 0.32854737031250003 0.6353400296875 0.317559028125
2 0 0.26994246093749996 0.05454439531250001 0.27779141875 0.1053005953125 0.2793611109375 0.33239459375 0.2762217265625 0.4077438 0.27360540625 0.7232368546875 0.2678494546875 0.7268998015625 0.2505818453125 0.7227137890625001 0.2463958328125 0.2596302078125 0.2463958328125 0.032012896875 0.2453494546875 0.020009425 0.2453494546875 0 0.2437795140625 0 0.26994246093749996
2 0.011605903125 0.21604687500000003 0.001140625 0.2155235609375 0.001140625 0.24064012968749998 0.0639317953125 0.2437795140625 0.34544469218749996 0.246919146875 0.011605903125 0.21604687500000003
2 0.8006899796875 0.32547743125 0.56442733125 0.3307638890625 0.5542611609375 0.335237103125 0.551821428125 0.3462165171875 0.5701205359375 0.34377653750000003 0.8055696921875001 0.33361036718750003 0.8006899796875 0.32547743125
2 0.7376594734374999 0.288879215625 0.8059761906249999 0.2876592265625 0.7644982640625 0.2827795140625 0.6547033734375 0.2738330859375 0.58028670625 0.27342658750000004 0.5770334828125 0.2848127484375 0.6209513890625 0.2868459828125 0.7376594734374999 0.288879215625
2 0.8265724203125 0.2665297625 0.999751984375 0.26292584375 0.9975875500000001 0.24294146875 0.8278829359375001 0.24883854218749998 0.829193453125 0.2570287703125 0.82853819375 0.261615328125 0.8265724203125 0.2665297625
2 0.6113296125 0.2701334328125 0.8065880453125001 0.2874970234375 0.9802239578125 0.2724268359375 0.975309771875 0.2639087296875 0.8845602671874999 0.2675124015625 0.6113296125 0.2701334328125
2 0.423610615625 0.28054761875 0.259772321875 0.2813373015625 0.1737080859375 0.2951547625 0.0852748015625 0.30660391875 0.7429806546875 0.289233134375 0.6411403765625 0.288443453125 0.423610615625 0.28054761875
1 0.7166552578125 0.360852678125 0.7182472718749999 0.36540128906249997 0.7230235609375 0.36995014843749996 0.73416790625 0.36926785781250004 0.76873834375 0.3694952875 0.8733596234375 0.3462966265625 0.7321210312499999 0.344022321875 0.721431546875 0.3472063484375 0.71711011875 0.3540295140625 0.7166552578125 0.360852678125