3 0.7665488593750001 0.874751984375 0.8065669640625 0.87335391875 0.7162036203125 0.6467547125 0.7792053578125 0.6131096234375 0.6426217765625 0.6138670640624999 0.5709766859375 0.8197705859375001 0.587112846875 0.8417204859374999 0.7665488593750001 0.874751984375
3 0.267485615625 0.3879689984375 0.2614248515625 0.3788759921875 0.25637425625 0.3761817953125 0.23213144843750003 0.36978298593750003 0.22506051562499998 0.363384425 0.16066865156250001 0.43144444374999996 0.1850384421875 0.4584779265625 0.37201959375000004 0.461137153125 0.49298139843750005 0.2958338296875 0.4721564984375 0.2705731640625 0.43866170625 0.27238045624999996 0.42540104218749997 0.28022048593750004 0.3456016859375 0.38123338281249997 0.267485615625 0.3879689984375
3 0.22256423593750002 0.551304315625 0.22066468281249998 0.5465545640625 0.002059771875 0.5287988593749999 0 0.6519990078125 0.1747599203125 0.70614608125 0.22256423593750002 0.551304315625
3 0.4725974703125 0.4914025296875 0.26972420625 0.4705654765625 0.21640178593749998 0.5365498515625 0.2164186515625 0.5395265375 0.2925580359375 0.6161773312500001 0.491712053125 0.6724873515625001 0.5375766375000001 0.5864099703125001 0.4725974703125 0.4914025296875
3 0.4871924609375 0.512303571875 0.9552041171875001 0.5470369546875 0.999751984375 0.523015625 0.999751984375 0.3617028765625 0.4696889875 0.3896192953125 0.41321800625 0.4785627484375 0.4132189984375 0.48376289687499996 0.472587053125 0.489580853125 0.472587053125 0.491853175 0.4871924609375 0.512303571875
3 0.21536011875 0.5413978171875 0.26813665625 0.4742140375 0.100211309375 0.4772991078125 0.04894295625 0.53056795625 0.061485615625000004 0.5341994046874999 0.2194724703125 0.5451681546875 0.21536011875 0.5413978171875
3 0.1616014390625 0.4737686015625 0.17857291718749999 0.4519208828125 0.1596458328125 0.4300905265625 0.2237110609375 0.36366815468749997 0.2088665671875 0.342569196875 0.2160453875 0.3352802578125 0.13311086249999998 0.35139062499999996 0.0326984125 0.45045213281249996 0.0748516859375 0.4891170640625 0.086380953125 0.48877306562499995 0.0982678578125 0.47438070468750004 0.1616014390625 0.4737686015625
3 0.261844990625 0.378106646875 0.26756944374999997 0.38686334375000003 0.3456904765625 0.3804642859375 0.44031125937500004 0.2689846234375 0.422464534375 0.2326108625 0.417413690625 0.22957961249999997 0.2934975203125 0.2565233140625 0.212144840625 0.3392358625 0.2093154765625 0.3417326390625 0.23086607187500002 0.36934995000000004 0.261844990625 0.378106646875
3 0.8931453375 0.1251088796875 0.540112103125 0.20553125 0.509586309375 0.385959078125 0.999751984375 0.3582078375 0.999751984375 0.1301354171875 0.8931453375 0.1251088796875
3 0.9561071421875 0.5439303078125 0.49904513906250003 0.5137299109375 0.4901061515625 0.510769096875 0.5362862109375001 0.5830133921875 0.7186374015625 0.6126217765625 0.7920515875 0.6126217765625 0.9561071421875 0.5439303078125
3 0.8080493546874999 0.874751984375 0.86901016875 0.873017609375 0.999751984375 0.829007440625 0.999751984375 0.5287326390625 0.7194826390625 0.6466279765625 0.8080493546874999 0.874751984375