3 0.8284241078125 0.31984226250000003 0.6411552578124999 0.486456596875 0.60535391875 0.566321428125 0.6115500984375 0.575271578125 0.6714486609375 0.6214005453125 0.684530009375 0.6200235609375 0.744428571875 0.5374047625 0.865602678125 0.341185515625 0.8662911703124999 0.3349890875 0.8649141859375 0.3301696421875 0.8284241078125 0.31984226250000003
3 0.34441641875 0.6212284218749999 0.3499243546875 0.64119444375 0.501391865625 0.5392981156250001 0.5124077375 0.46631820468749996 0.5092197421875 0.4581041671875 0.4303576390625 0.407491071875 0.2499213796875 0.4647693453125 0.303795634375 0.5386096234375 0.3175654765625 0.56821478125 0.32858134843750003 0.59988516875 0.34441641875 0.6212284218749999
3 0.5039228671875 0.5387318953125 0.6110342265625001 0.46987450468749997 0.6251587296875 0.47811383906250005 0.7081403765625 0.428677828125 0.8076009421875 0.33863392812500004 0.8146631937500001 0.3262748015625 0.75816493125 0.3050880453125 0.434771578125 0.4061669140625 0.502745784375 0.453984375 0.5115736609375 0.45986954375 0.5162819937500001 0.4663435015625 0.5039228671875 0.5387318953125
3 0.7683596234375 0.3083752484375 0.796508184375 0.2851361609375 0.804363590625 0.2690982140625 0.7827611609375 0.26386111093750003 0.691769096875 0.300847221875 0.6780220734375 0.32924131874999996 0.7140260421875 0.31819444375 0.7569037703125 0.30346552656250003 0.7683596234375 0.3083752484375
3 0.834476190625 0.2985560515625 0.8380763890624999 0.28808209375 0.80763665625 0.2769536203125 0.7683596234375 0.3083752484375 0.8154920640625001 0.3214677578125 0.8164739578125 0.3260500984375 0.834476190625 0.2985560515625
3 0.8672070937499999 0.33259622968749997 0.8901188 0.29430084375 0.88128125 0.2916825390625 0.8544419640625 0.3240860609375 0.8580424109375 0.3276865078125 0.8622973703125 0.328668403125 0.8672070937499999 0.33259622968749997
3 0.6714759421875 0.2811267359375 0.6698392859375 0.29716493125 0.8986287203125001 0.22941170624999999 0.9022291671874999 0.21959250937500002 0.886845734375 0.21271899843750003 0.8514962796875001 0.22024702343749997 0.79978125 0.2323576390625 0.7094437 0.2519962796875 0.593576140625 0.2705709328125 0.5971765875 0.2768717765625 0.6695119046875 0.2762170140625 0.6714759421875 0.2811267359375
3 0.8138556546875 0.2169739578125 0.8236748515625001 0.2061728671875 0.8187651296875 0.20159052656249998 0.557572171875 0.1636225203125 0.5307326390625 0.1603494546875 0.525168403125 0.1668955859375 0.5196041671875 0.21108234062500003 0.5310600203125 0.21271899843750003 0.5572447921875 0.21501016874999998 0.8138556546875 0.2169739578125
3 0.18059771875 0.29097495 0.16309300625 0.2995138890625 0.20578745 0.4113735125 0.248055059375 0.41350818437500003 0.606262153125 0.32854613125 0.670197171875 0.30591790625000004 0.67030381875 0.27688566406250004 0.20493353124999997 0.284570684375 0.18059771875 0.29097495
3 0 0.874751984375 0.20853249062499998 0.8739342765625 0.622983134375 0.5264990078125 0.6391428578125 0.486099703125 0.6130019843750001 0.470415178125 0 0.874751984375
3 0 0.874751984375 0.34874231093749997 0.6437762890625 0.3425634921875 0.6185860609375 0.3278296125 0.60052505 0.28505381875 0.5458670640625 0.2508330859375 0.5615515875 0 0.6803735125 0 0.874751984375
3 0.235623759375 0.48954563437500004 0.0027328875 0.5784243546875001 0.0008318453125 0.682512153125 0.2812514875 0.5432529765624999 0.235623759375 0.48954563437500004
3 0.24608010937499997 0.460553075 0.4347693453125 0.405894840625 0.40007316406250004 0.3783283734375 0.25415997031250004 0.41397470312499995 0.24560491093749998 0.41825247968749996 0.20568055625 0.41302430625 0.19760069375 0.4044689984375 0.18643154687500002 0.4005478671875 0.23229687499999999 0.46102827343749997 0.2494072421875 0.48954563437500004 0.2584375 0.48811979218749996 0.24608010937499997 0.460553075