3 0.59325396875 0.6994047625 0.594494046875 0.7103174609375 0.5882936515625 0.7398313484375 0.590277778125 0.7455357140625 0.5882936515625 0.749751984375 0.5858134921875 0.7519841265625 0.5890376984375 0.756200396875 0.6076388890625 0.762896825 0.6160714281249999 0.7633928578125 0.6195436515625 0.76240079375 0.621527778125 0.762896825 0.624751984375 0.7611607140625 0.6272321421875 0.7619047625 0.6289682546875001 0.7589285718750001 0.6354166671875 0.75595238125 0.6369047625 0.753472221875 0.643353175 0.7477678578125 0.64657738125 0.74032738125 0.6473214281249999 0.734623015625 0.6547619046875 0.724454365625 0.656994046875 0.7170138890625 0.659226190625 0.6894841265625 0.6599702375 0.653273809375 0.6614583328125 0.640376984375 0.6614583328125 0.6185515875 0.662450396875 0.615079365625 0.661954365625 0.60987103125 0.6629464281249999 0.6076388890625 0.6614583328125 0.5954861109375 0.658730159375 0.5920138890625 0.6572420640625001 0.58779761875 0.653769840625 0.5850694437499999 0.650545634375 0.5803571421875 0.64112103125 0.5768849203124999 0.6391369046875 0.5704365078125 0.6361607140625 0.5677083328125 0.6314484125 0.5716765875 0.628472221875 0.568204365625 0.6287202375 0.5642361109375 0.627480159375 0.562251984375 0.621527778125 0.56299603125 0.5992063484375 0.5796130953125 0.594494046875 0.58407738125 0.5922619046875 0.5882936515625 0.591021825 0.5947420640625001 0.5895337296875 0.615079365625 0.5900297625 0.6445932546875001 0.590773809375 0.6545138890625 0.5922619046875 0.6602182546875001 0.59325396875 0.6994047625
3 0.5863095234375 0.5198412703125 0.5895337296875 0.51884920625 0.591021825 0.5210813484375 0.5922619046875 0.521329365625 0.5979662703125 0.5171130953125 0.6011904765625 0.5171130953125 0.603670634375 0.515873015625 0.605902778125 0.512648809375 0.6111111109375 0.512152778125 0.6148313484375 0.512648809375 0.6237599203124999 0.516369046875 0.63095238125 0.5168650796875001 0.6361607140625 0.5195932546875001 0.640873015625 0.5240575390625 0.6443452375 0.53075396875 0.6470734125 0.533730159375 0.6522817453124999 0.5483630953125 0.65302579375 0.559027778125 0.656498015625 0.5642361109375 0.6584821421875 0.5758928578125 0.6599702375 0.577380953125 0.6629464281249999 0.5729166671875 0.6626984125 0.559523809375 0.6612103171875 0.5560515875 0.6607142859375 0.5486111109375 0.6577380953125 0.5396825390625 0.65302579375 0.5173611109375 0.6542658734375 0.509920634375 0.6609623015625 0.505704365625 0.65947420625 0.5014880953125 0.655505953125 0.5 0.6540178578125 0.49776785781250005 0.650049603125 0.49801587343750003 0.6488095234375 0.49652777812500004 0.6455853171875 0.48660714218749995 0.6453373015625 0.47991071406249997 0.6393849203124999 0.4675099203125 0.6334325390625 0.4623015875 0.6297123015625 0.4608134921875 0.6272321421875 0.4585813484375 0.622519840625 0.45734127031250005 0.60987103125 0.45734127031250005 0.5989583328125 0.46155753906249997 0.5885416671875 0.468998015625 0.5835813484375 0.47569444375 0.5823412703125 0.4789186515625 0.5828373015625 0.5064484125 0.5820932546875001 0.5104166671875 0.5830853171875 0.5168650796875001 0.5863095234375 0.5198412703125
3 0.59052579375 0.5731646828125 0.596230159375 0.577876984375 0.5979662703125 0.578125 0.6039186515625 0.5758928578125 0.6160714281249999 0.5667162703125 0.6185515875 0.56299603125 0.621527778125 0.562251984375 0.6269841265625 0.5580357140625 0.6314484125 0.559523809375 0.6321924609375 0.5634920640625001 0.6369047625 0.568204365625 0.6421130953125 0.5699404765625 0.646329365625 0.564980159375 0.6495535718750001 0.556795634375 0.65029761875 0.5520833328125 0.6445932546875001 0.5300099203124999 0.6383928578125 0.521329365625 0.630704365625 0.5166170640625001 0.6269841265625 0.5171130953125 0.6230158734375 0.51612103125 0.6158234125 0.512648809375 0.6103670640625001 0.5119047625 0.606646825 0.5101686515625 0.6044146828125 0.512152778125 0.6011904765625 0.512896825 0.5920138890625 0.5225694437499999 0.5890376984375 0.5245535718750001 0.5845734125 0.5302579359374999 0.581597221875 0.536954365625 0.58134920625 0.5448908734375 0.5835813484375 0.5558035718750001 0.5865575390625 0.5615079359374999 0.59052579375 0.5731646828125
3 0.5146329359374999 0.5602678578125 0.518353175 0.561755953125 0.5210813484375 0.5642361109375 0.5265376984375 0.5662202375 0.5429067453124999 0.5664682546875001 0.5483630953125 0.5674603171875 0.5570436515625 0.565476190625 0.55927579375 0.562748015625 0.5634920640625001 0.5605158734375 0.568700396875 0.5543154765625 0.5726686515625 0.5446428578125 0.578869046875 0.5200892859375 0.5791170640625001 0.513144840625 0.5803571421875 0.509920634375 0.5818452375 0.4985119046875 0.58134920625 0.48759920625 0.5823412703125 0.47842261875 0.5803571421875 0.47197420625 0.5731646828125 0.46676587343750003 0.567336309375 0.46552579375 0.562748015625 0.46279761875 0.549355159375 0.462549603125 0.546875 0.46552579375 0.5364583328125 0.46949404687499996 0.530505953125 0.477678571875 0.518353175 0.5 0.5111607140625 0.509920634375 0.50967261875 0.5143849203124999 0.506200396875 0.5176091265625 0.502728175 0.52529761875 0.5014880953125 0.5332341265625 0.5042162703125 0.5451388890625 0.5069444437499999 0.5523313484375 0.5146329359374999 0.5602678578125
3 0.4310515875 0.553075396875 0.43973214218749995 0.5553075390625 0.4513888890625 0.55654761875 0.4546130953125 0.5550595234375 0.45709325468750006 0.55654761875 0.47470238125 0.559027778125 0.48214285781250005 0.5610119046875 0.506200396875 0.5605158734375 0.5101686515625 0.5580357140625 0.5101686515625 0.5558035718750001 0.5069444437499999 0.5538194437499999 0.5054563484375 0.5483630953125 0.502976190625 0.5448908734375 0.5012400796875001 0.53447420625 0.502976190625 0.5235615078125 0.5049603171875 0.521329365625 0.5069444437499999 0.516369046875 0.5101686515625 0.5133928578125 0.513144840625 0.505704365625 0.5101686515625 0.503472221875 0.5042162703125 0.5009920640625001 0.4890873015625 0.49801587343750003 0.486855159375 0.49652777812500004 0.47718253906249997 0.493799603125 0.47470238125 0.4920634921875 0.465773809375 0.4920634921875 0.4613095234375 0.4890873015625 0.4521329359375 0.48759920625 0.439980159375 0.48834325468750006 0.43526785781250005 0.49007936562500004 0.43030753906249997 0.493799603125 0.42237103125 0.5019841265625 0.419394840625 0.5079365078125 0.4164186515625 0.51884920625 0.415178571875 0.528521825 0.419146825 0.5448908734375 0.421626984375 0.544394840625 0.4310515875 0.553075396875
3 0.3988095234375 0.5419146828125 0.4052579359375 0.543898809375 0.40625 0.5458829359374999 0.40823412656249997 0.546875 0.4166666671875 0.54637896875 0.41840277812500004 0.5448908734375 0.41741071406249997 0.5324900796875001 0.4164186515625 0.530505953125 0.412450396875 0.5297619046875 0.41319444375 0.5265376984375 0.4154265875 0.5243055562500001 0.41815476250000005 0.509424603125 0.422123015625 0.5009920640625001 0.43700396875 0.49007936562500004 0.41617063437499996 0.4640376984375 0.40426587343750003 0.4583333328125 0.396329365625 0.4578373015625 0.38095238125 0.4605654765625 0.375 0.46279761875 0.36631944375000003 0.4702380953125 0.35838293593750004 0.4908234125 0.3529265875 0.49280753906249997 0.35267857187499996 0.49404761875 0.35491071406249997 0.49776785781250005 0.3608630953125 0.5049603171875 0.3988095234375 0.5419146828125
3 0.325396825 0.5766369046875 0.3400297625 0.5828373015625 0.35342261875 0.5830853171875 0.35987103125000003 0.58134920625 0.368799603125 0.5768849203124999 0.3799603171875 0.5625 0.38392857187499996 0.55282738125 0.384424603125 0.544394840625 0.38368055624999997 0.5379464281249999 0.38095238125 0.5354662703125 0.377480159375 0.527777778125 0.3685515875 0.5203373015625 0.359623015625 0.515625 0.3551587296875 0.5143849203124999 0.34325396874999997 0.51512896875 0.327876984375 0.521329365625 0.31944444375000003 0.5300099203124999 0.3137400796875 0.5431547625 0.31349206406249996 0.5538194437499999 0.315228175 0.5610119046875 0.3189484125 0.5694444437499999 0.325396825 0.5766369046875
3 0.384920634375 0.6078869046875 0.393353175 0.6163194437499999 0.3988095234375 0.6175595234375 0.41344246093750003 0.6185515875 0.41617063437499996 0.6178075390625 0.419394840625 0.6145833328125 0.422123015625 0.6138392859375 0.42559523749999995 0.60987103125 0.4295634921875 0.6073908734375 0.43402777812500004 0.606646825 0.4427083328125 0.6026785718750001 0.4481646828125 0.6026785718750001 0.4605654765625 0.6056547625 0.466269840625 0.609126984375 0.468998015625 0.609623015625 0.47197420625 0.6130952375 0.474950396875 0.6130952375 0.48040674531249994 0.61532738125 0.4826388890625 0.6180555562500001 0.4923115078125 0.6202876984375 0.500744046875 0.6237599203124999 0.5109126984375 0.624751984375 0.51612103125 0.6237599203124999 0.518353175 0.6210317453124999 0.518105159375 0.6160714281249999 0.512152778125 0.6041666671875 0.5109126984375 0.593005953125 0.5116567453124999 0.5868055562500001 0.5195932546875001 0.5696924609375 0.5220734125 0.568204365625 0.518105159375 0.5679563484375 0.5104166671875 0.564980159375 0.5071924609375 0.5647321421875 0.5044642859375 0.5625 0.500248015625 0.563244046875 0.49156746093750003 0.562748015625 0.424603175 0.552579365625 0.419394840625 0.5508432546875001 0.41493055625 0.5513392859375 0.4045138890625 0.55009920625 0.39756944375000003 0.552579365625 0.393353175 0.5560515875 0.38715277812500004 0.5642361109375 0.38368055624999997 0.565476190625 0.3804563484375 0.568204365625 0.3767361109375 0.5758928578125 0.37549603125000003 0.588045634375 0.377976190625 0.5949900796875001 0.38194444375000003 0.5984623015625 0.384920634375 0.6078869046875
3 0.4325396828125 0.671626984375 0.4454365078125 0.678075396875 0.45386904687499996 0.6800595234375 0.4623015875 0.6805555562500001 0.46651785781250005 0.6832837296875 0.4702380953125 0.684027778125 0.47197420625 0.6857638890625 0.47445436562500004 0.685019840625 0.477678571875 0.6865079359374999 0.48065476250000005 0.6865079359374999 0.48363095312500004 0.6887400796875001 0.5012400796875001 0.6912202375 0.509920634375 0.6954365078125 0.525049603125 0.6946924609375 0.5265376984375 0.69345238125 0.5267857140625 0.6894841265625 0.5223214281249999 0.687748015625 0.5208333328125 0.6857638890625 0.514880953125 0.6703869046875 0.5146329359374999 0.6674107140625 0.515376984375 0.6582341265625 0.5178571421875 0.6515376984375 0.5270337296875 0.6386408734375 0.521825396875 0.6324404765625 0.51512896875 0.63095238125 0.505704365625 0.6262400796875001 0.49950396875 0.624751984375 0.49627976250000005 0.622519840625 0.49305555625 0.621527778125 0.4895833328125 0.62177579375 0.4826388890625 0.61904761875 0.474950396875 0.6135912703125 0.47296627031250005 0.6143353171875 0.4677579359375 0.611855159375 0.46180555625 0.6071428578125 0.45734127031250005 0.6051587296875 0.4451884921875 0.6029265875 0.428075396875 0.6106150796875001 0.421626984375 0.615079365625 0.41790674531249994 0.6195436515625 0.4112103171875 0.6356646828125 0.41071428593750003 0.6485615078125 0.41220238125 0.6574900796875001 0.41815476250000005 0.6698908734375 0.4325396828125 0.671626984375
3 0.3231646828125 0.61259920625 0.3206845234375 0.615575396875 0.31597222187499996 0.618799603125 0.3174603171875 0.6269841265625 0.31944444375000003 0.6319444437499999 0.33482142812500004 0.6458333328125 0.3373015875 0.6460813484375 0.34027777812500004 0.6448412703125 0.3551587296875 0.6341765875 0.361855159375 0.6319444437499999 0.3668154765625 0.6272321421875 0.37549603125000003 0.628472221875 0.377728175 0.6269841265625 0.37599206406249996 0.6202876984375 0.37946428593750003 0.611855159375 0.381200396875 0.6111111109375 0.37847222187499996 0.6001984125 0.37549603125000003 0.59697420625 0.3700396828125 0.59424603125 0.3695436515625 0.5915178578125 0.3635912703125 0.5835813484375 0.3556547625 0.5835813484375 0.33779761875 0.5858134921875 0.33407738125 0.5920138890625 0.3226686515625 0.5952380953125 0.3201884921875 0.599454365625 0.3204365078125 0.6026785718750001 0.32366071406249997 0.606646825 0.32366071406249997 0.609375 0.3231646828125 0.61259920625
3 0.3556547625 0.703869046875 0.37549603125000003 0.703869046875 0.380704365625 0.7018849203124999 0.3841765875 0.6989087296875 0.38963293593750004 0.6887400796875001 0.3980654765625 0.6790674609375 0.41046627031250005 0.6708829359374999 0.4109623015625 0.6614583328125 0.4052579359375 0.646329365625 0.400049603125 0.641369046875 0.3831845234375 0.6331845234375 0.372519840625 0.631200396875 0.36805555624999997 0.6314484125 0.3608630953125 0.6329365078125 0.35044642812500004 0.6383928578125 0.3473048109375 0.6425265375 0.34275793593750004 0.6458333328125 0.33680555624999997 0.65575396875 0.3330853171875 0.669146825 0.3328373015625 0.6765873015625 0.3358134921875 0.6852678578125 0.346230159375 0.6979166671875 0.3556547625 0.703869046875
3 0.393353175 0.7418154765625 0.4015376984375 0.7480158734375 0.41319444375 0.752728175 0.41815476250000005 0.75322420625 0.4203869046875 0.7542162703125 0.42113095312500004 0.755704365625 0.42782738125 0.7584325390625 0.43377976250000005 0.759424603125 0.455605159375 0.755704365625 0.4632936515625 0.7420634921875 0.46825396875 0.7224702375 0.481894840625 0.708829365625 0.46304563437499996 0.6922123015625 0.439980159375 0.677579365625 0.431299603125 0.6731150796875001 0.42237103125 0.672123015625 0.4139384921875 0.672619046875 0.40277777812500004 0.677579365625 0.3983134921875 0.6810515875 0.3886408734375 0.6929563484375 0.38368055624999997 0.7018849203124999 0.3821924609375 0.7083333328125 0.3814484125 0.71825396875 0.3829365078125 0.7276785718750001 0.38616071406249997 0.733630953125 0.393353175 0.7418154765625
3 0.49007936562500004 0.786954365625 0.4982638890625 0.7886904765625 0.5047123015625 0.7891865078125 0.5136408734375 0.7876984125 0.5210813484375 0.783978175 0.5248015875 0.78447420625 0.5292658734375 0.78174603125 0.53075396875 0.7790178578125 0.5367063484375 0.7735615078125 0.5508432546875001 0.765873015625 0.5570436515625 0.7636408734375 0.55927579375 0.7611607140625 0.568700396875 0.755704365625 0.5706845234375 0.7522321421875 0.574652778125 0.750248015625 0.5771329359374999 0.7477678578125 0.580605159375 0.7435515875 0.5830853171875 0.7328869046875 0.58134920625 0.712549603125 0.575148809375 0.7021329359374999 0.572420634375 0.7008928578125 0.5667162703125 0.7021329359374999 0.5481150796875001 0.703125 0.5453869046875 0.7016369046875 0.540228175 0.7016369046875 0.5357142859375 0.6991567453124999 0.5302579359374999 0.699652778125 0.5262896828125 0.7011408734375 0.5220734125 0.7051091265625 0.5069444437499999 0.7046130953125 0.4923115078125 0.7070932546875001 0.487103175 0.7085813484375 0.47569444375 0.7167658734375 0.4699900796875 0.7242063484375 0.46453372968749995 0.74032738125 0.4640376984375 0.7514880953125 0.466269840625 0.7636408734375 0.477678571875 0.781498015625 0.49007936562500004 0.786954365625
3 0.521825396875 0.6827876984375 0.5238095234375 0.6837797625 0.527777778125 0.6884920640625001 0.5394345234375 0.69717261875 0.543402778125 0.6976686515625 0.5483630953125 0.700396825 0.56299603125 0.700644840625 0.568700396875 0.6991567453124999 0.575396825 0.6956845234375 0.5818452375 0.6892361109375 0.583829365625 0.6857638890625 0.5863095234375 0.6698908734375 0.5860615078125 0.6602182546875001 0.58779761875 0.6542658734375 0.5870535718750001 0.650049603125 0.5835813484375 0.6443452375 0.58134920625 0.643105159375 0.578869046875 0.63740079375 0.568204365625 0.6292162703125 0.559771825 0.6287202375 0.5572916671875 0.6302083328125 0.5538194437499999 0.6299603171875 0.5424107140625 0.6329365078125 0.541170634375 0.634424603125 0.5381944437499999 0.6354166671875 0.5334821421875 0.6354166671875 0.5270337296875 0.640376984375 0.5225694437499999 0.6453373015625 0.518601190625 0.6507936515625 0.51612103125 0.6574900796875001 0.515625 0.6669146828125 0.5166170640625001 0.6731150796875001 0.51884920625 0.6783234125 0.521825396875 0.6827876984375
3 0.5178571421875 0.615575396875 0.52157738125 0.6185515875 0.525049603125 0.6235119046875 0.5359623015625 0.627728175 0.550347221875 0.6287202375 0.5572916671875 0.6272321421875 0.5634920640625001 0.62450396875 0.568700396875 0.6202876984375 0.5791170640625001 0.60342261875 0.5803571421875 0.5858134921875 0.577380953125 0.5763888890625 0.5731646828125 0.575148809375 0.572420634375 0.5736607140625 0.5716765875 0.5679563484375 0.565476190625 0.5691964281249999 0.56299603125 0.5672123015625 0.554935515625 0.5689484125 0.5421626984375 0.56845238125 0.527777778125 0.5696924609375 0.5240575390625 0.5709325390625 0.515376984375 0.5791170640625001 0.512896825 0.5830853171875 0.5111607140625 0.5887896828125 0.5106646828125 0.5927579359374999 0.5116567453124999 0.603174603125 0.512896825 0.6076388890625 0.5178571421875 0.615575396875
3 0.3767361109375 0.44345238125 0.3841765875 0.44444444375 0.387648809375 0.4466765875 0.393353175 0.4476686515625 0.4050099203125 0.45238095312500004 0.4077380953125 0.4546130953125 0.41617063437499996 0.4578373015625 0.421875 0.46478174531249994 0.437251984375 0.4699900796875 0.4429563484375 0.47594246093750003 0.4456845234375 0.47743055625 0.4484126984375 0.47743055625 0.4513888890625 0.4796626984375 0.4769345234375 0.49032738125 0.487103175 0.493303571875 0.4895833328125 0.49603174531249994 0.500744046875 0.49801587343750003 0.5039682546875001 0.49677579375 0.512896825 0.486855159375 0.516369046875 0.4858630953125 0.521825396875 0.47594246093750003 0.5225694437499999 0.46924603125 0.5205853171875 0.45882936562500004 0.518105159375 0.4543650796875 0.5143849203124999 0.4518849203125 0.509920634375 0.44618055625 0.5044642859375 0.44444444375 0.4990079359375 0.4384920640625 0.49156746093750003 0.4357638890625 0.48660714218749995 0.43030753906249997 0.4779265875 0.42633928593750003 0.47470238125 0.4231150796875 0.468998015625 0.4208829359375 0.4613095234375 0.41493055625 0.4546130953125 0.41195436562500004 0.44940476250000005 0.4079861109375 0.450644840625 0.40550595312500004 0.456101190625 0.40401785781250005 0.44742063437499996 0.40302579375 0.431299603125 0.39732142812500004 0.42385912656249997 0.3921130953125 0.41865079375 0.39012896874999997 0.41617063437499996 0.38715277812500004 0.412946428125 0.3864087296875 0.4114583328125 0.38467261875 0.4047619046875 0.38194444375000003 0.3958333328125 0.3829365078125 0.3831845234375 0.3923611109375 0.37400793593750004 0.40426587343750003 0.3685515875 0.41964285781250005 0.36830357187499996 0.4283234125 0.3695436515625 0.43551587343750003 0.372519840625 0.440476190625 0.3767361109375 0.44345238125
3 0.5885416671875 0.44320436562500004 0.5974702375 0.44593253906249997 0.6011904765625 0.44618055625 0.6113591265625 0.450148809375 0.6212797625 0.455853175 0.627728175 0.45758928593750003 0.6299603171875 0.46006944375 0.6331845234375 0.4613095234375 0.6416170640625001 0.4675099203125 0.6448412703125 0.4761904765625 0.646825396875 0.4791666671875 0.65029761875 0.481894840625 0.6522817453124999 0.47867063437499996 0.65029761875 0.47445436562500004 0.6517857140625 0.46875 0.65302579375 0.46800595312500004 0.65947420625 0.468501984375 0.6639384921875 0.47098214218749995 0.6669146828125 0.47445436562500004 0.6741071421875 0.4779265875 0.6822916671875 0.484126984375 0.6862599203124999 0.4853670640625 0.6914682546875001 0.4898313484375 0.697420634375 0.4918154765625 0.6981646828125 0.4908234125 0.7016369046875 0.48065476250000005 0.702876984375 0.468998015625 0.702380953125 0.462053571875 0.6976686515625 0.44717261875 0.6852678578125 0.4300595234375 0.671875 0.418898809375 0.65947420625 0.4112103171875 0.6361607140625 0.4045138890625 0.6178075390625 0.40401785781250005 0.609375 0.4050099203125 0.5949900796875001 0.41021825468750006 0.5925099203124999 0.412946428125 0.5895337296875 0.4144345234375 0.5845734125 0.4201388890625 0.5801091265625 0.4236111109375 0.575644840625 0.43154761875 0.575148809375 0.43551587343750003 0.578125 0.4392361109375 0.5835813484375 0.440228175 0.5885416671875 0.44320436562500004
3 0.5384424609375 0.42385912656249997 0.56572420625 0.435019840625 0.5691964281249999 0.43551587343750003 0.5731646828125 0.43154761875 0.5726686515625 0.4310515875 0.5870535718750001 0.40228174531249994 0.5922619046875 0.400049603125 0.593501984375 0.40203372968749995 0.5949900796875001 0.40252976250000005 0.596230159375 0.3990575390625 0.5987103171875 0.3960813484375 0.6001984125 0.396825396875 0.6019345234375 0.396329365625 0.6029265875 0.3928571421875 0.6103670640625001 0.393105159375 0.612351190625 0.387896825 0.615575396875 0.3841765875 0.6183035718750001 0.3854166671875 0.621527778125 0.3854166671875 0.622519840625 0.3802083328125 0.627480159375 0.3792162703125 0.6341765875 0.3727678578125 0.6426091265625 0.356894840625 0.6448412703125 0.349454365625 0.6453373015625 0.33779761875 0.6426091265625 0.3303571421875 0.627728175 0.311755953125 0.6235119046875 0.310019840625 0.6175595234375 0.3048115078125 0.61532738125 0.30133928593750003 0.6083829359374999 0.297619046875 0.5947420640625001 0.294394840625 0.5865575390625 0.28993055624999997 0.5726686515625 0.28819444375000003 0.5570436515625 0.2891865078125 0.5364583328125 0.2986111109375 0.530505953125 0.306299603125 0.5178571421875 0.343998015625 0.51512896875 0.35615079375 0.50967261875 0.3730158734375 0.5069444437499999 0.3864087296875 0.5069444437499999 0.41195436562500004 0.5091765875 0.4144345234375 0.531001984375 0.422123015625 0.5384424609375 0.42385912656249997
3 0.641369046875 0.4047619046875 0.653769840625 0.4077380953125 0.6770833328125 0.42113095312500004 0.6805555562500001 0.4201388890625 0.681795634375 0.4236111109375 0.6860119046875 0.4265873015625 0.690228175 0.43526785781250005 0.6979166671875 0.4427083328125 0.699652778125 0.44890872968749995 0.703373015625 0.4548611109375 0.709325396875 0.4548611109375 0.715773809375 0.4521329359375 0.721230159375 0.44618055625 0.7264384921875 0.43675595312500004 0.72842261875 0.434771825 0.7388392859375 0.428075396875 0.74404761875 0.42261904687499996 0.749751984375 0.418898809375 0.75322420625 0.41468253906249997 0.7616567453124999 0.40972222187499996 0.766369046875 0.40277777812500004 0.769097221875 0.39384920625 0.7693452375 0.3841765875 0.768353175 0.3764880953125 0.7614087296875 0.3611111109375 0.7576884921875 0.356646825 0.756200396875 0.3519345234375 0.7321428578125 0.32911706406249996 0.7271825390625 0.327380953125 0.7239583328125 0.327380953125 0.718005953125 0.3244047625 0.7123015875 0.3234126984375 0.7108134921875 0.32217261875 0.709325396875 0.3144841265625 0.70634920625 0.3167162703125 0.700644840625 0.31845238125 0.6979166671875 0.3164682546875 0.6927083328125 0.3162202375 0.6917162703125 0.3137400796875 0.6889880953125 0.3112599203125 0.68700396875 0.3142361109375 0.687748015625 0.3164682546875 0.6758432546875001 0.3239087296875 0.6741071421875 0.3239087296875 0.6701388890625 0.328125 0.669146825 0.330853175 0.6639384921875 0.3358134921875 0.66220238125 0.341269840625 0.65947420625 0.34375 0.65674603125 0.3422619046875 0.652777778125 0.3422619046875 0.6507936515625 0.3382936515625 0.6478174609375 0.33928571406249997 0.6470734125 0.34821428593750003 0.6396329359374999 0.372519840625 0.6336805562500001 0.3769841265625 0.627976190625 0.38467261875 0.627480159375 0.39012896874999997 0.6262400796875001 0.3926091265625 0.6292162703125 0.400049603125 0.641369046875 0.4047619046875
3 0.59970238125 0.24677579375 0.6001984125 0.249751984375 0.6021825390625 0.2539682546875 0.61259920625 0.2641369046875 0.6351686515625 0.2698412703125 0.653521825 0.26463293593750004 0.65947420625 0.2514880953125 0.66865079375 0.23635912656250002 0.67237103125 0.22842261874999997 0.67237103125 0.22561185468749997 0.6736111109375 0.2229662703125 0.6785714281249999 0.2165178578125 0.6835317453124999 0.2140376984375 0.6919642859375 0.20039682499999997 0.6956845234375 0.1894841265625 0.693204365625 0.18154761875 0.6860119046875 0.171875 0.6698908734375 0.16071428593749998 0.6609623015625 0.15724206406250002 0.6507936515625 0.15550595312499998 0.6364087296875 0.15649801562500001 0.6336805562500001 0.15798611093749998 0.6302083328125 0.161954365625 0.6210317453124999 0.181299603125 0.619295634375 0.1924603171875 0.615575396875 0.193204365625 0.599950396875 0.228174603125 0.5979662703125 0.23759920625 0.6011904765625 0.2388392859375 0.6014384921875 0.24156746093749998 0.59970238125 0.24677579375
3 0.5830853171875 0.2889384921875 0.588045634375 0.2891865078125 0.5949900796875001 0.2919146828125 0.6011904765625 0.2926587296875 0.6116071421875 0.297123015625 0.621527778125 0.30580357187499996 0.6334325390625 0.3072916671875 0.6361607140625 0.309523809375 0.639880953125 0.3082837296875 0.643601190625 0.313244046875 0.640376984375 0.3177083328125 0.6418650796875001 0.3258928578125 0.6453373015625 0.3263888890625 0.6512896828125 0.32217261875 0.6522817453124999 0.3162202375 0.65674603125 0.311755953125 0.65947420625 0.3105158734375 0.662450396875 0.30555555624999997 0.6651785718750001 0.297123015625 0.6679067453124999 0.2931547625 0.6738591265625 0.2884424609375 0.6763392859375 0.283978175 0.6768353171875 0.27455357187499996 0.67782738125 0.2720734125 0.677579365625 0.2636408734375 0.6741071421875 0.2522321421875 0.67137896875 0.24925595312499998 0.6654265875 0.2457837296875 0.6629464281249999 0.249751984375 0.65947420625 0.2519841265625 0.659226190625 0.2539682546875 0.6522817453124999 0.2671130953125 0.644097221875 0.27157738125 0.6326884921875 0.2738095234375 0.6272321421875 0.27232142812500004 0.6210317453124999 0.26884920625 0.6163194437499999 0.268353175 0.6103670640625001 0.26612103125000003 0.6083829359374999 0.2633928578125 0.6054067453124999 0.26215277812500004 0.6021825390625 0.25868055624999997 0.594494046875 0.24429563437500001 0.5957341265625 0.237351190625 0.5977182546875001 0.23611111093749998 0.5974702375 0.2321428578125 0.6004464281249999 0.22718253906250002 0.6039186515625 0.2251984125 0.6056547625 0.21676587343749998 0.6039186515625 0.21378968281250002 0.5979662703125 0.2123015875 0.593005953125 0.2150297625 0.5892857140625 0.21552579375 0.584325396875 0.2177579359375 0.5818452375 0.2202380953125 0.5758928578125 0.23189484062500001 0.5739087296875 0.23933531718749998 0.5582837296875 0.2765376984375 0.5560515875 0.284226190625 0.5558035718750001 0.286954365625 0.5580357140625 0.2884424609375 0.5803571421875 0.28720238125 0.5830853171875 0.2889384921875
3 0.6621376484375 0.3446078875 0.6621376484375 0.3369642859375 0.6721391375 0.325792659375 0.6892006453125 0.31932490156250004 0.7056736109374999 0.31932490156250004 0.722146578125 0.3240287703125 0.7380312499999999 0.3328482140625 0.7533276296875 0.3510756453125 0.776860615625 0.325792659375 0.7786254953125 0.30874131875 0.7703888890624999 0.2869861109375 0.749209325 0.26875868125 0.7292063484375 0.25817509843750003 0.7174399796875 0.254647321875 0.7021436015625 0.25523511875 0.6897889390625 0.26640674531249997 0.6456646828125 0.3329900796875 0.6462529765625 0.34931175625 0.6403697921875 0.368126984375 0.6621376484375 0.3446078875