3 0.138516865625 0.3373015875 0.15017361093749998 0.34474206406249996 0.1588541671875 0.34722222187499996 0.1655505953125 0.34722222187499996 0.1690228171875 0.346230159375 0.1732390875 0.343998015625 0.17720734062500001 0.34027777812500004 0.18142361093749998 0.327380953125 0.17943948437499999 0.31150793593750004 0.173487103125 0.2991071421875 0.16654265937499999 0.29017857187499996 0.16158234062500001 0.28571428593750003 0.153075396875 0.2943717765625 0.160798115625 0.30032762968750004 0.1665349703125 0.3084893359375 0.168410465625 0.3154377484375 0.1680796125 0.3240404265625 0.1641078875 0.33165699375 0.1566626984375 0.3334712296875 0.1485520828125 0.33055406718749997 0.143366815625 0.3273556546875 0.1376299609375 0.319414434375 0.135644096875 0.31212896875 0.1359751984375 0.300544890625 0.13895386875 0.29503025781250003 0.14623536718750002 0.29205233124999996 0.1526341765625 0.2947026296875 0.1615704359375 0.2855451390625 0.1517514875 0.2799201390625 0.142733134375 0.2772817453125 0.1350446421875 0.27777777812500004 0.1305803578125 0.2800099203125 0.12562003906250002 0.28472222187499996 0.12264384843750001 0.2896825390625 0.12165178593749999 0.2953869046875 0.12165178593749999 0.3060515875 0.123387896875 0.3139880953125 0.1305803578125 0.328125 0.138516865625 0.3373015875
0 0.502976190625 0.6922123015625 0.5173611109375 0.703125 0.530505953125 0.7105654765625 0.5483630953125 0.71875 0.5605158734375 0.7224702375 0.5644841265625 0.7227182546875001 0.5758928578125 0.7271825390625 0.5801091265625 0.7269345234375 0.606646825 0.7328869046875 0.6386408734375 0.7333829359374999 0.6545138890625 0.7323908734375 0.6701388890625 0.7296626984375 0.693204365625 0.7232142859375 0.7078373015625 0.715277778125 0.7165178578125 0.706597221875 0.7209821421875 0.697420634375 0.72197420625 0.6927083328125 0.7207341265625 0.6698908734375 0.7165178578125 0.6649305562500001 0.71825396875 0.6644345234375 0.7197420640625001 0.662450396875 0.7167658734375 0.6490575390625 0.7113095234375 0.641369046875 0.7016369046875 0.6319444437499999 0.6837797625 0.6202876984375 0.6641865078125 0.6113591265625 0.6512896828125 0.606398809375 0.6202876984375 0.5984623015625 0.5954861109375 0.5952380953125 0.5585317453124999 0.5949900796875001 0.5327380953125 0.59970238125 0.512648809375 0.606894840625 0.5019841265625 0.6135912703125 0.49280753906249997 0.624255953125 0.4895833328125 0.6302083328125 0.48784722187499996 0.6383928578125 0.48809523749999995 0.6418650796875001 0.4856150796875 0.6455853171875 0.48363095312500004 0.65575396875 0.4833829359375 0.6604662703125 0.48511904687499996 0.66865079375 0.4920634921875 0.6810515875 0.502976190625 0.6922123015625
0 0.374255953125 0.7209821421875 0.3866567453125 0.7333829359374999 0.39955357187499996 0.74404761875 0.424355159375 0.7619047625 0.4389880953125 0.7700892859375 0.459325396875 0.778273809375 0.4761904765625 0.7824900796875001 0.48809523749999995 0.784226190625 0.4982638890625 0.784226190625 0.505704365625 0.781994046875 0.5136408734375 0.777777778125 0.5168650796875001 0.7738095234375 0.5270337296875 0.7564484125 0.5295138890625 0.7450396828125 0.5295138890625 0.7383432546875001 0.5275297625 0.7296626984375 0.5223214281249999 0.7177579359374999 0.51884920625 0.7118055562500001 0.515873015625 0.70907738125 0.5143849203124999 0.705605159375 0.5049603171875 0.6951884921875 0.502480159375 0.6939484125 0.49776785781250005 0.6884920640625001 0.49429563437499996 0.6862599203124999 0.484375 0.6731150796875001 0.465773809375 0.659226190625 0.4454365078125 0.6473214281249999 0.42782738125 0.6393849203124999 0.406498015625 0.6329365078125 0.3955853171875 0.6316964281249999 0.38095238125 0.6326884921875 0.372519840625 0.6361607140625 0.36532738125 0.6421130953125 0.36284722187499996 0.6480654765625 0.356894840625 0.6522817453124999 0.3529265875 0.6574900796875001 0.34970238125 0.6651785718750001 0.3501984125 0.6790674609375 0.3544146828125 0.6917162703125 0.358630953125 0.6994047625 0.374255953125 0.7209821421875
0 0.18923611093749998 0.6388888890625 0.19990079375 0.6507936515625 0.21279761874999997 0.6629464281249999 0.24330357187499999 0.6857638890625 0.2671130953125 0.6984126984375 0.2832341265625 0.703125 0.29588293593750004 0.7043650796875001 0.30282738125 0.703373015625 0.3112599203125 0.6994047625 0.3261408734375 0.6808035718750001 0.328125 0.6741071421875 0.328125 0.6649305562500001 0.3268849203125 0.659226190625 0.3196924609375 0.64112103125 0.3162202375 0.638144840625 0.312251984375 0.6302083328125 0.30927579375 0.627480159375 0.30282738125 0.6180555562500001 0.2891865078125 0.60342261875 0.2775297625 0.593998015625 0.2720734125 0.5882936515625 0.26116071406249997 0.5818452375 0.255704365625 0.5768849203124999 0.2460317453125 0.5711805562500001 0.22197420625 0.5602678578125 0.22048611093749998 0.5587797625 0.196924603125 0.556299603125 0.1897321421875 0.55927579375 0.1827876984375 0.5679563484375 0.1733630953125 0.5714285718750001 0.17013888906250002 0.5736607140625 0.1669146828125 0.577380953125 0.16468253906250002 0.5830853171875 0.16468253906250002 0.5917658734375 0.1671626984375 0.60342261875 0.17633928593749998 0.621527778125 0.18923611093749998 0.6388888890625
0 0.230902778125 0.5141369046875 0.2358630953125 0.5257936515625 0.23958333281250002 0.531001984375 0.24280753906250002 0.5391865078125 0.24677579375 0.544146825 0.249751984375 0.5515873015625 0.265873015625 0.56845238125 0.2708333328125 0.5711805562500001 0.2740575390625 0.5744047625 0.2795138890625 0.5766369046875 0.29737103125000003 0.580853175 0.3018353171875 0.580853175 0.318700396875 0.578125 0.3258928578125 0.5736607140625 0.3293650796875 0.575396825 0.3328373015625 0.57490079375 0.3395337296875 0.5716765875 0.343501984375 0.5679563484375 0.3489583328125 0.565228175 0.35838293593750004 0.5572916671875 0.37152777812500004 0.5389384921875 0.37450396874999997 0.5322420640625001 0.37599206406249996 0.5245535718750001 0.37946428593750003 0.519097221875 0.3797123015625 0.5133928578125 0.38169642812500004 0.5091765875 0.3841765875 0.4826388890625 0.3824404765625 0.4481646828125 0.37400793593750004 0.41468253906249997 0.36830357187499996 0.4045138890625 0.3648313484375 0.3955853171875 0.3573908734375 0.3821924609375 0.35044642812500004 0.372519840625 0.3474702375 0.3707837296875 0.3390376984375 0.362103175 0.33482142812500004 0.359126984375 0.3298611109375 0.3573908734375 0.325644840625 0.353670634375 0.3105158734375 0.3484623015625 0.3015873015625 0.3487103171875 0.2914186515625 0.34722222187499996 0.2792658734375 0.34697420625 0.2676091265625 0.34970238125 0.25967261875 0.353670634375 0.252480159375 0.359126984375 0.24479166718749998 0.3670634921875 0.23635912656250002 0.37847222187499996 0.2333829359375 0.384424603125 0.22767857187499999 0.3970734125 0.222222221875 0.41964285781250005 0.2202380953125 0.435019840625 0.2199900796875 0.45114087343750003 0.222222221875 0.48115079375 0.22544642812500001 0.49627976250000005 0.230902778125 0.5141369046875
0 0.5144030265625 0.15847743125 0.503431546875 0.12600322343749998 0.4920029765625 0.12737425625 0.35485937500000003 0.190198909375 0.4457170140625 0.47483060468750005 0.5797748015625 0.44323685468749996 0.5870892859375 0.432725446875 0.5358888890625 0.24759523749999998 0.5144030265625 0.15847743125
0 0.6748611109375 0.5673276296875 0.6812611609375 0.5559022812500001 0.5998893843750001 0.44254960312499997 0.588003471875 0.43203819374999997 0.582060515625 0.44483482187499995 0.4700600203125 0.4704407234375 0.5555461312500001 0.5942916671875 0.5838891375 0.5942916671875 0.6181750984375001 0.5970337296875 0.6748611109375 0.5673276296875
0 0.5487388390625 0.5955590281250001 0.5545967265625 0.59507118125 0.49394419687499996 0.5055109125 0.479421875 0.512576884375 0.5089548609375 0.5623745046875 0.5384878468750001 0.596779265625 0.5487388390625 0.5955590281250001
0 0.7429880953125 0.5398025796875 0.6857983625 0.42783829375 0.677696428125 0.42926760937499997 0.612405009375 0.45690128906250005 0.6815091765625 0.5545721718750001 0.6800793656249999 0.5631483140625 0.6734072421875 0.5702948906249999 0.61860069375 0.598405009375 0.6519613093750001 0.6045987109375 0.6815091765625 0.616986359375 0.70915079375 0.635091021875 0.720112103125 0.6517666171875 0.7234481640625 0.66272495 0.7234481640625 0.6655835812500001 0.7248779765625 0.6746904765624999 0.9936688984375 0.61513516875 0.9279007937499999 0.46738318437500004 0.7487068453125 0.5250327375 0.7429880953125 0.5398025796875
0 0.504255953125 0.6126088796875 0.5101083828124999 0.6085389390625 0.5297008921875 0.600398809375 0.5335178578125 0.5996356640625 0.3833923609375 0.405008184375 0.372959821875 0.410095734375 0.381865575 0.4449454359375 0.3833923609375 0.46860243125 0.38441021875 0.4864087296875 0.42435887968749997 0.4790317453125 0.47626661718749996 0.583871528125 0.45896403750000003 0.6019322921875 0.4246130953125 0.6056557546875 0.461762896875 0.6545811015624999 0.4854268359375 0.6436428578125 0.49077008906249997 0.627362846875 0.504255953125 0.6126088796875
0 0.38410689531250003 0.487085565625 0.382194196875 0.50128993125 0.37973511875 0.5193187 0.3734506453125 0.534615575 0.36306746093750003 0.5531907234375 0.34831249999999997 0.5671220234375001 0.3354702375 0.573677828125 0.314157490625 0.5788678078125 0.2977631453125 0.581053075 0.281915178125 0.5791411203125 0.2677068453125 0.569853421875 0.2534982640625 0.557561259375 0.24366170625 0.5433568953125001 0.2368306046875 0.527240328125 0.2310927578125 0.5182259421875 0.222273809375 0.519591765625 0.2083385421875 0.5324303078125 0.2241865078125 0.5608392859375 0.2479583328125 0.5693306046875 0.2635329859375 0.58189608125 0.27582886875 0.5933688 0.291403521875 0.602383184375 0.2938625984375 0.607846478125 0.29919766875 0.613826140625 0.4614337796875 0.6004712296875 0.4756423609375 0.5832619046875 0.4242733140625 0.47943700468749995 0.38410689531250003 0.487085565625
0 0.8331401296875001 0.3215567953125 0.7182078375 0.232003471875 0.6476919640625 0.3232584328125 0.6276984125 0.352169146875 0.7478985609375 0.446988590625 0.83888665625 0.355069196875 0.8331401296875001 0.3215567953125
0 0.6267408234375 0.3512115578125 0.71677108125 0.2319759421875 0.8340979656249999 0.31958680625 0.799618303125 0.1299890875 0.534794890625 0.22478100156249997 0.59321875 0.4359499015625 0.7076723703125001 0.41680009843750004 0.6267408234375 0.3512115578125
0 0.8106326890625001 0.386652778125 0.8431966765625001 0.381386409375 0.8379290671874999 0.35936408750000004 0.8106326890625001 0.386652778125
0 0.554603421875 0.7224228671875 0.511194196875 0.7008663187499999 0.5208405265625 0.7153318453125 0.5296359125000001 0.7332011406250001 0.5307708328125 0.7402921625000001 0.5296359125000001 0.74965228125 0.5239615578125 0.761565228125 0.5557383437500001 0.7876599703125 0.603970734375 0.75560863125 0.610780009375 0.7343358140625 0.6019848703124999 0.7323501984375 0.57503125 0.7269610609375 0.554603421875 0.7224228671875