3 0.7586805562500001 0 0.735119046875 0.0302579359375 0.7323908734375 0.0327380953125 0.7299107140625 0.0334821421875 0.7256944437499999 0.03993055625 0.6607142859375 0.10887896875 0.65947420625 0.10912698437499999 0.6455853171875 0.1262400796875 0.6359126984375 0.1351686515625 0.6341765875 0.1383928578125 0.6292162703125 0.14236111093749998 0.6158234125 0.15724206406250002 0.6130952375 0.1614583328125 0.60615079375 0.1676587296875 0.593998015625 0.181299603125 0.5925099203124999 0.18501984062500001 0.5885416671875 0.18774801562500001 0.5639880953125 0.21626984062500001 0.5533234125 0.2266865078125 0.5446428578125 0.237847221875 0.5364583328125 0.2455357140625 0.515873015625 0.2695932546875 0.50049603125 0.2854662703125 0.49305555625 0.2951388890625 0.453373015625 0.3382936515625 0.44593253906249997 0.3484623015625 0.44171627031250005 0.3516865078125 0.42509920625 0.3697916671875 0.4231150796875 0.3732638890625 0.419394840625 0.37599206406249996 0.4166666671875 0.381200396875 0.4126984125 0.38368055624999997 0.396825396875 0.4007936515625 0.39409722187499996 0.4050099203125 0.38392857187499996 0.41468253906249997 0.381200396875 0.4203869046875 0.37847222187499996 0.421626984375 0.36036706406249996 0.440228175 0.2956349203125 0.509920634375 0.293898809375 0.5138888890625 0.29017857187499996 0.5171130953125 0.281498015625 0.5290178578125 0.27678571406249997 0.531994046875 0.27678571406249997 0.5414186515625 0.2792658734375 0.5515873015625 0.281001984375 0.5662202375 0.28447420625 0.57762896875 0.2864583328125 0.577380953125 0.28819444375000003 0.581101190625 0.28794642812500004 0.5845734125 0.2859623015625 0.58779761875 0.287450396875 0.5989583328125 0.6450892859375 0.20114087343749998 0.6458333328125 0.1991567453125 0.65302579375 0.193204365625 0.662450396875 0.18303571406250002 0.6654265875 0.178075396875 0.669394840625 0.177579365625 0.671875 0.16939484062500001 0.67509920625 0.1644345234375 0.6800595234375 0.1612103171875 0.6810515875 0.1574900796875 0.6852678578125 0.1540178578125 0.68700396875 0.1507936515625 0.6914682546875001 0.146329365625 0.6927083328125 0.1421130953125 0.7041170640625001 0.13095238125 0.705853175 0.12549603125 0.709325396875 0.12475198437499999 0.7113095234375 0.11383928593749999 0.7135416671875 0.110119046875 0.716021825 0.10912698437499999 0.7209821421875 0.10441468281249999 0.721726190625 0.10205853125 0.724454365625 0.099454365625 0.7269345234375 0.10019841249999999 0.7274305562500001 0.0952380953125 0.7333829359374999 0.09275793593750001 0.7393353171875 0.0917658734375 0.7398313484375 0.08829365156249999 0.7415674609375 0.08581349218749999 0.7445436515625 0.08680555625 0.747271825 0.08630952343750001 0.750744046875 0.084325396875 0.75322420625 0.0803571421875 0.7564484125 0.07936507968749999 0.7584325390625 0.0761408734375 0.759424603125 0.0716765875 0.7619047625 0.07068452343750001 0.7728174609375 0.0605158734375 0.77529761875 0.056547618749999994 0.8010912703124999 0.0295138890625 0.8055555562500001 0.0230654765625 0.8087797625 0.0210813484375 0.809771825 0.0173611109375 0.8162202375 0.0133928578125 0.81845238125 0.0091765875 0.82217261875 0.005704365625 0.821924603125 0 0.7586805562500001 0
0 0.4144345234375 0.8769841265625 0.419394840625 0.8891369046875001 0.421626984375 0.890873015625 0.4270833328125 0.8993055562500001 0.43700396875 0.9196428578125 0.44593253906249997 0.9332837296875001 0.44915674531249994 0.9424603171875001 0.46304563437499996 0.9675099203125 0.466021825 0.974950396875 0.4675099203125 0.9761904765624999 0.47594246093750003 0.9915674609374999 0.47718253906249997 0.999751984375 0.499751984375 0.999751984375 0.5009920640625001 0.9739583328125001 0.500248015625 0.9702380953124999 0.500744046875 0.966269840625 0.4985119046875 0.9603174609374999 0.4751984125 0.9154265875 0.422123015625 0.8194444437499999 0.4164186515625 0.8139880953124999 0.4154265875 0.818204365625 0.4126984125 0.82217261875 0.40401785781250005 0.85342261875 0.40401785781250005 0.859126984375 0.40625 0.865079365625 0.40972222187499996 0.868799603125 0.4144345234375 0.8769841265625
3 0.30848288749999997 0.8032068453125 0.3194283234375 0.8032068453125 0.33000272812500003 0.8007951390624999 0.3262924109375 0.7469920640625001 0.32814756875 0.7445803578125 0.3262924109375 0.7408697921875 0.3212834828125 0.7364171625 0.3194283234375 0.7314079859375 0.3168311015625 0.7297380953125 0.31571800625 0.724914434375 0.3192428078125 0.7217604171875001 0.3175731640625 0.713040675 0.306627728125 0.7141537703124999 0.306998759375 0.7217604171875001 0.3077408234375 0.72472891875 0.3082973703125 0.728810515625 0.306627728125 0.731222221875 0.3077408234375 0.7384578375 0.3079263390625 0.73957118125 0.28158308593750003 0.7451369046874999 0.28065550625 0.7508881453125 0.28603546562500004 0.7900344734375 0.2893747515625 0.7889213796875 0.2865920140625 0.757381696875 0.29030233125 0.754227678125 0.301433284375 0.7514446921875 0.30477256875 0.7529290671875 0.30848288749999997 0.8032068453125
0 0.310301090625 0.9964449406250001 0.31409300625 0.9973928578125 0.31196006875000004 0.999751984375 0.35699057500000003 0.999751984375 0.45937599218749997 0.6763182046875 0.40378447343749996 0.6587837296875 0.292288690625 0.9964449406250001 0.30295386875 0.99810391875 0.3057978671875 0.9950228171875001 0.310301090625 0.9964449406250001
0 0.45889682499999995 0.681321925 0.45889682499999995 0.6862296625 0.4618958328125 0.6908648312500001 0.45807886875000003 0.6944094734374999 0.45889682499999995 0.70068055625 0.45889682499999995 0.7044977671875 0.5213313484375 0.7113139875 0.5228045640625 0.6726416171875 0.465440228125 0.6655076890625 0.4624412203125 0.6715061999999999 0.45998735156250004 0.67668675625 0.45889682499999995 0.681321925
0 0.4744372515625 0.7080766374999999 0.47143824375000004 0.7198008437500001 0.519150296875 0.7304345234375 0.5210587796875 0.7116212796875 0.4807080859375 0.7086220234375 0.4744372515625 0.7080766374999999
3 0.23549603125 0.666667659375 0.525487846875 0.6343568953125 0.5412482640625 0.5374243546875 0.5451884921875 0.4720146328125 0.558584821875 0.41212127968749995 0.5215478671875 0.393995784375 0.511303571875 0.376658234375 0.54755233125 0.35380431562500003 0.5648888890625 0.3207053578125 0.5719811515625 0.29706324375 0.6042899312500001 0.3065200890625 0.6649677578125 0.3254337796875 0.6870322421874999 0.3285860609375 0.6626108625 0.1821981640625 0.28750545625 0.5988936015624999 0.291445684375 0.6327807546875001 0.23549603125 0.655634671875 0.23549603125 0.666667659375
3 0.8202078374999999 0.013947171875 0.7657966265625 0.0798797125 0.8194196421875001 0.3149893359375 0.8572447921874999 0.307896578125 0.8745813484375 0.24406324375000002 0.8202078374999999 0.013947171875
3 0.41674107187500004 0.3779350203125 0.4064967765625 0.3661138390625 0.2481044140625 0.3330151296875 0.24731646875000002 0.370876984375 0.2780491078125 0.5308549109375 0.41674107187500004 0.3779350203125
3 0.34426959375 0.11279365156250001 0.41028199374999996 0.10693749999999999 0.4422234625 0.1021458328125 0.469373759375 0.133024553125 0.47363268906249995 0.1564499015625 0.46724454375 0.1761483140625 0.47363268906249995 0.1921200390625 0.4810858140625 0.20649454375 0.4901359125 0.22832266875 0.47522991093750006 0.2528125 0.4550002484375 0.2437619046875 0.4534030265625 0.26505753906249996 0.43743229218749996 0.35449925625 0.6525052078125 0.11328075468750001 0.641858134375 0.0115942453125 0.3660962296875 0.0302279265625 0.32776636875 0.03076016875 0.24791245 0.0083998015625 0.26175396875 0.10959945468750001 0.3096661703125 0.11492336249999999 0.34426959375 0.11279365156250001
4 0.5907061015624999 0.3211463296875 0.581204365625 0.3211463296875 0.5744739578125 0.333815971875 0.5728903765625 0.34529761875 0.5970404265625 0.336983134375 0.7026535218750001 0.336362846875 0.7146232640625 0.329460565625 0.5990200890625 0.3290647328125 0.5907061015624999 0.3211463296875
4 0.8684880953125 0.055584821875 0.8609141859375 0.018919890624999998 0.8481354171875 0.03297743125 0.858997271875 0.0716354171875 0.8684880953125 0.055584821875
3 0.874751984375 0.04991021875 0.8411071421875 0.1163638390625 0.8618725203125001 0.20038913749999998 0.874751984375 0.2112517359375 0.874751984375 0.04991021875
0 0.43455332343749997 0 0.3966795640625 0.00731795625 0.424095734375 0.0174935515625 0.456881696875 0.008731151562500001 0.45970808593749996 0.023429315625 0.4735575390625 0.0228638390625 0.4712963796875 0.0056220234375 0.49899503906250003 0 0.43455332343749997 0
0 0.3366235125 0.7162299109375 0.35751711249999996 0.70871180625 0.375872271875 0.7023650796875 0.3900290171875 0.697483134375 0.391346478125 0.6909838796875001 0.31981696406250004 0.7152078375 0.31856150781250003 0.715644096875 0.319440228125 0.7215024796875 0.3366235125 0.7162299109375
5 0.41376463281250003 0.988405009375 0.4149995046875 0.9852296624999999 0.41376463281250003 0.980290178125 0.40741418593749995 0.980995784375 0.40373363125 0.9816044140625 0.3768970734375 0.98081944375 0.3763678078125 0.987523065625 0.3779553578125 0.9894635421875 0.41376463281250003 0.988405009375
0 0.3555766375 0.751201884375 0.3577936515625 0.7506106156250001 0.3613407734375 0.74632415625 0.3688787203125 0.7426287203124999 0.37242584375 0.7429243546875 0.37626860156249997 0.739376984375 0.37626860156249997 0.7362730656250001 0.3721302078125 0.7373077875 0.35232490156249996 0.7497237109375 0.34774305625 0.7532710812500001 0.3620798609375 0.7797291671875 0.364592509375 0.77278199375 0.3600106640625 0.764209078125 0.3576458328125 0.7621396328125 0.35542881875 0.7543058031250001 0.3555766375 0.751201884375