3 0.7457837296875 0.6329365078125 0.765873015625 0.644097221875 0.797619046875 0.6636904765625 0.802579365625 0.665674603125 0.80654761875 0.668898809375 0.8449900796875 0.6917162703125 0.8487103171875001 0.6929563484375 0.8549107140625001 0.6976686515625 0.8616071421875 0.69990079375 0.874255953125 0.6894841265625 0.9201388890625 0.6331845234375 0.92137896875 0.6302083328125 0.921875 0.624255953125 0.924603175 0.621527778125 0.9335317453125 0.59375 0.9360119046875001 0.5917658734375 0.9384920640625 0.578869046875 0.9441964281249999 0.565476190625 0.9449404765624999 0.560019840625 0.9476686515624999 0.553075396875 0.9511408734375 0.5505952375 0.953869046875 0.5367063484375 0.958829365625 0.527777778125 0.9603174609374999 0.521825396875 0.958829365625 0.519097221875 0.9427083328125001 0.5106646828125 0.9352678578125 0.505704365625 0.8425099203125 0.462549603125 0.8395337296875001 0.46031746093750003 0.791170634375 0.43675595312500004 0.78125 0.4327876984375 0.778769840625 0.430803571875 0.6984126984375 0.3928571421875 0.687748015625 0.390625 0.6855158734375 0.39112103125000003 0.68427579375 0.393353175 0.6808035718750001 0.3958333328125 0.6790674609375 0.3998015875 0.668898809375 0.41493055625 0.66592261875 0.4169146828125 0.6540178578125 0.43328372968749995 0.650049603125 0.43700396875 0.6490575390625 0.44109622968749995 0.6421130953125 0.450644840625 0.6341765875 0.450148809375 0.6240079359374999 0.45362103125 0.6051587296875 0.46478174531249994 0.6019345234375 0.474950396875 0.596726190625 0.4833829359375 0.5927579359374999 0.49677579375 0.5865575390625 0.5114087296875 0.5825892859375 0.525545634375 0.58134920625 0.5334821421875 0.5835813484375 0.5354662703125 0.740575396875 0.6287202375 0.7457837296875 0.6329365078125
3 0.399646578125 0.727523065625 0.4165310015625 0.724508928125 0.4334154265625 0.7070265375 0.49070163750000007 0.4911061515625 0.128290921875 0.2655749015625 0 0.304759425 0.0012209828125 0.874751984375 0.26909449375 0.8736401296875 0.3471845234375 0.7944382437499999 0.3538177078125 0.767310515625 0.3906014390625 0.73174305625 0.399646578125 0.727523065625
3 0.3708903765625 0.2901259921875 0.34964136875 0.2714580859375 0.34931944375 0.26888318437500003 0.353826884375 0.267273809375 0.3712123015625 0.2811138390625 0.373466021875 0.2524682546875 0.2028306046875 0.18294618125 0.0830639875 0.2103045640625 0.0833859125 0.215132440625 0.076946925 0.2202822421875 0.0817760421875 0.2270411703125 0.08467385937500001 0.2363752484375 0.0862834828125 0.251180803125 0.08821527812499999 0.2769298109375 0.126205853125 0.2669521328125 0.27848958281249997 0.360935515625 0.2853311015625 0.35487475156250003 0.2945873015625 0.3487046125 0.37056845312500003 0.29785069375 0.3708903765625 0.2901259921875
3 0.39048759843749997 0.4258420140625 0.39036631875 0.4212318953125 0.39291468281249997 0.4171071421875 0.39437103125 0.4165004953125 0.5378487109375001 0.422914434375 0.3758484625 0.29499950468749997 0.2873216765625 0.354478175 0.28750074375 0.3583812 0.2916225203125 0.3691686515625 0.393400296875 0.4319079859375 0.3923080359375 0.43020957343750005 0.39048759843749997 0.4258420140625
3 0.49086011875 0.49211904687499997 0.48982663750000005 0.49883407812499997 0.5143697921875 0.5109729656249999 0.53917113125 0.47713913750000003 0.5414962796875 0.46964930625 0.5624223703125 0.440980903125 0.556738590625 0.436590278125 0.3942380953125 0.43194122031250004 0.49086011875 0.49211904687499997
3 0.5685079359375 0.42510590312499996 0.5643306046875 0.4310716765625 0.5673142359375001 0.4345022328125 0.5913338296874999 0.39990005 0.5932733140625001 0.4018390375 0.5850677078125 0.417201140625 0.58730555625 0.417946925 0.5898420140625 0.41705208281250006 0.602224703125 0.380945684375 0.467484375 0.3190498515625 0.3873697921875 0.2818953375 0.3817006453125 0.2898000984375 0.5523953374999999 0.42316691406249995 0.5659717265624999 0.42406175625 0.5685079359375 0.42510590312499996
0 0.351730159375 0.2698266375 0.3506803078125 0.268344990625 0.3492599203125 0.268777034375 0.34882762968750003 0.2714317953125 0.551039434375 0.43157886875000007 0.6018633437500001 0.4704880953125 0.604024553125 0.465947171875 0.6036540171875 0.4647123015625 0.6037157734374999 0.46279861093749997 0.5450877968750001 0.418457340625 0.477066715625 0.365319196875 0.40388938437500005 0.307246528125 0.3538529265625 0.2675138890625 0.3528415171875 0.26803621093749996 0.35308854218749997 0.26914756875 0.351730159375 0.2698266375
0 0.562935515625 0.44595684531249996 0.55492584375 0.4587390875 0.595103175 0.48856398749999996 0.5979451890624999 0.4818501984375 0.6010458828125 0.47332886875 0.562935515625 0.44595684531249996
0 0.54161954375 0.471262896875 0.5389064984374999 0.47487822343749997 0.5403276296875 0.47655654687500004 0.54239459375 0.47616914687499995 0.5652606640625 0.44286631875 0.563064484375 0.44130902812499995 0.54161954375 0.47035912656249995 0.54161954375 0.471262896875
0 0.592685515625 0.4008501984375 0.591211309375 0.3992217265625 0.5666939484375 0.4347358625 0.5693318453125 0.43612301562500005 0.5904355156250001 0.40596800625 0.5904355156250001 0.40542509843749996 0.5913665671875 0.40457217187500005 0.592685515625 0.4008501984375
0 0.9629171624999999 0.758446428125 0.9604605656249999 0.7609012890625 0.8814456843749999 0.73471478125 0.880217509375 0.7293955859375 0.8728482140624999 0.7293955859375 0.864962053125 0.7424377484375 0.8724930562500001 0.8232991078125 0.8941371531250001 0.8363385421875 0.97765550625 0.8660565468750001 0.9883000984375 0.8525543156250001 0.9686488093750001 0.759673859375 0.9629171624999999 0.758446428125
3 0.81149925625 0.874751984375 0.9565858140625 0.874751984375 0.4709360125 0.57403819375 0.4610037203125 0.6044506453125 0.451143353125 0.6373928578125 0.81149925625 0.874751984375
3 0.6275344734375 0.45067633906250004 0.64246329375 0.44694618124999996 0.6401825390625 0.443216021875 0.5893826890625 0.418141865625 0.585235615625 0.4175200890625 0.5738315968750001 0.431147321875 0.575490328125 0.43161160781249996 0.576734375 0.4340982140625 0.6153008437499999 0.4564786703125 0.6275344734375 0.45067633906250004
4 0.046198909375 0.2125572921875 0.04586483125 0.19451686562499998 0.0395203375 0.19117609062500002 0.00011780781250000001 0.1935146328125 0 0.30175694375 0.0705751484375 0.2830483625 0.046198909375 0.2125572921875
4 0 0.193309771875 0.0385186015625 0.1909712296875 0.046198909375 0.19464608125 0.0477963796875 0.210880953125 0.0742482640625 0.1695900296875 0.0618931046875 0.1522177578125 0.05855381875 0.1408591265625 0.02749925625 0.1261594734375 0 0.125825396875 0 0.193309771875
0 0.06253670624999999 0.2580763890625 0.0657524796875 0.2583826890625 0.0867313984375 0.2573102671875 0.085046875 0.24352182500000003 0.0580959828125 0.24581994062499998 0.06253670624999999 0.2580763890625
3 0.9410039687499999 0.8537336312500001 0.8974739578125 0.8378779765625 0.9459446921874999 0.8678392859375 0.9410039687499999 0.8537336312500001