2 0.375248015625 0.3886408734375 0.38194444375000003 0.3985615078125 0.38368055624999997 0.40426587343750003 0.3888888890625 0.40823412656249997 0.389880953125 0.41195436562500004 0.396329365625 0.4203869046875 0.3988095234375 0.4357638890625 0.4050099203125 0.4389880953125 0.4052579359375 0.443700396875 0.40674603125 0.44717261875 0.4112103171875 0.450396825 0.43377976250000005 0.45634920625 0.44866071406249997 0.4578373015625 0.45238095312500004 0.45734127031250005 0.45362103125 0.455853175 0.4632936515625 0.4521329359375 0.46875 0.4481646828125 0.47098214218749995 0.4451884921875 0.51612103125 0.4231150796875 0.51884920625 0.4203869046875 0.521825396875 0.419394840625 0.5238095234375 0.4164186515625 0.5275297625 0.4144345234375 0.5290178578125 0.412450396875 0.53720238125 0.408978175 0.5399305562500001 0.40947420625 0.544146825 0.40823412656249997 0.5475198406249999 0.4051091265625 0.5982142859375 0.380704365625 0.603174603125 0.3792162703125 0.606646825 0.37946428593750003 0.615575396875 0.37549603125000003 0.6272321421875 0.36259920625 0.6331845234375 0.35243055624999997 0.637896825 0.3345734125 0.6391369046875 0.318700396875 0.6334325390625 0.2904265875 0.6272321421875 0.271329365625 0.6197916671875 0.2584325390625 0.609623015625 0.24503968281250002 0.5979662703125 0.234375 0.5865575390625 0.22718253906250002 0.571924603125 0.2232142859375 0.5602678578125 0.22371031718749998 0.536954365625 0.23164682499999997 0.53174603125 0.23239087343749998 0.5198412703125 0.237351190625 0.48363095312500004 0.24677579375 0.466021825 0.252480159375 0.46304563437499996 0.2542162703125 0.4454365078125 0.25694444375000003 0.41319444375 0.26512896874999997 0.390873015625 0.2728174609375 0.37822420625 0.27529761875 0.372023809375 0.280505953125 0.3665674609375 0.28794642812500004 0.3613591265625 0.30282738125 0.360119046875 0.30927579375 0.359375 0.325644840625 0.360119046875 0.3420138890625 0.36607142812500004 0.36532738125 0.375248015625 0.3886408734375
2 0.4074900796875 0.465773809375 0.406498015625 0.4697420640625 0.4072420640625 0.4831349203125 0.40674603125 0.5173611109375 0.408730159375 0.5302579359374999 0.4144345234375 0.544146825 0.412946428125 0.5478670640625001 0.412946428125 0.552579365625 0.41741071406249997 0.5637400796875001 0.418898809375 0.583829365625 0.4228670640625 0.6016865078125 0.42584325468750006 0.6302083328125 0.428075396875 0.641369046875 0.4543650796875 0.652777778125 0.4578373015625 0.6520337296875 0.4635416671875 0.6542658734375 0.47743055625 0.650545634375 0.48090277812500004 0.6507936515625 0.4985119046875 0.6480654765625 0.500248015625 0.64657738125 0.5101686515625 0.64384920625 0.5138888890625 0.64112103125 0.52802579375 0.6356646828125 0.5424107140625 0.6227678578125 0.546626984375 0.615575396875 0.547123015625 0.612103175 0.5478670640625001 0.578869046875 0.549851190625 0.56845238125 0.5513392859375 0.5265376984375 0.5533234125 0.509920634375 0.5533234125 0.47445436562500004 0.5555555562500001 0.443700396875 0.5550595234375 0.4236111109375 0.5520833328125 0.41840277812500004 0.544146825 0.4117063484375 0.5391865078125 0.4117063484375 0.5364583328125 0.41071428593750003 0.5354662703125 0.41195436562500004 0.53075396875 0.4136904765625 0.5230654765625 0.4208829359375 0.51884920625 0.422123015625 0.512896825 0.42584325468750006 0.49553571406249997 0.431299603125 0.49280753906249997 0.43402777812500004 0.486855159375 0.43675595312500004 0.484126984375 0.43700396875 0.4796626984375 0.439980159375 0.47197420625 0.44320436562500004 0.468998015625 0.4466765875 0.46651785781250005 0.4479166671875 0.46527777812500004 0.45114087343750003 0.46676587343750003 0.45510912656249997 0.46502976250000005 0.4580853171875 0.462549603125 0.459325396875 0.4481646828125 0.459325396875 0.4236111109375 0.455605159375 0.4171626984375 0.453373015625 0.4136904765625 0.4546130953125 0.4045138890625 0.4543650796875 0.4052579359375 0.45535714218749995 0.40426587343750003 0.45684523749999995 0.4047619046875 0.462053571875 0.4074900796875 0.465773809375
2 0.1927083328125 0.8392857140625001 0.1949404765625 0.8616071421875 0.19717261875 0.8695436515624999 0.20114087343749998 0.90029761875 0.2046130953125 0.9196428578125 0.206597221875 0.922619046875 0.21180555625 0.9231150796875 0.286954365625 0.8983134921874999 0.296875 0.893601190625 0.309523809375 0.8896329359375 0.3174603171875 0.8821924609374999 0.322420634375 0.880704365625 0.325644840625 0.8834325390625001 0.3323412703125 0.8821924609374999 0.36383928593750003 0.872519840625 0.3988095234375 0.860119046875 0.41071428593750003 0.8541666671874999 0.4154265875 0.8506944437499999 0.41964285781250005 0.8422619046875001 0.4206349203125 0.834325396875 0.4206349203125 0.8204365078125001 0.41815476250000005 0.796626984375 0.41046627031250005 0.759920634375 0.4074900796875 0.7539682546875001 0.40625 0.74677579375 0.40228174531249994 0.734623015625 0.400049603125 0.7321428578125 0.3960813484375 0.7209821421875 0.3945932546875 0.71825396875 0.387648809375 0.7115575390625 0.3834325390625 0.7115575390625 0.3764880953125 0.715773809375 0.3608630953125 0.721230159375 0.3576388890625 0.72470238125 0.3521825390625 0.7274305562500001 0.3345734125 0.7452876984375 0.330605159375 0.7480158734375 0.32490079375 0.75 0.3206845234375 0.7542162703125 0.3142361109375 0.7571924609375 0.3085317453125 0.762648809375 0.2728174609375 0.7760416671875 0.2385912703125 0.771329365625 0.228174603125 0.768601190625 0.22371031718749998 0.765873015625 0.21205357187499999 0.7616567453124999 0.1994047625 0.75049603125 0.193204365625 0.7480158734375 0.19072420625 0.744295634375 0.18799603125 0.7425595234375 0.18650793593749998 0.74404761875 0.18824404687500002 0.7457837296875 0.18824404687500002 0.7490079359374999 0.18402777812499999 0.75049603125 0.18303571406250002 0.7549603171875 0.1827876984375 0.7693452375 0.184523809375 0.7827380953125 0.18427579375 0.7879464281249999 0.1927083328125 0.8392857140625001
2 0.440476190625 0.999751984375 0.43973214218749995 0.985119046875 0.440476190625 0.981894840625 0.4360119046875 0.966269840625 0.434771825 0.9548611109375 0.43303571406249997 0.9516369046875001 0.4325396828125 0.946924603125 0.428571428125 0.9362599203125 0.4283234125 0.9303075390625001 0.42410714218749995 0.918402778125 0.42237103125 0.9077380953124999 0.41865079375 0.9040178578125 0.4171626984375 0.8916170640625 0.4141865078125 0.8869047625 0.41046627031250005 0.8762400796875 0.4074900796875 0.87450396875 0.4050099203125 0.8665674609374999 0.3990575390625 0.8630952375 0.3893849203125 0.865079365625 0.38169642812500004 0.8683035718750001 0.377976190625 0.868799603125 0.321924603125 0.8869047625 0.31944444375000003 0.8869047625 0.3015873015625 0.8953373015625001 0.2904265875 0.8970734125 0.22693452343749998 0.9206349203125 0.21701388906250002 0.922619046875 0.194196428125 0.9293154765624999 0.1917162703125 0.9322916671874999 0.1912202375 0.9357638890625 0.19444444375 0.978670634375 0.1976686515625 0.999751984375 0.440476190625 0.999751984375
2 0.41741071406249997 0.8923611109375 0.42261904687499996 0.903769840625 0.43427579375 0.9456845234375001 0.4384920640625 0.971478175 0.44072420625 0.999751984375 0.5302579359374999 0.999751984375 0.5585317453124999 0.987351190625 0.5744047625 0.9833829359375 0.57762896875 0.9804067453125 0.596478175 0.9737103171875001 0.6039186515625 0.9699900796875 0.609623015625 0.96924603125 0.6135912703125 0.966269840625 0.6175595234375 0.9647817453125 0.622271825 0.956597221875 0.625248015625 0.9360119046875001 0.62549603125 0.9236111109375 0.622271825 0.900049603125 0.615575396875 0.87549603125 0.6103670640625001 0.86259920625 0.605902778125 0.8556547625 0.6039186515625 0.8489583328125001 0.6009424609375 0.844494046875 0.5947420640625001 0.8400297625 0.5927579359374999 0.8350694437499999 0.5887896828125 0.8298611109375 0.58134920625 0.8263888890625 0.5803571421875 0.8231646828124999 0.56572420625 0.8164682546875 0.5639880953125 0.8177083328125001 0.5540674609375 0.8196924609374999 0.5513392859375 0.8234126984374999 0.5486111109375 0.82490079375 0.5453869046875 0.8244047625 0.5424107140625 0.8263888890625 0.5394345234375 0.8261408734375 0.5248015875 0.8291170640625 0.521825396875 0.8368055562500001 0.519097221875 0.8370535718750001 0.51612103125 0.8390376984374999 0.512896825 0.8390376984374999 0.5101686515625 0.840773809375 0.487351190625 0.8420138890625 0.4779265875 0.841021825 0.47594246093750003 0.8422619046875001 0.466021825 0.8422619046875001 0.4635416671875 0.84375 0.4543650796875 0.841269840625 0.452876984375 0.84325396875 0.450644840625 0.843998015625 0.44866071406249997 0.843005953125 0.44122023749999995 0.8427579359375 0.43700396875 0.840277778125 0.43377976250000005 0.840773809375 0.4310515875 0.8397817453125 0.4293154765625 0.841021825 0.42509920625 0.8397817453125 0.4206349203125 0.8506944437499999 0.4169146828125 0.856398809375 0.4074900796875 0.8603670640625 0.40625 0.862351190625 0.406001984375 0.8685515875 0.40947420625 0.8730158734375 0.4141865078125 0.8824404765624999 0.41741071406249997 0.8923611109375
2 0.14236111093749998 0.43675595312500004 0.14384920625 0.44146825468750006 0.1418650796875 0.44915674531249994 0.14161706406250002 0.471230159375 0.14508928593749998 0.5354662703125 0.1460813484375 0.5451388890625 0.1470734125 0.546875 0.14781746093749998 0.5605158734375 0.150049603125 0.5660548109375 0.15178571406250002 0.57762896875 0.1550099203125 0.5845734125 0.15798611093749998 0.5873015875 0.158978175 0.5917658734375 0.1612103171875 0.593501984375 0.17633928593749998 0.59325396875 0.2614087296875 0.5845734125 0.3613591265625 0.57217261875 0.36631944375000003 0.5699404765625 0.3695436515625 0.5704365078125 0.375248015625 0.5679563484375 0.377976190625 0.564980159375 0.38095238125 0.5637400796875001 0.3869047625 0.5634920640625001 0.38963293593750004 0.56200396875 0.393105159375 0.561755953125 0.3953373015625 0.560019840625 0.39657738125 0.5558035718750001 0.3988095234375 0.5543154765625 0.403769840625 0.5302579359374999 0.4050099203125 0.5176091265625 0.4050099203125 0.4935515875 0.403273809375 0.468501984375 0.40054563437499996 0.4516369046875 0.39756944375000003 0.43948412656249997 0.3948412703125 0.435019840625 0.3928571421875 0.424603175 0.3893849203125 0.419394840625 0.387648809375 0.41319444375 0.3814484125 0.40575396875 0.3702876984375 0.406498015625 0.3541666671875 0.4047619046875 0.3373015875 0.4050099203125 0.33482142812500004 0.40823412656249997 0.3258928578125 0.41071428593750003 0.318204365625 0.419394840625 0.312748015625 0.42113095312500004 0.3112599203125 0.42410714218749995 0.30803571406249997 0.42633928593750003 0.3053075390625 0.4300595234375 0.3018353171875 0.4300595234375 0.2991071421875 0.4320436515625 0.29588293593750004 0.4325396828125 0.29365079375 0.4357638890625 0.2904265875 0.43675595312500004 0.2862103171875 0.44146825468750006 0.28447420625 0.44196428593750003 0.281498015625 0.4449404765625 0.2775297625 0.44444444375 0.2728174609375 0.44593253906249997 0.265625 0.4449404765625 0.2638888890625 0.43948412656249997 0.264880953125 0.43824404687499996 0.26463293593750004 0.43179563437499996 0.2616567453125 0.4231150796875 0.26463293593750004 0.4201388890625 0.2641369046875 0.41765872968749995 0.23710317500000003 0.41765872968749995 0.2251984125 0.4166666671875 0.2229662703125 0.415674603125 0.21949404687500002 0.41617063437499996 0.21552579375 0.41319444375 0.21130952343749998 0.4074900796875 0.203125 0.40947420625 0.19965277812499999 0.406498015625 0.1966765875 0.406498015625 0.1949404765625 0.4109623015625 0.1914682546875 0.4114583328125 0.18824404687500002 0.40674603125 0.18501984062500001 0.4050099203125 0.18303571406250002 0.40947420625 0.17906746093749998 0.41195436562500004 0.178075396875 0.4079861109375 0.1733630953125 0.40575396875 0.17113095312499998 0.40674603125 0.161954365625 0.40550595312500004 0.15525793593749998 0.406001984375 0.1525297625 0.40575396875 0.1498015875 0.40401785781250005 0.1470734125 0.4079861109375 0.1470734125 0.41220238125 0.1458333328125 0.41319444375 0.143601190625 0.4136904765625 0.1421130953125 0.40848214218749995 0.140625 0.40823412656249997 0.1393849203125 0.4164186515625 0.14037698437499999 0.4283234125 0.13988095312499998 0.43551587343750003 0.14087301562500001 0.43675595312500004 0.14236111093749998 0.43675595312500004
2 0.364705109375 0.6542658734375 0.364209078125 0.64657738125 0.3604888390625 0.6383928578125 0.3594967765625 0.6336805562500001 0.3537924109375 0.6240079359374999 0.34238368124999996 0.6103670640625001 0.3384154265625 0.60887896875 0.3322150296875 0.6024305562500001 0.32675868124999996 0.6001984125 0.32403050625 0.59697420625 0.31832614062500003 0.59424603125 0.30964558593749997 0.5925099203124999 0.3069174109375 0.59052579375 0.30195709375 0.59052579375 0.2890602671875 0.5873015875 0.28310788750000004 0.5868055562500001 0.2483856640625 0.591269840625 0.24466542656249998 0.59325396875 0.23400074375000002 0.5952380953125 0.231024553125 0.5984623015625 0.224328125 0.599454365625 0.218623759375 0.6029265875 0.21564756875 0.603174603125 0.20895114062500003 0.606894840625 0.2072150296875 0.609126984375 0.1985344734375 0.6135912703125 0.19456622031249998 0.622271825 0.1913420140625 0.62549603125 0.1878697921875 0.6329365078125 0.1876217765625 0.63467261875 0.1825491078125 0.6374677578125 0.2111225203125 0.6620166171874999 0.2694766859375 0.692199653125 0.3146002421875 0.691841671875 0.3145500984375 0.6897849703125 0.3193794640625 0.6801264875 0.33064781718749997 0.6761021828125 0.3374893359375 0.6712728171875 0.3427209828125 0.6744923109375 0.364705109375 0.6542658734375
2 0.1786932046875 0.6984126984375 0.1796852671875 0.70907738125 0.1856376484375 0.7259424609375 0.1948142359375 0.740079365625 0.21019122031249998 0.75595238125 0.2129193953125 0.756200396875 0.21663963281249998 0.7584325390625 0.221847965625 0.7636408734375 0.225072171875 0.7638888890625 0.23945709375000002 0.769097221875 0.2565701890625 0.771825396875 0.27442733124999996 0.77157738125 0.28087574375 0.7703373015625 0.2890602671875 0.7673611109375 0.2917884421875 0.765376984375 0.3009650296875 0.7636408734375 0.32229439531250004 0.74950396875 0.32998288750000004 0.7455357140625 0.34560788750000004 0.7321428578125 0.35602455312500003 0.716269840625 0.359248759375 0.7073412703125 0.3604888390625 0.700148809375 0.364209078125 0.693204365625 0.3661932046875 0.681299603125 0.3427209828125 0.71554141875 0.3314526296875 0.720370784375 0.31495238125 0.7062852187499999 0.3146838390625 0.6952705546875 0.273903521875 0.698236359375 0.23728125000000003 0.6837485125 0.17611011875 0.6435042156249999 0.1752209828125 0.655505953125 0.18018130000000002 0.6574900796875001 0.177701140625 0.6654265875 0.17794915625000002 0.6728670640625001 0.176709078125 0.684771825 0.177701140625 0.6966765875 0.1786932046875 0.6984126984375
2 0.2882564484375 0.083805059375 0.255605159375 0.0685677078125 0.20553993125 0.06693526718750001 0.1941118546875 0.098498015625 0.1924794140625 0.1621681546875 0.1913908734375 0.1986287203125 0.200097965625 0.24325223281250002 0.2153353171875 0.299303571875 0.23166096249999998 0.3319548609375 0.24417733125000002 0.35372247031250004 0.25832614062500003 0.37168080312499996 0.28499131875 0.3787552078125 0.30077281718750004 0.381476190625 0.306758928125 0.38202033750000003 0.315466021875 0.38202033750000003 0.3274379953125 0.38093204375 0.3361450890625 0.3858296125 0.3345126484375 0.40052281718750005 0.3459404765625 0.385285465625 0.3448521828125 0.134414434375 0.3345126484375 0.11917733125 0.3187311515625 0.0995865578125 0.2882564484375 0.083805059375
2 0.12826512968749998 0.391271578125 0.1565629953125 0.4026994046875 0.1930235609375 0.40759722187499997 0.23873536718750002 0.40922966250000004 0.2702983625 0.41412747968749997 0.28880084375 0.40922966250000004 0.284447171875 0.395625 0.2828147328125 0.3874623015625 0.254516865625 0.3765783734375 0.240912203125 0.370048115625 0.22730753906249998 0.3471922125 0.19900967187500002 0.283522321875 0.18213988125 0.205158978125 0.1777862109375 0.16652157812499999 0.1788747515625 0.119721478125 0.18594915625 0.08053993125 0.183228175 0.07074454375 0.136972221875 0.0859818953125 0.12554414687499998 0.1001307046875 0.125 0.38093204375 0.12826512968749998 0.391271578125
2 0.5668717765625 0.7700337296875001 0.5843271328124999 0.761056546875 0.5957978671874999 0.7485885421875 0.5918080359375 0.739611359375 0.5843271328124999 0.735621528125 0.5648767359375 0.7196624500000001 0.5284697421875 0.7076929562500001 0.5169990078125 0.699214534375 0.521986359375 0.696222221875 0.54143675625 0.7022068453125 0.5554010421875 0.7061966765625 0.581334821875 0.7196624500000001 0.6002864578125 0.731631696875 0.6082661203125 0.707194196875 0.6032787703125 0.6852502484375 0.586321925 0.6543291171875001 0.5698640875 0.6493420140625 0.5224851187499999 0.659815228125 0.43869890937499995 0.6832554562500001 0.43869890937499995 0.6927311515625 0.4267296625 0.700212053125 0.426230903125 0.711184028125 0.42323834375 0.7391125984375 0.42074479218749994 0.783998015625 0.422241071875 0.8004561015625 0.4252333828125 0.8293821921875001 0.43869890937499995 0.8338707843750001 0.4771009421875 0.8383593749999999 0.5075233140625001 0.8378606156249999 0.5209888390625 0.8313772328125 0.5294672625 0.7705324906250001 0.534454365625 0.767540178125 0.5474213796875 0.7715300093749999 0.5668717765625 0.7700337296875001