5 0.6828249015625001 0.2822638890625 0.664205853125 0.2502390875 0.6321813 0.20629836250000003 0.5971775796875 0.172039434375 0.60164608125 0.15863368125 0.59941170625 0.1318224203125 0.5115302578125 0.077455109375 0.49886929531249996 0.08639211249999999 0.4757817453125 0.1236299609375 0.4154561015625 0.11245858125 0.411732390625 0.10128720312499999 0.4027953875 0.09011582343749999 0.36183358125 0.08862648749999999 0.3335327375 0.08937103125 0.30374231093750004 0.078199653125 0.3059766859375 0.0923501984375 0.29778422656250003 0.11543774843750002 0.2925709328125 0.13331200468749999 0.3119345234375 0.1422490078125 0.33725644843749997 0.15044146875 0.3640677078125 0.1727842265625 0.37821825468750003 0.1765079359375 0.39534771874999997 0.172039434375 0.45641790625 0.1809766859375 0.460141865625 0.192148065625 0.46312078437500004 0.20629836250000003 0.4757817453125 0.2211937 0.5323834328125 0.2390677078125 0.544299603125 0.2338544140625 0.5539813984374999 0.2360887890625 0.56589756875 0.2293859125 0.5852614093749999 0.213001240625 0.6210099203125 0.24055729218750002 0.6366498015625 0.25694196406250003 0.64558680625 0.3127991078125 0.707402034375 0.99425396875 0.74463988125 0.994998759375 0.68580381875 0.312054315625 0.6828249015625001 0.2822638890625
5 0.6098385421875 0.8728581343749999 0.6098385421875 0.911585565625 0.6448422625 0.9719112109375001 0.661226934375 0.99425396875 0.702933284375 0.9927643843749999 0.70069915625 0.9532921625 0.6954858625 0.8899875984375001 0.6850592765625 0.8050850687500001 0.6359050093749999 0.8050850687500001 0.628457340625 0.8177460312499999 0.6150518359375 0.85126016875 0.6098385421875 0.8728581343749999
5 0.6135622515625 0.7834871031249999 0.5577053578125 0.7983821921875001 0.5629186515625 0.8117879468750001 0.5770689484375 0.8430677078125 0.5979223703125001 0.8393439984375 0.61430704375 0.8333859125 0.6448422625 0.8102983625 0.656013640625 0.8035954859375 0.6887829859375 0.8058298609375001 0.68580381875 0.7224166671875001 0.6314365078125 0.7350776296875 0.6217547125 0.7410357140625 0.6180307546875 0.7596547625000001 0.6135622515625 0.7834871031249999
5 0.533873015625 0.7700813484375 0.5078063 0.75444146875 0.5078063 0.768591765625 0.4936560015625 0.7819975203125 0.46535515937499994 0.786466021875 0.4430124015625 0.7857212296875 0.42066964218749997 0.7775290171875 0.41471155781249996 0.7827423109375 0.422158978125 0.8080639875 0.42364856093750003 0.8341307046875001 0.4214141859375 0.8430677078125 0.40428472187500003 0.8423229171875001 0.39311334375 0.8475364578125 0.388644840625 0.865410465625 0.38268675625 0.87434771875 0.3625783734375 0.888498015625 0.3543859125 0.8966904765624999 0.34917261875 0.9153095234374999 0.34917261875 0.939141865625 0.3461937 0.9704216265625 0.34693824375000004 0.9912750499999999 0.381197171875 0.9987224703124999 0.42364856093750003 0.9972331343749999 0.437054315625 0.99201959375 0.4251381453125 0.9130751484375 0.526425346875 0.9197780265625 0.541320684375 0.9197780265625 0.551747271875 0.98382738125 0.5510024796875 0.99648834375 0.57632415625 0.999751984375 0.583771825 0.9436103671874999 0.5532366078125001 0.8184908234374999 0.5398311015624999 0.8184908234374999 0.533873015625 0.7700813484375
5 0.4541837796875 0.4885622515625 0.46312078437500004 0.5049469249999999 0.48397420625 0.5153735125 0.49886929531249996 0.5347373515625 0.5204672625 0.5421850203125 0.5584501484375 0.526544890625 0.564408234375 0.4960099203125 0.5539813984374999 0.458027034375 0.546533978125 0.43791865156250004 0.5383415171875 0.4073834328125 0.51748834375 0.3813169640625 0.47131324374999994 0.3686560015625 0.432585565625 0.40663864062500005 0.43407514843749995 0.43270535781249997 0.434819940625 0.43419469218750006 0.4541837796875 0.4885622515625
5 0.281565971875 0.6139037703125 0.325710565625 0.6156696421875 0.3516088796875 0.6097837296875 0.376918403125 0.601543403125 0.3904561015625 0.5968345734375 0.41458829374999995 0.58153125 0.4434295640625 0.5538673109375 0.4410751484375 0.5338549109375 0.4375436515625 0.5144313 0.43048040624999995 0.5050138890625 0.42047420625000004 0.5026594734375001 0.4039938 0.49559647812499996 0.38692435468749997 0.48323586250000006 0.3622033734375 0.48264732187500003 0.31864756875 0.48205877968750005 0.276857390625 0.49736210312500007 0.2650853171875 0.5197286703125 0.24801612031250003 0.551512896875 0.281565971875 0.6139037703125
5 0.250959078125 0.49677356093749997 0.268028521875 0.4873561515625 0.2839203875 0.475584078125 0.2839203875 0.46263516875 0.2591994046875 0.455571925 0.253902034375 0.44909747031249997 0.22918129999999998 0.4438000984375 0.203871528125 0.4420342265625 0.1873908734375 0.43555977187500006 0.1703216765625 0.426730903125 0.17326463281249999 0.459103421875 0.203871528125 0.4708754953125 0.2185865578125 0.7127876984375 0.23212425625000002 0.6980729171875 0.263908234375 0.69218675625 0.272737103125 0.6757063484375 0.28038888906250004 0.6539283234375 0.28921775781250003 0.6256755953125 0.2674397328125 0.5950687 0.2433075390625 0.6609913187500001 0.2362442953125 0.46793253906250004 0.2403645828125 0.47205257968750003 0.2403645828125 0.48617881875 0.250959078125 0.49677356093749997
5 0.2939265875 0.6580483625 0.2903950890625 0.6727631453125 0.29274925625 0.6915982140625 0.2986354171875 0.7186736109375 0.30040104218749997 0.722205109375 0.311584325 0.769292659375 0.323944940625 0.7946021828125 0.34395709375 0.8051969250000001 0.3574947921875 0.802842509375 0.369855159375 0.7910706843749999 0.3851587296875 0.7687041171875 0.388690228125 0.7528120046875 0.37162103125 0.743983134375 0.3592604171875 0.7216165671875 0.3545518359375 0.6957185015625 0.3521974203125 0.68041493125 0.345722965625 0.6621686515625 0.347488590625 0.6480424109375 0.3533745046875 0.6215555562499999 0.33983680625 0.626264384375 0.328653521875 0.63332738125 0.30510987031250003 0.63332738125 0.2921607140625 0.6268529265625 0.288629215625 0.6439221234375 0.29451512968750004 0.654516865625 0.2939265875 0.6580483625
5 0.3633807046875 0.617435515625 0.35572891875 0.6274414687500001 0.36396924531249997 0.6456879953125 0.3622033734375 0.6527509921875 0.3516088796875 0.6680545640625 0.35396329375 0.69218675625 0.3592604171875 0.6998385421875 0.3792728171875 0.7257368546875 0.391633184375 0.7422172625 0.41399975156249996 0.74633755 0.41635416718749996 0.7428060515625 0.4151770828125 0.7304454359375 0.42047420625000004 0.71985069375 0.42812599218749997 0.7092562 0.4263603671875 0.6974841265625 0.4222400796875 0.6657001484375 0.42459449375 0.6468650796875 0.43460069375000004 0.63332738125 0.407525296875 0.6256755953125 0.39751909687500003 0.6239099703125001 0.395753471875 0.6168467265625 0.38692435468749997 0.6215555562499999 0.3822157734375 0.619201140625 0.3633807046875 0.617435515625
5 0.5941096234375001 0.8587589281250001 0.570565971875 0.855815971875 0.5740974703124999 0.88112574375 0.5852807546875 0.8793598703125 0.5941096234375001 0.8587589281250001
5 0.3839813984375 0.841101190625 0.33983680625 0.8475756453125 0.347488590625 0.8611133437499999 0.3898673109375 0.859936259375 0.3839813984375 0.841101190625
5 0.231535465625 0.2360262890625 0.228592509375 0.2242544640625 0.229769840625 0.2083623515625 0.222706596875 0.20129935468750002 0.1944541171875 0.198944940625 0.19092261875 0.2242544640625 0.18091641875 0.2572157734375 0.1862137890625 0.27134201406249997 0.1944541171875 0.27781646875 0.1997514875 0.367871528125 0.234478421875 0.373757440625 0.23094692499999997 0.28193675625000003 0.23094692499999997 0.27899379999999996 0.23859871093749999 0.257804315625 0.231535465625 0.2360262890625
5 0.2450731640625 0.2454437 0.2444846234375 0.2530954859375 0.23918725156249998 0.27487351250000003 0.234478421875 0.29370858125 0.2421302078125 0.300771578125 0.2433075390625 0.3084233625 0.23918725156249998 0.3419732140625 0.2421302078125 0.357865328125 0.270971478125 0.3543338296875 0.2762688484375 0.33667584375000004 0.27038268906249996 0.3154866078125 0.263908234375 0.29547420625 0.279800346875 0.2931200390625 0.291572171875 0.300771578125 0.29333804531249996 0.3013603671875 0.3062869546875 0.275462053125 0.338659721875 0.2801708828125 0.3663236609375 0.2701646828125 0.3833928578125 0.2831138390625 0.398696428125 0.253684028125 0.4134112109375 0.24956398750000003 0.4251830359375 0.2454437 0.39634201406249997 0.22896329375 0.3881016859375 0.21719122031250002 0.3722095734375 0.20365352187500002 0.34277976250000003 0.186584325 0.34395709375 0.17128100156249998 0.33512822343750004 0.16009771875 0.31923611093750004 0.1530344734375 0.3009895828125 0.14891443437500002 0.30040104218749997 0.17128100156249998 0.325710565625 0.186584325 0.3245334828125 0.19364756875 0.3045213296875 0.1924702375 0.288629215625 0.19129315468750002 0.284508928125 0.1983561515625 0.27156002031250004 0.21307118125 0.2745029765625 0.24132366093750002 0.2603767359375 0.243089534375 0.2450731640625 0.2454437
5 0.3981076390625 0.2154255953125 0.44401810468749997 0.21895709375 0.46167584375 0.2142482640625 0.45402430625 0.1965905265625 0.44872693437500005 0.1801098703125 0.4010505953125 0.17834399843749998 0.371032490625 0.1789325390625 0.3722095734375 0.18187574374999999 0.3981076390625 0.2154255953125
5 0.3904561015625 0.07946031718749999 0.4051708828125 0.0912321421875 0.42047420625000004 0.10712425625 0.45578993125 0.1183075390625 0.46167584375 0.11418725156250001 0.4840424109375 0.080048859375 0.49051711249999996 0.0735744046875 0.43872073437500003 0.072985615625 0.41458829374999995 0.0723970734375 0.409290921875 0.071219990625 0.3904561015625 0.07946031718749999
5 0.5434905750000001 0.2601587296875 0.5623256453125001 0.250741071875 0.5829263390625 0.2583928578125 0.5999955359375 0.2560384421875 0.6082358625000001 0.23661483125 0.54231324375 0.24250074375000003 0.5370158734375 0.2501525296875 0.539959078125 0.2589813984375 0.5434905750000001 0.2601587296875
5 0.4710935015625 0.3066577375 0.4869853671875 0.3219610609375 0.5087633921875 0.3249040171875 0.533484375 0.394358134375 0.5670342265625 0.49853943437500003 0.5788063 0.53915228125 0.59528670625 0.536209325 0.58940079375 0.5138427578125 0.5481994046875001 0.3761118546875 0.5264213796874999 0.3213725203125 0.5275984625000001 0.3143092765625 0.5328958328125 0.2978286203125 0.5323072921875001 0.279582340625 0.497580109375 0.24132366093750002 0.49522569375 0.2283745046875 0.4840424109375 0.22660887968750001 0.453435515625 0.243678075 0.453435515625 0.24779811562499998 0.46167584375 0.2648673109375 0.4710935015625 0.3066577375
5 0.395753471875 0.30253745 0.42459449375 0.33844171562500003 0.41282266874999995 0.37022569375000003 0.4222400796875 0.38140897812499996 0.435777778125 0.38788368125 0.46285317499999995 0.3631626984375 0.4999345234375 0.37022569375000003 0.485808284375 0.3443276296875 0.47756795625 0.3243154765625 0.4681505453125 0.3154866078125 0.46285317499999995 0.2860567953125 0.44931547656250004 0.26192435468749997 0.4393092765625 0.25250694375 0.4169427078125 0.2501525296875 0.3898673109375 0.27134201406249997 0.388690228125 0.282525296875 0.388690228125 0.28958829375 0.395753471875 0.30253745
5 0.3245334828125 0.3843521828125 0.341602678125 0.39906696406250003 0.34984300625000003 0.40259846250000003 0.3633807046875 0.40259846250000003 0.3780954859375 0.39906696406250003 0.394576140625 0.420844990625 0.401639384375 0.444388640625 0.40046205312499994 0.44615451406249995 0.3922217265625 0.4549833828125 0.388690228125 0.48029290625 0.3981076390625 0.4897103171875 0.425771578125 0.500305059375 0.43872073437500003 0.5150200890625001 0.44990401718750006 0.5367978671875 0.46756175625 0.532677828125 0.4734479171875 0.5179630453125 0.46756175625 0.509133928125 0.45578993125 0.49677356093749997 0.441663690625 0.45321750937500005 0.42871453437499996 0.42143353125000005 0.429891865625 0.40377579375000006 0.4134112109375 0.3761118546875 0.4228286203125 0.3472705859375 0.41576562499999997 0.32666989062499996 0.3863358140625 0.2978286203125 0.3663236609375 0.28134796562500003 0.35690625 0.2772279265625 0.33218526718749997 0.284290921875 0.321001984375 0.282525296875 0.3039325390625 0.29370858125 0.3015783734375 0.3084233625 0.29686954375 0.3213725203125 0.284508928125 0.3402075890625 0.3245334828125 0.3843521828125
5 0.40046205312499994 0.5991889875 0.401639384375 0.6086063984375001 0.4110567953125 0.610372271875 0.4404866078125 0.628030009375 0.463441715625 0.6356817953125 0.48639682500000003 0.6598142359375 0.51876959375 0.666288690625 0.5640912703125001 0.6827693453125 0.5958754953125001 0.6833578874999999 0.6058814484374999 0.6574598218750001 0.5970525796875 0.6439221234375 0.567623015625 0.63156175625 0.5411361609374999 0.6121381453125 0.550553571875 0.5809424609375 0.5452562000000001 0.5615188484375 0.5299528765625 0.5591646828125 0.54231324375 0.5903601187499999 0.5429020343750001 0.598600446875 0.5328958328125 0.6009548609375 0.516415178125 0.59624603125 0.5028774796875 0.5850627484375 0.5011118546875 0.5615188484375 0.49404861093749997 0.572113590625 0.4852197421875 0.5809424609375 0.4705049609375 0.5809424609375 0.45873288749999996 0.5791768359375 0.44813814531249996 0.5727021328124999 0.43283482187500005 0.5697591765625 0.42753745 0.57858829375 0.4116453375 0.5868283734374999 0.40046205312499994 0.5991889875
5 0.442360615625 0.6414942953125 0.427363590625 0.6492348703124999 0.423976934375 0.6661671625000001 0.42494469218750003 0.680196925 0.43171750937500003 0.7048697921875 0.43413640937500003 0.7121264875 0.42300942499999994 0.7261562500000001 0.423493303125 0.7551830359375 0.43800669687499993 0.7629236109375 0.45590649843750003 0.7624397328125 0.4776768359375 0.75469915625 0.5033172125 0.7401857640625 0.49509300625 0.7184156749999999 0.4941252484375 0.693258928125 0.480095734375 0.6927752968750001 0.46945238125 0.65020238125 0.465582340625 0.6477834828125 0.4602606640625 0.642462053125 0.442360615625 0.6414942953125
5 0.6016071421875 0.4996587296875 0.595376984375 0.50215079375 0.6053452375 0.52520238125 0.60409920625 0.542023809375 0.6003611109375 0.55074603125 0.6090833328125 0.56445238125 0.6153134921875 0.571928571875 0.634626984375 0.5762896828125 0.6383650796875 0.5800277781250001 0.637119046875 0.6080634921875 0.6315119046875 0.6255079359375 0.643972221875 0.6479365078125 0.6626626984375 0.6466904765625 0.6745 0.6466904765625 0.65705555625 0.46913095312499997 0.6327579359375 0.4678849203125 0.6315119046875 0.477230159375 0.6315119046875 0.4909365078125 0.6016071421875 0.4996587296875
5 0.6016071421875 0.4809682546875 0.626527778125 0.4672619046875 0.63525 0.462277778125 0.65269444375 0.456670634375 0.6483333328125 0.4286349203125 0.6477103171875 0.3875158734375 0.6383650796875 0.360103175 0.6221666671875 0.376924603125 0.5903928578125 0.39436904687499996 0.572325396875 0.4055833328125 0.562980159375 0.40745238125 0.5829166671875 0.48844444375 0.6016071421875 0.4809682546875
5 0.539380953125 0.776574653125 0.5627482640625 0.7952686015625 0.5970203374999999 0.7773536703125 0.6149352671874999 0.7399657734375 0.5954625499999999 0.7017991078125 0.5323705359375001 0.6963467265625 0.5222447921875 0.7189352671875 0.5199079859375 0.7298400296875001 0.539380953125 0.776574653125