1 0.41378125 0.231508928125 0.41103844218749996 0.2279595734375 0.4079732140625 0.22699156718750002 0.334890625 0.24489930625 0.33311607187500003 0.24909399843750002 0.33424528750000004 0.25344990156249997 0.33602008906249997 0.2582896828125 0.339246528125 0.2616775796875 0.342634425 0.26216170625 0.41216790625 0.2437700890625 0.415071925 0.2419952875 0.41491046562499995 0.23634871093749998 0.41378125 0.231508928125
1 0.33408407812499996 0.2452219734375 0.3803859125 0.233444940625 0.38103100156249997 0.232799603125 0.37893377968749997 0.23102505 0.2611626984375 0.2487713296875 0.2592266859375 0.25135243125 0.2590654765625 0.25603100156249997 0.2600334828125 0.25990302656250003 0.2634213796875 0.26329092187500003 0.33263194375 0.25296577343750004 0.332470734375 0.24925520781250002 0.332470734375 0.2481259921875 0.33408407812499996 0.2452219734375
1 0.3039112109375 0.2802075890625 0.30192485156250004 0.2818881453125 0.30054985156249997 0.2852495046875 0.31002256875 0.287235615625 0.315064484375 0.28769394843749996 0.3230091765625 0.2883053078125 0.3503578875 0.276387896875 0.43087549531249997 0.244761409375 0.43805630000000007 0.24124752031250002 0.3039112109375 0.2802075890625
1 0.5050099203125 0.2325778765625 0.50988988125 0.23090823437500002 0.5111743546875 0.22769766875 0.5109174109375 0.22487227187499997 0.50976165625 0.22140476250000002 0.5070647328125 0.22179017812500001 0.41960714218749995 0.2595471234375 0.5050099203125 0.2325778765625
1 0.760534721875 0.172637153125 0.679970734375 0.2541217765625 0.7184114578125 0.23962028750000003 0.7748060515625 0.17655034687499999 0.760534721875 0.172637153125
1 0.65846800625 0.2876979171875 0.665285465625 0.2891748515625 0.688237846875 0.265540921875 0.69539608125 0.26690451406250004 0.7074402281250001 0.252928571875 0.6798296125000001 0.26338219218750003 0.6591498015624999 0.2851981640625 0.65846800625 0.2876979171875
1 0.6434330359375 0.268514384375 0.64647891875 0.275247271875 0.839488590625 0.201505953125 0.8398092765625 0.1981396328125 0.8358015875 0.1965364578125 0.6434330359375 0.268514384375
1 0.7810672125 0.19662574375 0.779308284375 0.1960704359375 0.7779196421875 0.19671825468749998 0.7756979171875 0.1988474703125 0.7742167656250001 0.199310515625 0.7376502968749999 0.23319221250000002 0.7552393359375 0.22652703437500002 0.782455853125 0.2009766859375 0.7814375 0.1990327375 0.7810672125 0.19662574375
1 0.72089459375 0.2489298109375 0.7294112109374999 0.2516143359375 0.7407978671875 0.23976488125 0.7260786203125 0.24485639843749998 0.723671875 0.2468005953125 0.72089459375 0.2489298109375
1 0.6585086812500001 0.302444196875 0.581241815625 0.1366884921875 0.5690079359375 0.13346924531249998 0.5677202375 0.137700396875 0.6705560515625 0.37822321406250003 0.7377068453125 0.5393854171875 0.760574653125 0.5419263390625 0.763478421875 0.5372075890625 0.6585086812500001 0.302444196875
2 0.515873015625 0.76240079375 0.52157738125 0.7609126984375 0.5245535718750001 0.7586805562500001 0.5275297625 0.7522321421875 0.52802579375 0.74404761875 0.53075396875 0.5404265875 0.531994046875 0.502728175 0.5327380953125 0.36607142812500004 0.5324900796875001 0.3417658734375 0.531994046875 0.33779761875 0.530505953125 0.33506944375000003 0.5248015875 0.3387896828125 0.5205853171875 0.3452380953125 0.5178571421875 0.3613591265625 0.509424603125 0.572420634375 0.5014880953125 0.7165178578125 0.5012400796875001 0.7574404765625 0.5037202375 0.759920634375 0.5106646828125 0.762152778125 0.515873015625 0.76240079375
2 0.2972008921875 0.29861681562500003 0.24969717187499998 0.287991071875 0.125 0.2856470734375 0.125 0.298929315625 0.292981646875 0.3006483140625 0.2972008921875 0.29861681562500003
2 0.301107390625 0.2856470734375 0.1271877484375 0.24595659687500002 0.125 0.24501909687499998 0.12515625 0.2589263390625 0.29876339218750003 0.298929315625 0.3220466265625 0.289397321875 0.301107390625 0.2856470734375
2 0.188919146875 0.34915550624999997 0.1898787203125 0.35232266874999996 0.1916063984375 0.3542423109375 0.1933338296875 0.355201884375 0.1959250984375 0.3553938484375 0.20024404687500003 0.35337847187500004 0.2223182046875 0.3433970734375 0.3124345234375 0.304529265625 0.37217261874999996 0.27909722187499997 0.42011359062500003 0.2589685015625 0.512320684375 0.21946403750000001 0.5810483625 0.19327505 0.58970386875 0.1899201390625 0.58764756875 0.18407638906249998 0.5284516375 0.2051790671875 0.4789955359375 0.2246584828125 0.38106374062500004 0.2644875984375 0.29698189531249997 0.2997671125 0.207701140625 0.3368861609375 0.1972688484375 0.3420533234375 0.1893990578125 0.345028521875 0.18853521875 0.34646825468750003 0.1887271828125 0.348099703125 0.188919146875 0.34915550624999997
2 0.214044146875 0.36539186562500003 0.21626463281250002 0.36472569374999997 0.380909721875 0.39592881874999997 0.3996733625 0.3993705359375 0.41077604218749997 0.3997036203125 0.426097965625 0.399481646875 0.4413087796875 0.3967061015625 0.45285565468750005 0.39404141875 0.46262599218749995 0.389711309375 0.47150818437500003 0.38371577343749996 0.477392609375 0.3779422125 0.527019840625 0.33541443437499996 0.6188395343749999 0.2581391375 0.6145094249999999 0.2478134921875 0.6130662203125 0.24870188437500002 0.561105159375 0.2898931046875 0.48760491093749997 0.34940377031250003 0.46385391875000004 0.3683896328125 0.45863566406249995 0.372386409375 0.4531954359375 0.375051090625 0.450974703125 0.376938740625 0.44064930625 0.379825396875 0.431544890625 0.38249007968750004 0.42111507968749995 0.382934028125 0.40379464218749994 0.3830451390625 0.393580109375 0.381712796875 0.3370672125 0.37205332343749997 0.2277026296875 0.35317881875 0.21560069375 0.3509580859375 0.212380953125 0.34862648749999997 0.198722221875 0.35428893906250003 0.1983891375 0.3583970734375 0.2012760421875 0.363393353125 0.2041626984375 0.36539186562500003 0.214044146875 0.36539186562500003
2 0.48807638906250006 0.390238590625 0.4892321421875 0.3944283234375 0.49183283749999995 0.3977514875 0.49616716250000004 0.3997740578125 0.49920138906249995 0.3996297125 0.5029578375 0.3977514875 0.5055582843749999 0.3950064484375 0.50685863125 0.3900939984375 0.5132157734375 0.348628471875 0.49226636875 0.36553249062500004 0.489665675 0.38460391875 0.48807638906250006 0.390238590625
2 0.528097221875 0.2339119546875 0.52636334375 0.23044444375 0.5243407734375001 0.228710565625 0.5215954859374999 0.2281326890625 0.5178390375 0.22885515937499998 0.5145161203125 0.2320337296875 0.4968896328125 0.3409709828125 0.514805059375 0.3268120046875 0.5276636906250001 0.2362237109375 0.528097221875 0.2339119546875
2 0.527808284375 0.23318948437499998 0.52015079375 0.2956046625 0.519283978125 0.3232001484375 0.5327204859375 0.3120751484375 0.5309868546875001 0.2125290171875 0.521451140625 0.216285465625 0.52231795625 0.22798834375000002 0.5252075890625 0.22784374999999998 0.5267968749999999 0.2295776296875 0.527808284375 0.23318948437499998
2 0.5305776296875 0.16462896875 0.5289635421875001 0.1623231640625 0.5264273312500001 0.161862103125 0.5240062 0.162669146875 0.5220463796875 0.16462896875 0.5220463796875 0.2072849703125 0.531038690625 0.20325000000000001 0.53069295625 0.16681944375 0.5305776296875 0.16462896875
2 0.874751984375 0.42600992031249996 0.874751984375 0.41132614062500006 0.863087053125 0.40902604218749994 0.6902415671875 0.3724047625 0.6976718749999999 0.3877963796875 0.874751984375 0.42600992031249996
2 0.6516036703125 0.286362846875 0.6562919140625 0.29713318437499997 0.817975446875 0.29472569375 0.8221567453124999 0.29472569375 0.8244374999999999 0.29345858125 0.82507118125 0.2905443953125 0.8253246531249999 0.28762996093750004 0.82494444375 0.2854759421875 0.8240575390625 0.2839553578125 0.82241021875 0.283068453125 0.6690895343750001 0.2858561515625 0.6647814984375 0.29003745 0.657559028125 0.2883901296875 0.6574322921875 0.28661631875000004 0.6516036703125 0.286362846875
2 0.6716954359375 0.38274925625 0.665290178125 0.367129215625 0.5412371031250001 0.34105828437499996 0.532809028125 0.3384734625 0.53314608125 0.3528576390625 0.621576140625 0.3718489578125 0.6716954359375 0.38274925625
2 0.5627817453125 0.2883958328125 0.5322442953125 0.28922122968749997 0.5330696921875 0.3006579859375 0.546746528125 0.300540178125 0.5627817453125 0.2883958328125
2 0.569855903125 0.2999506453125 0.636590278125 0.298771578125 0.6311666671875 0.2870989578125 0.5828256453125 0.2879243546875 0.569855903125 0.2999506453125
2 0.447923115625 0.3765235609375 0.5079404765625 0.26762425625 0.51322495 0.24063541718749998 0.45094295625 0.3434950390625 0.428294890625 0.38124181562500004 0.4337681046875 0.3819967765625 0.44509226249999995 0.3793544140625 0.447923115625 0.3765235609375
2 0.49656547656249994 0.34150545625 0.4984516375 0.3314853671875 0.4762896828125 0.32641641875 0.470277778125 0.33832266875 0.493736359375 0.34386309531250003 0.49656547656249994 0.34150545625
2 0.426543403125 0.3241768359375 0.42689682500000004 0.328066715625 0.45554241093750003 0.3354935515625 0.46332266874999994 0.32323363125000004 0.42901884843750004 0.3159248515625 0.42878298593749997 0.3181646828125 0.42784002968749996 0.3199330359375 0.426543403125 0.3241768359375
2 0.3427311515625 0.29458829375 0.3486252484375 0.29482390937499997 0.3745595234375 0.3021326890625 0.4745213296875 0.301543403125 0.48324479218749994 0.2895193453125 0.4718100203125 0.2892834828125 0.3498040671875 0.2890478671875 0.338841021875 0.293880953125 0.3427311515625 0.29458829375
2 0.49185243125 0.3006001984375 0.5025798609375001 0.30095386875 0.504466021875 0.289165675 0.49727505 0.289637153125 0.49185243125 0.3006001984375
2 0.345080109375 0.2948174609375 0.3380317453125 0.293966765625 0.31712946406250003 0.30429613125 0.34386483125 0.308428075 0.3436217765625 0.3028380453125 0.345080109375 0.2976123515625 0.345080109375 0.2948174609375
2 0.671366815625 0.213507440625 0.7376661703125 0.1568454859375 0.7381483140625 0.154313740625 0.737184028125 0.15262574375 0.735616815625 0.1519025296875 0.7335672125 0.151299603125 0.73091493125 0.152384671875 0.628079365625 0.23689558593750001 0.632908978125 0.2462991078125 0.6520776296874999 0.2299032734375 0.6524392359375 0.22423710312499998 0.670643353125 0.20928794687500002 0.671366815625 0.213507440625
2 0.6324030265625 0.1739494046875 0.6333154765625 0.1716686515625 0.6331634421875 0.1703000984375 0.6324030265625 0.169235615625 0.6305024796875001 0.1686274796875 0.6013841765625 0.1794233625 0.6040451390625 0.1849732140625 0.63073040625 0.17463368125 0.6324030265625 0.1739494046875