3 0.2207916671875 0.7050314984375 0.25023040625 0.6409169140625 0.32085540625000003 0.49033581406250004 0.32156324375 0.48707862031250004 0.3140620046875 0.48523784687499993 0.3031639390625 0.47773239062500006 0.2070629953125 0.4521009421875 0.2070629953125 0.45394171562499996 0.21612103125 0.4567740578125 0.221923859375 0.462296875 0.2237638890625 0.46357118125 0.1770577875 0.55458680625 0.137857390625 0.6318596234375 0.015285465625 0.874751984375 0.14160391875 0.874751984375 0.1582338796875 0.8380758921875 0.190503471875 0.7694295640625 0.21017658749999998 0.72696949375 0.2207916671875 0.7050314984375
4 0 0.637896825 0.0017361109374999999 0.637896825 0.0076884921875 0.6321924609375 0.0109126984375 0.625248015625 0.018105159375 0.6183035718750001 0.02529761875 0.61532738125 0.031994046875 0.605902778125 0.0488591265625 0.5895337296875 0.05927579375000001 0.57762896875 0.0709325390625 0.560019840625 0.077380953125 0.553075396875 0.081101190625 0.543402778125 0.0853174609375 0.5399305562500001 0.093501984375 0.528521825 0.093501984375 0.52157738125 0.100446428125 0.5101686515625 0.10019841249999999 0.5076884921875 0.0984623015625 0.506200396875 0.08556547656249999 0.5012400796875001 0.0761408734375 0.49925595312500004 0.07217261875 0.5 0.06646825468749999 0.5054563484375 0.06423611093750001 0.506200396875 0.052579365625 0.5017361109375 0.0483630953125 0.502480159375 0.0426587296875 0.5069444437499999 0.030505953125000002 0.5245535718750001 0.0324900796875 0.52802579375 0.037450396875 0.528769840625 0.0456349203125 0.5322420640625001 0.046626984375 0.533730159375 0.0349702375 0.5481150796875001 0.03125 0.5553075390625 0.025049603124999997 0.5625 0.0228174609375 0.5672123015625 0.0178571421875 0.571924603125 0.01240079375 0.5823412703125 0.00967261875 0.5845734125 0.0034722218749999997 0.593501984375 0 0.594494046875 0 0.637896825
3 0.0079365078125 0.71924603125 0.000304315625 0.7313514390625 0 0.7549603171875 0.002480159375 0.7547123015625 0.006696428124999999 0.752480159375 0.0208333328125 0.75049603125 0.0334821421875 0.7462797625 0.04092261875 0.7450396828125 0.0481150796875 0.7410714281249999 0.057539682812500006 0.740575396875 0.061755953125 0.7385912703125 0.062003968750000006 0.7356150796875001 0.0624938 0.734193453125 0.0610734125 0.718866071875 0.05853174531250001 0.703125 0.05456349218749999 0.6961805562500001 0.05009920624999999 0.6917162703125 0.041391865625 0.6921865078125 0.029319196875 0.68376165625 0.0238095234375 0.688244046875 0.0230654765625 0.6897321421875 0.0166170640625 0.6954365078125 0.0133928578125 0.703125 0.013144840625000001 0.706597221875 0.0091765875 0.7123015875 0.0079365078125 0.71924603125
3 0.068868303125 0.7123303578125 0.0709325390625 0.721726190625 0.07217261875 0.722222221875 0.0739087296875 0.721230159375 0.078869046875 0.713045634375 0.081597221875 0.7115575390625 0.08630952343750001 0.7108134921875 0.0957341265625 0.7113095234375 0.1014384921875 0.7041170640625001 0.108630953125 0.6887400796875001 0.11040054531250001 0.6849657734375 0.0945228171875 0.6432542156250001 0.08581349218749999 0.653273809375 0.0639880953125 0.6770833328125 0.0570577875 0.685109375 0.072387896875 0.6992740578125 0.0698067953125 0.7033306046875001 0.06042113125 0.6972264390625 0.068868303125 0.7123303578125
3 0.10292658750000001 0.6421130953125 0.1073908734375 0.6495535718750001 0.105902778125 0.65575396875 0.1083829359375 0.6609623015625 0.10987103125 0.668402778125 0.11259920625 0.6708829359374999 0.11334325468749999 0.67237103125 0.112847221875 0.6741071421875 0.11507936562500001 0.67509920625 0.11631944375 0.674355159375 0.1170634921875 0.6703869046875 0.11954365156249999 0.66865079375 0.1207837296875 0.6646825390625 0.1230158734375 0.662450396875 0.1287202375 0.6507936515625 0.12847222187500001 0.6478174609375 0.1329365078125 0.6448412703125 0.134424603125 0.6359126984375 0.1458333328125 0.615575396875 0.146329365625 0.61259920625 0.1488095234375 0.609623015625 0.1485615078125 0.60615079375 0.1453373015625 0.6049107140625 0.1287202375 0.609623015625 0.1262400796875 0.6113591265625 0.12475198437499999 0.61532738125 0.1230158734375 0.6170634921875 0.11855158750000001 0.6185515875 0.10813492031250001 0.6314484125 0.1046626984375 0.6331845234375 0.10615079375 0.6361607140625 0.10565476250000001 0.6393849203124999 0.10391865156249999 0.64012896875 0.10292658750000001 0.6421130953125
3 0 0.7172619046875 0.0014526296875 0.7143648312499999 0.0034722218749999997 0.7080853171875 0.006200396875 0.70362103125 0.00595238125 0.700148809375 0.00967261875 0.6944444437499999 0.011408729687499999 0.6884920640625001 0.013888889062500001 0.686755953125 0.0178571421875 0.6860119046875 0.0228174609375 0.6800595234375 0.0198412703125 0.6736111109375 0.014136904687499998 0.671626984375 0.009424603125 0.672123015625 0.0079365078125 0.6696428578125 0.009920634375 0.6681547625 0.005704365625 0.662450396875 0.0017361109374999999 0.6607142859375 0 0.6607142859375 0 0.7172619046875
3 0.08281795625 0.5736773312500001 0.081662946875 0.569802828125 0.0804399796875 0.567497271875 0.08084771874999999 0.5599516375 0.0823422625 0.5525424109375 0.033222221875 0.6081302078124999 0.000271825 0.6423000984375 0 0.6550796125 0.0260885421875 0.6768320937500001 0.042597965625 0.6911639390625 0.045043651562499995 0.6922517359375 0.048508681250000005 0.6904161703125 0.051430059375 0.6900084328125 0.0945734125 0.6421641859375 0.09239930625000001 0.638085565625 0.0913122515625 0.63373511875 0.0464045140625 0.6864737109375 0.025275296875 0.665950396875 0.0651557546875 0.6225982140624999 0.08302380937500001 0.6021540171875001 0.084584325 0.6001326890625001 0.083361359375 0.5885642359375 0.0828859125 0.582378471875 0.08254613125 0.5774841265624999 0.08281795625 0.5736773312500001
3 0.0845009921875 0.5633799609375 0.0842053578125 0.566115575 0.0862006453125 0.5726098703125 0.088048115625 0.595518353125 0.16748487031249998 0.5041063984374999 0.1620905265625 0.5024060015625 0.1603169640625 0.50351488125 0.150636409375 0.517637153125 0.14553745 0.518819940625 0.14428125 0.5153449906249999 0.14531572343750002 0.5146795640625 0.14553745 0.51297891875 0.1428033234375 0.5100954859375 0.1401431046875 0.5083948406250001 0.13630034687499998 0.5059548609375 0.134157490625 0.5048459828125 0.133048859375 0.5075815968749999 0.135044146875 0.510021578125 0.1364481640625 0.512461309375 0.1358571421875 0.5140141375 0.1309060015625 0.511056546875 0.12780233125 0.5063985609375 0.125363590625 0.5016666671875 0.08856522812499999 0.5454727187499999 0.0862006453125 0.55051488125 0.0850922625 0.5556165671875 0.0845009921875 0.5594613093749999 0.0845009921875 0.5633799609375
3 0.1085756453125 0.6268874015625 0.1807859625 0.5470312500000001 0.200060515625 0.5088509421875 0.0943874015625 0.6297991078125 0.097377728125 0.638919146875 0.10342212343749999 0.6320438984375001 0.1052036203125 0.6300704359375 0.1085756453125 0.6268874015625
3 0.21205084375 0.453248759375 0.3253611109375 0.321762153125 0.32844518906250003 0.31993353125 0.33244270781249996 0.3215334828125 0.34158035781249996 0.3230193453125 0.3519744546875 0.32884771874999996 0.35460168593749997 0.33101909687500003 0.24106622031249997 0.46111259843749997 0.249975446875 0.46374131875 0.2513459828125 0.46419841249999994 0.33062549531249996 0.3753435015625 0.329140625 0.3732864578125 0.32765575468749997 0.3728291171875 0.32639930625 0.37191493124999997 0.33359523750000003 0.36814360156250003 0.3382782734375 0.3656294640625 0.36352108125 0.3375275296875 0.37974057499999997 0.343698909375 0.381225446875 0.3420989578125 0.37345833281249996 0.32198511875 0.37368675625000003 0.3212993546875 0.3004712296875 0.3011939484375 0.29704464218750004 0.3022224703125 0.296701884375 0.303365328125 0.13851041718749998 0.486082340625 0.1400084328125 0.487652778125 0.141578125 0.49043650781250003 0.141578125 0.49200694375 0.1406505453125 0.49293502031249997 0.1413640875 0.49414831406250004 0.1373688 0.4984313 0.135870784375 0.5005726687500001 0.1405079359375 0.5031423609375001 0.14314756875 0.504712796875 0.14543055625 0.5065687 0.14856944375 0.506497271875 0.15463368125000002 0.49764608125 0.15777256875 0.4939342765625 0.16533482187499998 0.4960756453125 0.1686879953125 0.49850272812499996 0.17013169687500002 0.50061483125 0.20988045624999999 0.4554201390625 0.2065682046875 0.4530200890625 0.20633978125 0.452105903125 0.21205084375 0.453248759375
3 0.172521825 0.41999380000000003 0.1729920640625 0.422815971875 0.1728353171875 0.4240701890625 0 0.5048149796875 0.00023511875 0.525603175 0.1728353171875 0.44523635937500006 0.19085565468750001 0.425324653125 0.1783196921875 0.41340872968750003 0.172521825 0.41999380000000003
3 0.30566790625 0.6513819437499999 0.30049479218749997 0.63659300625 0.2990166171875 0.627867559375 0.2988688 0.6188829359375 0.29946006875000003 0.6106009421875 0.302268353125 0.5984739578125 0.30507688437499997 0.59551636875 0.30507688437499997 0.588417659375 0.3062591765625 0.581023065625 0.310545634375 0.5647552078125 0.3164580859375 0.55203670625 0.2879310515625 0.560762153125 0.22171279687499998 0.7034392359375 0.320448909375 0.68007266875 0.32148363125 0.6646922125 0.3137973703125 0.661586309375 0.30566790625 0.6513819437499999
3 0.3108745046875 0.59420858125 0.3093025796875 0.600028521875 0.30820213281250003 0.6083648312500001 0.309459821875 0.6264536203125 0.3121321921875 0.6375952375 0.317948909375 0.6498640875 0.32211483125 0.6563559031249999 0.3286388890625 0.5677834828125 0.3225079359375 0.574232390625 0.3163767359375 0.58288368125 0.3108745046875 0.59420858125
3 0.3121817953125 0.5724665171875001 0.31109300625 0.5790027281250001 0.31000421562499997 0.5859352671875 0.3170317453125 0.5755367062500001 0.3244553578125 0.567019840625 0.3289092265625 0.563058284375 0.32999801562500003 0.5473120046875 0.32232713281250003 0.5499689984375 0.3201001984375 0.55246180625 0.3172296625 0.559889384375 0.3121817953125 0.5724665171875001
3 0.6169518843749999 0.874606646875 0.6045595234375 0.7258501984375 0.38859176562500003 0.7366748515625 0.3835962296875 0.7357368546874999 0.3774623015625 0.73357738125 0.3731458328125 0.73050868125 0.360991815625 0.73664608125 0.34599776718749997 0.747329365625 0.3382700890625 0.7539025296874999 0.3216857640625 0.7751557546875001 0.3145297625 0.788339534375 0.313347221875 0.7919201390625 0.308134671875 0.8706703875 0.3283950890625 0.874751984375 0.6145912703125 0.8740161203125 0.6169518843749999 0.874606646875
3 0.3292896828125 0.7573345734375 0.3354236109375 0.7505153765625 0.341216765625 0.744946428125 0.34621478125 0.7408549109375 0.3702958828125 0.727585565625 0.36711532812500003 0.7224712296875 0.3643891375 0.71769766875 0.362798859375 0.712355903125 0.3617765375 0.7083782234375 0.361094990625 0.7005359624999999 0.3621173109375 0.6947398312499999 0.363366815625 0.6875796125 0.3668881453125 0.6798697921875 0.37097743125 0.6723688 0.374953125 0.6686183031249999 0.37824727187499996 0.6667998515625 0.4255009921875 0.6617991078125 0.4360649796875 0.4389424609375 0.43197569375 0.43621478125 0.4314077375 0.433259671875 0.4314077375 0.4293955859375 0.43379315468749996 0.42553124999999997 0.42868154687500004 0.4198487109375 0.427886409375 0.41712103125000005 0.430158234375 0.4142797625 0.43776884843749997 0.4107564484375 0.4420853171875 0.370996528125 0.37995808593749997 0.40984350156250005 0.3767775296875 0.4060927578125 0.3613291171875 0.4231408734375 0.35735342187499997 0.4299412203125 0.350197171875 0.44244320468750004 0.3415642359375 0.45915029687500003 0.335657490625 0.473243303125 0.335203125 0.480176090625 0.327024553125 0.593981646875 0.321572171875 0.6678189484375 0.3144161703125 0.7792752968750001 0.3165674609375 0.775509671875 0.3207703375 0.768349703125 0.3292896828125 0.7573345734375
3 0.5727631453125 0.6183916171875 0.5156924609375 0.5247936515625 0.4354064984375 0.438454365625 0.42839360156249995 0.6605220734375 0.53721478125 0.649362103125 0.5509990078125 0.6396837796875 0.5681684031249999 0.625408234375 0.5727631453125 0.6183916171875
3 0.44938467187500003 0.3894479171875 0.4546264875 0.3848487109375 0.4606748515625 0.38097569375 0.4716423609375 0.37782886875 0.478658234375 0.376860615625 0.4847063484375 0.3770220734375 0.4884967765625 0.377990328125 0.4940610125 0.3847681046875 0.5854841265624999 0.504480159375 0.5792998515625001 0.42922991093749996 0.5726939484375 0.42983680625 0.5717502484375 0.42956696406250006 0.57046949375 0.416078125 0.577008184375 0.410008184375 0.5672338796874999 0.3134213796875 0.56285243125 0.2951438484375 0.5625153765625 0.2934575890625 0.49935069375 0.3070758921875 0.5021143359375 0.30950396874999997 0.5019122031250001 0.3117296625 0.501440228125 0.3133482140625 0.49914831406250004 0.3140228171875 0.49719369999999996 0.3137529765625 0.49658680625 0.312673859375 0.4902504953125 0.31732738125000004 0.4846557546875 0.3202951390625 0.468410465625 0.333165921875 0.462883184375 0.3364032734375 0.4558053078125 0.34463144843750004 0.44272842187499994 0.3580416671875 0.442998015625 0.36175124062499997 0.44616617031250005 0.3674841265625 0.4419868546875 0.3713283734375 0.438981646875 0.4091870046875 0.44390104218750004 0.406634425 0.442771825 0.4009057546875 0.4443040671875 0.39509622968749997 0.44938467187500003 0.3894479171875
3 0.361550346875 0.417365575 0.3672400796875 0.41109300624999995 0.375563740625 0.403779265625 0.369716021875 0.3933953375 0.36913665625 0.391181546875 0.37171800625 0.3877552078125 0.4186076390625 0.3574640375 0.43014508906250004 0.351349703125 0.43504439531249994 0.3510334828125 0.4364141859375 0.35177132968749997 0.43946949375 0.35561929531250003 0.44315724218749997 0.3532998515625 0.4440002484375 0.34451041718750003 0.44384226250000003 0.3432978671875 0.432430059375 0.32899454375000003 0.411235615625 0.33676636875 0.3616220234375 0.356737846875 0.34055381875 0.365237846875 0.3275560515625 0.37138963281250004 0.3411485609375 0.38570858124999996 0.33647420625 0.460004215625 0.33773834375 0.457302828125 0.3573358140625 0.42316369062500003 0.361550346875 0.417365575
3 0.47591195468749997 0.32236557499999996 0.48445312500000004 0.3176614578125 0.49793080312500004 0.30707738125 0.43798635937499997 0.319621528125 0.43798635937499997 0.321581596875 0.438769840625 0.32181671562499997 0.4453521828125 0.3395357140625 0.44378497031249997 0.352158234375 0.452091021875 0.34329885937500004 0.45945659687499996 0.3360858140625 0.46502008906250003 0.33059771875 0.47591195468749997 0.32236557499999996
3 0.484607390625 0.2921205359375 0.4864880953125 0.289533234375 0.4903276296875 0.2871813 0.49471577343749995 0.2849861109375 0.5012978671874999 0.28294766875 0.5081150796875 0.28208506875 0.5157157734375 0.2816932046875 0.52190625 0.2836532734375 0.5254322921875 0.285299603125 0.5259025296875001 0.3013591265625 0.56038045625 0.2939109625 0.558578125 0.2627234625 0.5572460312499999 0.25770560468750003 0.44409821406249994 0.2814528765625 0.44112078437499996 0.3189771828125 0.48492088281249995 0.3094345234375 0.484372271875 0.29423735156249997 0.484607390625 0.2921205359375
3 0.9591879953125 0.6767063484375 0.936070684375 0.6286259921874999 0.9304685015624999 0.6299501484375 0.927209078125 0.6237368546875001 0.855595734375 0.645945684375 0.8525399312499999 0.6530756453125 0.844493303125 0.6565389390624999 0.8422524796875 0.6581686515625 0.8417433031250001 0.661631696875 0.8426599703125 0.6665208328125 0.84816021875 0.67772495 0.9372849703125 0.8744801593749999 0.999751984375 0.874751984375 0.999751984375 0.758191715625 0.9591879953125 0.6767063484375
3 0.831462053125 0.7825766375 0.8341592265625 0.80298040625 0.8249568453125 0.8156666671874999 0.7727571921874999 0.8185210812499999 0.7816423609375 0.874751984375 0.8525639875 0.8744999999999999 0.8259087296875001 0.7175592765625 0.8162338796874999 0.7212239578124999 0.8213077875 0.74324925625 0.8278127484375 0.767512153125 0.831462053125 0.7825766375
3 0.6780704359375 0.7461552578124999 0.703597221875 0.7845858140625 0.7294813984374999 0.782293403125 0.7219454359374999 0.7392294140625 0.6780704359375 0.7461552578124999
3 0.7270833328124999 0.8211483140625001 0.7632294140625 0.8741515375000001 0.7802671125 0.8746426093749999 0.7728950890624999 0.81946180625 0.7270833328124999 0.8211483140625001
3 0.810795634375 0.6168162203125 0.8021862593750001 0.561178075 0.774569940625 0.5611701390625 0.8011453375 0.65955233125 0.810795634375 0.6168162203125
3 0.902831596875 0.421815228125 0.8631046625 0.26278050625 0.8583940968749999 0.26215252968749997 0.8169806546875 0.266658978125 0.750771825 0.2802911703125 0.71330555625 0.2897760421875 0.7139017859375001 0.292234375 0.713752728125 0.29327728125 0.7177028765625 0.32575545625 0.764805803125 0.3272452875 0.7608559031250001 0.30117336250000004 0.7668926093749999 0.2961078875 0.7730786203125 0.2923834328125 0.7825441468750001 0.29014856093749997 0.793947171875 0.28761582343750003 0.8005057046875 0.28798834375000004 0.8090022328125 0.28903124999999996 0.8148901296875 0.2920853171875 0.8216723703125 0.32940550625 0.8278854171875001 0.3300014875 0.8259476687499999 0.338642609375 0.8316862593750001 0.343782490625 0.8302703375 0.3520756453125 0.8266929562499999 0.3528950890625 0.8351545140625 0.39152505 0.8824186515625 0.3800682046875 0.8843028281249999 0.3830500984375 0.8905838296875 0.43029017812500003 0.902831596875 0.421815228125
3 0.7388777281250001 0.41596255 0.74071006875 0.41403472187499996 0.7771654265625 0.4051666671875 0.7725362109375 0.3731641859375 0.72884771875 0.3890689484375 0.7411924609375 0.43398809531250004 0.7388777281250001 0.41596255
3 0.7028757437500001 0.3734766859375 0.7028757437500001 0.3752790171875 0.7116805562499999 0.38429141875 0.7162363593750001 0.3838033234375 0.8221118546874999 0.3454853671875 0.8206267359374999 0.343152778125 0.8117157734375 0.3354126984375 0.7028757437500001 0.3734766859375
3 0.18324330312499998 0.3819650296875 0.18741790625000002 0.3792438 0.19159275781250001 0.37888095312500003 0.20375421562499998 0.27492757968750003 0.198671875 0.27529042656249997 0.18088368125 0.37996949375 0.18324330312499998 0.3819650296875
3 0.44097222187499996 0.44593253906249997 0.450644840625 0.4541170640625 0.45262896875 0.4580853171875 0.4670138890625 0.47247023749999995 0.47222222187499996 0.4796626984375 0.4826388890625 0.49007936562500004 0.484375 0.493303571875 0.49677579375 0.5047123015625 0.5017361109375 0.5116567453124999 0.5104166671875 0.519097221875 0.5223214281249999 0.533730159375 0.52802579375 0.5453869046875 0.53125 0.5488591265625 0.5376984125 0.5587797625 0.5404265875 0.564980159375 0.550347221875 0.5791170640625001 0.5741567453124999 0.6212797625 0.5761408734375 0.6232638890625 0.58407738125 0.62450396875 0.5873015875 0.62177579375 0.587549603125 0.6185515875 0.59424603125 0.611855159375 0.5959821421875 0.6113591265625 0.59970238125 0.6130952375 0.6004464281249999 0.615575396875 0.605902778125 0.6200396828125 0.6111111109375 0.6264880953125 0.619295634375 0.627976190625 0.62450396875 0.6269841265625 0.6383928578125 0.621527778125 0.6475694437499999 0.6145833328125 0.6520337296875 0.6073908734375 0.6552579359374999 0.6041666671875 0.6572420640625001 0.5982142859375 0.6579861109375 0.593998015625 0.6574900796875001 0.5858134921875 0.6547619046875 0.5796130953125 0.639880953125 0.562251984375 0.627480159375 0.5513392859375 0.6232638890625 0.5451388890625 0.5736607140625 0.49280753906249997 0.5585317453124999 0.474950396875 0.553075396875 0.46527777812500004 0.5451388890625 0.4543650796875 0.5426587296875 0.45238095312500004 0.5171130953125 0.41741071406249997 0.5138888890625 0.4117063484375 0.505704365625 0.4010416671875 0.502480159375 0.3983134921875 0.490575396875 0.3814484125 0.4858630953125 0.377728175 0.47743055625 0.3772321421875 0.4702380953125 0.37847222187499996 0.452876984375 0.3859126984375 0.4449404765625 0.3953373015625 0.4429563484375 0.4072420640625 0.4300595234375 0.4164186515625 0.4322916671875 0.434523809375 0.44097222187499996 0.44593253906249997
3 0.37450396874999997 0.7304067453124999 0.377480159375 0.7328869046875 0.3829365078125 0.734623015625 0.3953373015625 0.7361111109375 0.5642361109375 0.72842261875 0.590277778125 0.7269345234375 0.6130952375 0.724454365625 0.7485119046875 0.71875 0.7554563484375 0.716269840625 0.7576884921875 0.7123015875 0.755704365625 0.7048611109375 0.7428075390625 0.6917162703125 0.743799603125 0.6892361109375 0.752728175 0.6860119046875 0.75322420625 0.68427579375 0.7522321421875 0.6770833328125 0.750248015625 0.674851190625 0.7482638890625 0.668898809375 0.7457837296875 0.65674603125 0.7460317453124999 0.653273809375 0.74404761875 0.6460813484375 0.7413194437499999 0.6443452375 0.740079365625 0.6418650796875001 0.7251984125 0.6416170640625001 0.7177579359374999 0.638144840625 0.716269840625 0.6364087296875 0.7137896828125 0.6359126984375 0.7051091265625 0.6364087296875 0.6913442453124999 0.639880953125 0.6617063484375 0.6393849203124999 0.5091765875 0.652777778125 0.48090277812500004 0.65625 0.4546130953125 0.6582341265625 0.421875 0.6629464281249999 0.3841765875 0.6664186515625 0.3764880953125 0.6681547625 0.3727678578125 0.6736111109375 0.368799603125 0.6770833328125 0.365079365625 0.6852678578125 0.36259920625 0.6939484125 0.36284722187499996 0.709325396875 0.3675595234375 0.72197420625 0.3707837296875 0.724454365625 0.37450396874999997 0.7304067453124999
3 0.593544146875 0.2695687 0.6031312 0.2622810015625 0.6251411203125 0.2543182046875 0.6360783734375001 0.2555329859375 0.6541723703125 0.32274305625 0.7015513390625 0.32503745 0.6687390875 0.22354786718750003 0.5585550593749999 0.2619213796875 0.5605806046875 0.293771825 0.561930803125 0.2933670640625 0.56827728125 0.3146455859375 0.576919146875 0.40623784687500003 0.5772621531250001 0.409167659375 0.586117559375 0.3994446921875 0.6170391859375 0.3943162203125 0.5942192453125 0.272537946875 0.593544146875 0.2695687
3 0.608380953125 0.5290052078125 0.6398427578125 0.52401165625 0.6211468250000001 0.42238045625 0.5784045140625 0.42787599218750005 0.585290921875 0.5043075390625 0.608380953125 0.5290052078125
4 0 0.39806324375 0.012648809375 0.397815228125 0.016369046875 0.3960791171875 0.01622495 0.3925064484375 0.0228578875 0.39305902812500004 0.028769840624999998 0.3864064984375 0.0449672625 0.3677936515625 0.051835317187499994 0.359620784375 0.0758928578125 0.33010689531250004 0.07713293593750001 0.325146578125 0.077380953125 0.316466021875 0.077357390625 0.3132485125 0.0801091265625 0.30679340312500003 0.0766369046875 0.304065228125 0.07217261875 0.303569196875 0.053819443749999994 0.304065228125 0.0488591265625 0.30555332343749997 0.040674603125 0.30976959375 0.0391865078125 0.3115057046875 0.0332341265625 0.312745784375 0.0146329359375 0.33010689531250004 0.005704365625 0.339035465625 0.0027281750000000002 0.3434997515625 0 0.344491815625 0 0.36309300625 0.0019841265625 0.36284499062500003 0.0034722218749999997 0.3591247515625 0.007440476562499999 0.35664459375 0.0101686515625 0.350444196875 0.034722221875 0.3236584828125 0.0394397328125 0.320872271875 0.061438740625 0.3209828875 0.070945684375 0.3145744046875 0.07260391875 0.317226190625 0.05927579375000001 0.3338271328125 0.0543154765625 0.34027554531250004 0.0451388890625 0.350940228125 0.0198412703125 0.3804541171875 0.01335069375 0.38908134843750003 0 0.3873985609375 0 0.39806324375
4 0.8075396828124999 0.6790674609375 0.8080357140625001 0.6835317453124999 0.812251984375 0.696924603125 0.8147321421875 0.715277778125 0.8174603171875001 0.7177579359374999 0.8263888890625 0.715773809375 0.8546626984374999 0.70634920625 0.8581349203125 0.70362103125 0.8549107140625001 0.6964285718750001 0.853174603125 0.6946924609375 0.8516865078125001 0.6884920640625001 0.8457341265625 0.6825396828125 0.844494046875 0.67782738125 0.8447420640625 0.6738591265625 0.841021825 0.6631944437499999 0.8420138890625 0.658730159375 0.843998015625 0.65625 0.8504464281249999 0.653521825 0.8544146828124999 0.6475694437499999 0.8611111109375 0.643601190625 0.903769840625 0.631200396875 0.908730159375 0.628472221875 0.9198908734375 0.625 0.9233630953124999 0.6240079359374999 0.9268353171875001 0.62450396875 0.9310515875 0.6292162703125 0.93700396875 0.6302083328125 0.9387400796875 0.6356646828125 0.946924603125 0.6488095234375 0.953125 0.6644345234375 0.9585813484375001 0.672619046875 0.966269840625 0.67237103125 0.9704861109375 0.6701388890625 0.974950396875 0.6696428578125 0.99032738125 0.6641865078125 0.999751984375 0.661954365625 0.999751984375 0.596726190625 0.9337797625 0.581597221875 0.921130953125 0.5801091265625 0.915674603125 0.57762896875 0.9045138890625 0.574652778125 0.893353175 0.5726686515625 0.88467261875 0.5699404765625 0.87177579375 0.568204365625 0.8420138890625 0.560019840625 0.8298611109375 0.5585317453124999 0.8268849203125 0.5615079359374999 0.8033234125 0.653521825 0.802579365625 0.6612103171875 0.8043154765624999 0.6669146828125 0.8043154765624999 0.671130953125 0.8075396828124999 0.6790674609375
4 0.8425099203125 0.48883928593750003 0.84375 0.4947916671875 0.8489583328125001 0.502976190625 0.8519345234375001 0.512648809375 0.865575396875 0.5381944437499999 0.86904761875 0.546626984375 0.8730158734375 0.5533234125 0.877976190625 0.559027778125 0.8802083328125001 0.565972221875 0.884424603125 0.568700396875 0.8975694437499999 0.571924603125 0.9042658734375 0.5716765875 0.921130953125 0.5639880953125 0.9553571421875 0.543898809375 0.96552579375 0.5394345234375 0.969494046875 0.5367063484375 0.9702380953124999 0.5334821421875 0.9598214281249999 0.515376984375 0.9042658734375 0.42410714218749995 0.900049603125 0.42509920625 0.889880953125 0.4300595234375 0.85887896875 0.4518849203125 0.844494046875 0.4605654765625 0.8355654765624999 0.4677579359375 0.83407738125 0.46924603125 0.8353174609374999 0.47470238125 0.8387896828124999 0.4796626984375 0.8425099203125 0.48883928593750003
4 0.7450396828125 0.44915674531249994 0.75049603125 0.4734623015625 0.755704365625 0.4828869046875 0.7859623015625 0.477678571875 0.802579365625 0.4761904765625 0.831597221875 0.4697420640625 0.8454861109375 0.4595734125 0.8707837296875001 0.44320436562500004 0.8740079359375 0.43948412656249997 0.8814484125 0.4357638890625 0.887648809375 0.431299603125 0.8896329359375 0.428075396875 0.8834325390625001 0.3841765875 0.880704365625 0.3821924609375 0.869295634375 0.38368055624999997 0.7445436515625 0.41319444375 0.74032738125 0.4166666671875 0.7390873015625 0.419394840625 0.7415674609375 0.43353174531249994 0.7420634921875 0.4427083328125 0.7450396828125 0.44915674531249994
4 0.8121850203125 0.3345905265625 0.8231768359375 0.342949653125 0.8230572921875 0.34486011875 0.7148125000000001 0.385938740625 0.7066882437500001 0.38128149843750003 0.7059712296875 0.388446428125 0.7144541171875 0.39358134843750003 0.8293896328124999 0.35130853125 0.8303454859375 0.3430689484375 0.8258053078125001 0.3381728671875 0.827 0.33029166718749997 0.634324653125 0.3225297625 0.6342051093750001 0.33108755 0.631337796875 0.3388494546875 0.687849703125 0.3948549109375 0.7052931546875 0.3876899796875 0.7060183531249999 0.37912252031250004 0.7025064484375 0.375669146875 0.7019092265625 0.3736391375 0.8121850203125 0.3345905265625
4 0.6759546125 0.49310912656249994 0.682339534375 0.4893306046875 0.7518157234375 0.488658978125 0.738290178125 0.438587053125 0.726360615625 0.3888826890625 0.7132661203125 0.39366889843749997 0.70528521875 0.38812698437500004 0.6873911203125 0.39484449375 0.6747797624999999 0.38350892812500004 0.5872413187500001 0.3998018359375 0.584301090625 0.40265674531249995 0.5780002484375 0.4093740078125 0.5726235125 0.41424404687500005 0.5741111109375 0.4289794140625 0.5754771828125 0.4290987109375 0.6616728671875001 0.41465674531249996 0.6759546125 0.49310912656249994
4 0.7026629468750001 0.63517261875 0.713105159375 0.6347286703125 0.7179928078125 0.6356168156249999 0.722436259375 0.6379484125 0.7252135421875 0.6419454359375 0.7414273312499999 0.641501240625 0.74487103125 0.6429446921874999 0.7462041171875 0.6448323406250001 0.7468705359375 0.6475337296875 0.7464263390625 0.6536401296875 0.7466483140625 0.659191715625 0.7494255953125 0.6689623015625 0.7514250984374999 0.6745138890625 0.753646825 0.6783998015625 0.7554241078125 0.6811755953125 0.7548688 0.684839534375 0.7535357140625 0.6870600203125 0.743537946875 0.6888365578125 0.7438712796875 0.691167659375 0.754535465625 0.7026036703125 0.7570905265625 0.7056014390625001 0.75786805625 0.7069337796874999 0.7586455859375001 0.7093764874999999 0.7582013890625 0.7122631453125 0.757423859375 0.714928075 0.7559796624999999 0.7174816468749999 0.753646825 0.7195912703125 0.7482036203125 0.719369046875 0.71921006875 0.7207013890625 0.7304298109375 0.7821001984375 0.61078993125 0.7930178578125 0.6136780749999999 0.8215890375000001 0.622009671875 0.8294722218749999 0.6358953374999999 0.8252529765625001 0.808008184375 0.8125957343750001 0.8251381453125 0.8145942453125 0.8323588796875001 0.8031582343749999 0.770039434375 0.5617455359375 0.7519322921875 0.561967509375 0.7597083328124999 0.5931669140625 0.7592641375 0.6017527281249999 0.762485615625 0.615742559375 0.7112748015625 0.6218492062500001 0.65216641875 0.6283998015625001 0.650722221875 0.6181852671875 0.6501669140625 0.6140771328125 0.6441681546875 0.618740328125 0.637836309375 0.622959325 0.6275052078125001 0.6268454859375 0.6185071921875 0.628955109375 0.6106063984375 0.6282889390624999 0.6078291171875 0.6252911703125 0.5949432046875 0.6113013390625001 0.5912237109375 0.620532490625 0.5933541671875 0.6381703875 0.5961312000000001 0.6368380453125 0.7006634421875 0.6252911703125 0.7026629468750001 0.63517261875
4 0.609284721875 0.5294027781249999 0.6429920640625 0.564820684375 0.6383494546875 0.5299250984375 0.636863590625 0.5250989578125 0.609284721875 0.5294027781249999
4 0.6586036703125 0.5843060515625 0.6594618062500001 0.5891294640625 0.6595689484375 0.5960967265625 0.656030009375 0.6039216265625 0.6539923109375 0.6083162203125 0.6502388390625 0.6132470234375 0.6510967265625001 0.6157123015625 0.6533489578125 0.6280389390625001 0.7620553078125 0.61581944375 0.7589451890625 0.602849703125 0.759618303125 0.5922919140625 0.752004215625 0.5624077375 0.701491071875 0.562964534375 0.6936912203125 0.5672338796874999 0.6684345234375 0.5804124500000001 0.65190625 0.523799603125 0.6377921625 0.5250989578125 0.6433752484374999 0.5662983625 0.6551721234375 0.5781964281249999 0.6586036703125 0.5843060515625
4 0.7047185015624999 0.5625825890625 0.809953125 0.5604389875 0.8257663687499999 0.5593670640624999 0.827160465625 0.5566872515625 0.8427254468750001 0.5595813484375001 0.8750528281250001 0.5574377484374999 0.84127108125 0.486765625 0.7807859625 0.48848065468749996 0.68146006875 0.4900166171875 0.6800659718750001 0.49173164687500004 0.6514317953125001 0.5087745531250001 0.6497765375 0.5103923609375001 0.668362846875 0.580483134375 0.6783365578125 0.5755525796875001 0.7001068953125 0.5634402281249999 0.7047185015624999 0.5625825890625
3 0.32036011875 0.6814372515625 0.3180248015625 0.6810126484375 0.29743179531249997 0.761898809375 0.30549925624999996 0.770178571875 0.314415675 0.776123015625 0.32036011875 0.6814372515625
3 0.31335416718750003 0.7805811015625 0.29679489062500003 0.7667817453125 0.29042584374999997 0.794168403125 0.3065607640625 0.8020235609374999 0.3095327375 0.790134671875 0.31335416718750003 0.7805811015625
3 0.275352678125 0.8113645828125 0.2874536203125 0.81943204375 0.28851512968750004 0.8236780749999999 0.2948841765625 0.8241026781249999 0.2978563984375 0.8185828374999999 0.3012532234375 0.8141245046875 0.3048623515625 0.805844990625 0.2906381453125 0.7984144343749999 0.28724131875 0.80945386875 0.2755649796875 0.8081800593749999 0.275352678125 0.8113645828125
3 0.3071056546875 0.813335565625 0.3051165671875 0.8165178578125 0.3016688984375 0.8214241078125 0.2995473703125 0.824606646875 0.31108358125 0.824606646875 0.3120119046875 0.8085617562499999 0.30829910781250003 0.8075009921875 0.3071056546875 0.813335565625