1 0.5233134921875 0.528521825 0.525049603125 0.53174603125 0.5272817453124999 0.5334821421875 0.5327380953125 0.5362103171875 0.536954365625 0.536954365625 0.5389384921875 0.5352182546875001 0.544394840625 0.533730159375 0.5483630953125 0.53125 0.560019840625 0.5275297625 0.5714285718750001 0.5223214281249999 0.5766369046875 0.5210813484375 0.5989583328125 0.512152778125 0.60342261875 0.512648809375 0.6113591265625 0.5245535718750001 0.61904761875 0.52802579375 0.6227678578125 0.5265376984375 0.62450396875 0.51884920625 0.6240079359374999 0.5168650796875001 0.6314484125 0.49776785781250005 0.6341765875 0.48363095312500004 0.6393849203124999 0.46924603125 0.640376984375 0.4546130953125 0.6369047625 0.4427083328125 0.6339285718750001 0.43948412656249997 0.6324404765625 0.43526785781250005 0.6292162703125 0.4310515875 0.6262400796875001 0.4300595234375 0.62450396875 0.4283234125 0.6230158734375 0.424851190625 0.6195436515625 0.42113095312500004 0.6021825390625 0.41195436562500004 0.583829365625 0.40699404687499996 0.5689484125 0.40625 0.5515873015625 0.40699404687499996 0.5394345234375 0.41021825468750006 0.5228174609375 0.41815476250000005 0.5136408734375 0.4265873015625 0.509424603125 0.4325396828125 0.5044642859375 0.4427083328125 0.502976190625 0.45709325468750006 0.5037202375 0.4675099203125 0.502480159375 0.47321428593750003 0.502976190625 0.4779265875 0.5233134921875 0.528521825
1 0.418898809375 0.5895337296875 0.422123015625 0.603174603125 0.421626984375 0.6071428578125 0.4228670640625 0.6148313484375 0.4270833328125 0.6272321421875 0.43030753906249997 0.644097221875 0.44122023749999995 0.6768353171875 0.44320436562500004 0.6785714281249999 0.45089285781250005 0.678075396875 0.4982638890625 0.6636904765625 0.509920634375 0.658978175 0.5136408734375 0.6584821421875 0.515873015625 0.65674603125 0.5168650796875001 0.653769840625 0.518353175 0.6396329359374999 0.52157738125 0.5243055562500001 0.5195932546875001 0.521825396875 0.5138888890625 0.5052083328125 0.500248015625 0.47569444375 0.4985119046875 0.4699900796875 0.493303571875 0.46031746093750003 0.49007936562500004 0.45758928593750003 0.47445436562500004 0.46031746093750003 0.419394840625 0.4739583328125 0.40823412656249997 0.47594246093750003 0.403769840625 0.477678571875 0.403273809375 0.4789186515625 0.40302579375 0.48115079375 0.406001984375 0.4945436515625 0.4077380953125 0.5166170640625001 0.418898809375 0.5895337296875
1 0.306299603125 0.4273313484375 0.3390376984375 0.4295634921875 0.35342261875 0.43353174531249994 0.49801587343750003 0.45238095312500004 0.499751984375 0.4516369046875 0.5012400796875001 0.44940476250000005 0.5014880953125 0.443700396875 0.5079365078125 0.43154761875 0.5198412703125 0.4164186515625 0.5208333328125 0.4136904765625 0.5193452375 0.409226190625 0.5233134921875 0.4045138890625 0.5257936515625 0.384920634375 0.525545634375 0.38095238125 0.5327380953125 0.3474702375 0.537450396875 0.344494046875 0.5483630953125 0.3452380953125 0.549603175 0.344494046875 0.552579365625 0.338045634375 0.5550595234375 0.31944444375000003 0.5533234125 0.3174603171875 0.5488591265625 0.315228175 0.54637896875 0.315476190625 0.541170634375 0.31349206406249996 0.5359623015625 0.313244046875 0.5290178578125 0.3142361109375 0.5228174609375 0.3167162703125 0.518353175 0.32142857187499996 0.513144840625 0.3206845234375 0.5064484125 0.3231646828125 0.49429563437499996 0.31349206406249996 0.48759920625 0.3102678578125 0.4861111109375 0.30803571406249997 0.4794146828125 0.306299603125 0.41617063437499996 0.2991071421875 0.403273809375 0.2986111109375 0.3635912703125 0.2931547625 0.315476190625 0.2884424609375 0.3105158734375 0.2889384921875 0.30555555624999997 0.2956349203125 0.2824900796875 0.3358134921875 0.2770337296875 0.3477182546875 0.2643849203125 0.369295634375 0.2619047625 0.37549603125000003 0.25967261875 0.377480159375 0.25 0.3958333328125 0.2477678578125 0.403769840625 0.24404761874999997 0.4072420640625 0.2398313484375 0.41468253906249997 0.2398313484375 0.4169146828125 0.243799603125 0.418898809375 0.2552083328125 0.4206349203125 0.306299603125 0.4273313484375
1 0.559771825 0.32217261875 0.5739087296875 0.331101190625 0.5823412703125 0.3387896828125 0.5992063484375 0.3511904765625 0.603174603125 0.3521825390625 0.6108630953125 0.3516865078125 0.62177579375 0.353670634375 0.637648809375 0.3541666671875 0.643353175 0.35590277812500004 0.6582341265625 0.3573908734375 0.6629464281249999 0.35987103125000003 0.6654265875 0.3633432546875 0.6644345234375 0.36631944375000003 0.6649305562500001 0.3814484125 0.6639384921875 0.38392857187499996 0.6629464281249999 0.3958333328125 0.6639384921875 0.40228174531249994 0.6698908734375 0.40848214218749995 0.700644840625 0.430803571875 0.716269840625 0.4439484125 0.7477678578125 0.46800595312500004 0.755704365625 0.46453372968749995 0.765625 0.45758928593750003 0.7671130953125 0.45535714218749995 0.77157738125 0.45386904687499996 0.786954365625 0.444196428125 0.846726190625 0.40426587343750003 0.8516865078125001 0.40178571406249997 0.8549107140625001 0.3988095234375 0.8524305562500001 0.3955853171875 0.8350694437499999 0.38368055624999997 0.6512896828125 0.2619047625 0.644097221875 0.2633928578125 0.6302083328125 0.268601190625 0.6227678578125 0.2733134921875 0.618799603125 0.27430555624999997 0.60987103125 0.2792658734375 0.6024305562500001 0.281498015625 0.5920138890625 0.286954365625 0.578125 0.29241071406249997 0.54737103125 0.3075396828125 0.54737103125 0.309771825 0.5520833328125 0.313244046875 0.5560515875 0.31299603125000003 0.559771825 0.32217261875
1 0.5028328375 0.3195491078125 0.5053129953125 0.321037203125 0.50928125 0.32029315468749997 0.5201939484375 0.31483680625 0.530610615625 0.311860615625 0.5526840281250001 0.30243601249999996 0.6332891859374999 0.2664737109375 0.7478725203125001 0.2178625984375 0.7515927578125 0.21513442500000002 0.7518407734375 0.21116617031249998 0.737924603125 0.20770858125 0.739215278125 0.211150296875 0.737924603125 0.2128712796875 0.7320451390625 0.21014657812499998 0.7308978171875 0.2057008921875 0.7372078375 0.20694990156249998 0.73398363125 0.203477678125 0.7332395828125 0.199757440625 0.7319995046875001 0.1985173609375 0.718110615625 0.1947971234375 0.7199990078125 0.198244046875 0.72057266875 0.20096875 0.7189952875000001 0.20254613125 0.711681546875 0.1989610609375 0.6990620046875 0.20455381875 0.700926090625 0.2034064984375 0.6976279765625 0.2016857640625 0.697054315625 0.1988174609375 0.6990620046875 0.1956626984375 0.7029337796874999 0.1940853171875 0.7095305062499999 0.1946587296875 0.7188516859375 0.19680977187499998 0.7154099703125001 0.193655009375 0.7135458828125001 0.1909303078125 0.71563045625 0.18909275781249998 0.718606646875 0.1866125984375 0.7233189484375 0.18487648750000002 0.7205907734375 0.183636409375 0.71563045625 0.18487648750000002 0.6864424609374999 0.19767038750000002 0.698344990625 0.203980159375 0.6944729656249999 0.2067048609375 0.688306546875 0.20641790625 0.683144096875 0.2028328375 0.67793204375 0.20496577343750003 0.540779265625 0.2605213296875 0.5038249015625 0.2763943453125 0.49737648749999996 0.27813045625 0.468606646875 0.29003521875 0.46910267812499995 0.2915233140625 0.47753521875000005 0.29945982187500003 0.4983685515625 0.31508482187500003 0.5028328375 0.3195491078125
1 0.7790178578125 0.6294642859375 0.7929067453124999 0.6339285718750001 0.7988591265625 0.6336805562500001 0.80282738125 0.6269841265625 0.809771825 0.609375 0.814980159375 0.5870535718750001 0.8162202375 0.577380953125 0.8144841265625 0.575644840625 0.8050595234375001 0.5716765875 0.7710813484375 0.559523809375 0.7673611109375 0.565972221875 0.765625 0.572420634375 0.752480159375 0.6041666671875 0.749255953125 0.61259920625 0.75 0.615575396875 0.7514880953125 0.6170634921875 0.7790178578125 0.6294642859375
1 0.536954365625 0.5677083328125 0.5352182546875001 0.5716765875 0.536954365625 0.5793650796875001 0.5379464281249999 0.5798611109375 0.5364583328125 0.5830853171875 0.536954365625 0.5858134921875 0.54092261875 0.590773809375 0.5429067453124999 0.5897817453124999 0.5538194437499999 0.60615079375 0.5543154765625 0.6145833328125 0.556795634375 0.6170634921875 0.563244046875 0.6336805562500001 0.5796130953125 0.662450396875 0.5917658734375 0.6808035718750001 0.6029265875 0.693204365625 0.610119046875 0.6981646828125 0.615079365625 0.699652778125 0.6212797625 0.6981646828125 0.652777778125 0.6860119046875 0.6552579359374999 0.6800595234375 0.656994046875 0.671875 0.6614583328125 0.6629464281249999 0.68154761875 0.656001984375 0.6887400796875001 0.6388888890625 0.6887400796875001 0.6331845234375 0.65625 0.58779761875 0.6493055562500001 0.5801091265625 0.64384920625 0.571924603125 0.6396329359374999 0.56845238125 0.6383928578125 0.565476190625 0.6316964281249999 0.5572916671875 0.622519840625 0.5424107140625 0.612351190625 0.5295138890625 0.60987103125 0.5248015875 0.6001984125 0.5143849203124999 0.596478175 0.5143849203124999 0.5535714281249999 0.53075396875 0.5349702375 0.5394345234375 0.536954365625 0.5446428578125 0.534226190625 0.5508432546875001 0.53447420625 0.5570436515625 0.536954365625 0.5677083328125
2 0.071023065625 0.668481646875 0.0606063984375 0.6922911703125 0.055894096875 0.7069241078124999 0.05266989062500001 0.71238045625 0.053165921875 0.7141165671875 0.05564608125 0.715356646875 0.10822544687499999 0.7148606156249999 0.2362016375 0.7163487109375 0.318294890625 0.712628471875 0.3537611609375 0.70965228125 0.3557452875 0.706676090625 0.3564893359375 0.7027078375 0.3597135421875 0.67096180625 0.361945684375 0.6610411703125 0.361945684375 0.656576884375 0.3633861609375 0.6514521328125 0.3447591765625 0.6847844734375 0.3326681546875 0.6942611609375 0.3202502484375 0.69981646875 0.3073422625 0.7043916171875 0.2910029765625 0.7060255453125001 0.27531721249999996 0.701450396875 0.2638797125 0.6939345234375 0.2345505953125 0.7114174109375 0.2237666171875 0.6875620046875001 0.250236359375 0.6731835312500001 0.2525173609375 0.650695684375 0.2623313484375 0.6313261406249999 0.2762775296875 0.6166049109375 0.29977951406250003 0.606274553125 0.32095734062500003 0.60343353125 0.3374861109375 0.6060161203125001 0.350657490625 0.6114397328125001 0.3643454859375 0.6228033234375 0.368394096875 0.6382237109375 0.37037822343750004 0.63053521875 0.38922743125000003 0.48073363125 0.3919556046875 0.4455153765625 0.377074653125 0.44303521874999996 0.3728583828125 0.44452331406249995 0.36765005 0.44452331406249995 0.3599615578125 0.4412991078125 0.3512810015625 0.43584275781250004 0.34111235156249997 0.4323705359375 0.33416790625 0.43113045625 0.3036619546875 0.4301383921875 0.1655171125 0.43088244062500003 0.162044890625 0.434602678125 0.13922743125 0.49139831406249995 0.0918563984375 0.6131741078124999 0.0859040171875 0.63103125 0.07672743125 0.6516165671875 0.071023065625 0.668481646875
2 0.6339285718750001 0.4987599203125 0.6359126984375 0.5089285718750001 0.6383928578125 0.509920634375 0.6507936515625 0.5044642859375 0.6651785718750001 0.5017361109375 0.67782738125 0.50322420625 0.69717261875 0.5091765875 0.6989087296875 0.5052083328125 0.6994047625 0.49801587343750003 0.6976686515625 0.49032738125 0.6986607140625 0.48387896875 0.6961805562500001 0.4476686515625 0.6951884921875 0.43973214218749995 0.693700396875 0.4365079359375 0.686755953125 0.4300595234375 0.67782738125 0.42609127031250005 0.672123015625 0.424851190625 0.661954365625 0.424603175 0.646329365625 0.430803571875 0.64012896875 0.43526785781250005 0.638144840625 0.4392361109375 0.640376984375 0.45114087343750003 0.640625 0.4635416671875 0.634424603125 0.4923115078125 0.6339285718750001 0.4987599203125
2 0.630704365625 0.5540674609375 0.64112103125 0.568700396875 0.6488095234375 0.575644840625 0.668402778125 0.6011904765625 0.6733630953125 0.605902778125 0.6770833328125 0.61259920625 0.681299603125 0.615079365625 0.693204365625 0.612847221875 0.69717261875 0.606894840625 0.697420634375 0.6024305562500001 0.7021329359374999 0.5989583328125 0.7051091265625 0.5982142859375 0.705853175 0.5947420640625001 0.703869046875 0.5895337296875 0.708829365625 0.5895337296875 0.7100694437499999 0.5830853171875 0.708829365625 0.5820932546875001 0.7078373015625 0.577876984375 0.7115575390625 0.5761408734375 0.7145337296875 0.5731646828125 0.721230159375 0.563244046875 0.7237103171875 0.5570436515625 0.72470238125 0.5523313484375 0.7242063484375 0.5424107140625 0.722222221875 0.5364583328125 0.71552579375 0.525049603125 0.709325396875 0.518601190625 0.7011408734375 0.512896825 0.6892361109375 0.5069444437499999 0.6785714281249999 0.5039682546875001 0.6651785718750001 0.502728175 0.6545138890625 0.5037202375 0.64657738125 0.506200396875 0.6354166671875 0.51240079375 0.6292162703125 0.51884920625 0.6237599203124999 0.530505953125 0.6230158734375 0.5386904765625 0.62450396875 0.5451388890625 0.627480159375 0.5478670640625001 0.630704365625 0.5540674609375
2 0.7229662703125 0.69345238125 0.7209821421875 0.7021329359374999 0.7229662703125 0.7098214281249999 0.7209821421875 0.7123015875 0.721478175 0.7150297625 0.72842261875 0.7209821421875 0.7477678578125 0.7306547625 0.7619047625 0.7333829359374999 0.7797619046875 0.73387896875 0.793898809375 0.7299107140625 0.7983630953125 0.724454365625 0.802579365625 0.7239583328125 0.8043154765624999 0.7207341265625 0.8102678578125 0.7170138890625 0.81845238125 0.708829365625 0.8244047625 0.6979166671875 0.8244047625 0.6941964281249999 0.812748015625 0.6827876984375 0.8162202375 0.6770833328125 0.8169642859374999 0.672619046875 0.8234126984374999 0.6654265875 0.8239087296875001 0.6617063484375 0.8231646828124999 0.659226190625 0.8172123015625001 0.6483134921875 0.8125 0.6421130953125 0.80654761875 0.6359126984375 0.802579365625 0.6336805562500001 0.7978670640625001 0.63467261875 0.7916666671875 0.6341765875 0.77157738125 0.627480159375 0.7519841265625 0.6183035718750001 0.7482638890625 0.612847221875 0.7447916671875 0.612847221875 0.7301587296875 0.6158234125 0.71825396875 0.62177579375 0.7068452375 0.6331845234375 0.702380953125 0.6416170640625001 0.700644840625 0.6475694437499999 0.699652778125 0.6542658734375 0.705605159375 0.6584821421875 0.7224702375 0.6884920640625001 0.7229662703125 0.69345238125
2 0.6639384921875 0.7477678578125 0.6698908734375 0.7477678578125 0.69717261875 0.7393353171875 0.7013888890625 0.7361111109375 0.7046130953125 0.731398809375 0.70634920625 0.7261904765625 0.7098214281249999 0.721230159375 0.715773809375 0.7083333328125 0.719494046875 0.703373015625 0.7229662703125 0.6914682546875001 0.7167658734375 0.6770833328125 0.7147817453124999 0.674851190625 0.7103174609375 0.6654265875 0.706597221875 0.66220238125 0.7046130953125 0.6584821421875 0.7021329359374999 0.6572420640625001 0.69990079375 0.6545138890625 0.69717261875 0.6540178578125 0.6760912703125 0.658978175 0.661954365625 0.6641865078125 0.6480654765625 0.70362103125 0.6475694437499999 0.7078373015625 0.6488095234375 0.715277778125 0.6614583328125 0.7457837296875 0.6639384921875 0.7477678578125
2 0.5577876984375 0.7224702375 0.560019840625 0.724454365625 0.593005953125 0.7390873015625 0.6021825390625 0.7445436515625 0.6081349203124999 0.7460317453124999 0.6111111109375 0.7490079359374999 0.615079365625 0.750248015625 0.6230158734375 0.7549603171875 0.6267361109375 0.7542162703125 0.6292162703125 0.7480158734375 0.6316964281249999 0.7445436515625 0.6383928578125 0.72842261875 0.6421130953125 0.715277778125 0.6416170640625001 0.7120535718750001 0.6351686515625 0.7108134921875 0.6004464281249999 0.6939484125 0.5777943953125 0.6846892359375001 0.5761408734375 0.6827876984375 0.56845238125 0.6805555562500001 0.5642361109375 0.68154761875 0.552579365625 0.703125 0.5486111109375 0.7123015875 0.5488591265625 0.7167658734375 0.5523313484375 0.7209821421875 0.5577876984375 0.7224702375
2 0.52529761875 0.4164186515625 0.5324900796875001 0.41220238125 0.5486111109375 0.406498015625 0.5674603171875 0.4047619046875 0.5768849203124999 0.4052579359375 0.5957341265625 0.40848214218749995 0.606646825 0.4126984125 0.6232638890625 0.4233630953125 0.6269841265625 0.42906746093750003 0.637648809375 0.4325396828125 0.6421130953125 0.4320436515625 0.6602182546875001 0.42385912656249997 0.6617063484375 0.422123015625 0.662450396875 0.3960813484375 0.6644345234375 0.38169642812500004 0.6639384921875 0.3633432546875 0.66220238125 0.360119046875 0.6584821421875 0.35838293593750004 0.6423611109375 0.3573908734375 0.6314484125 0.3544146828125 0.5974702375 0.3516865078125 0.5540674609375 0.346478175 0.5431547625 0.3457341265625 0.5354662703125 0.346478175 0.534226190625 0.3477182546875 0.530505953125 0.36036706406249996 0.525545634375 0.393601190625 0.5233134921875 0.40178571406249997 0.5233134921875 0.4077380953125 0.5220734125 0.4126984125 0.5230654765625 0.41617063437499996 0.52529761875 0.4164186515625