3 0.652777778125 0.6520337296875 0.6542658734375 0.6547619046875 0.656994046875 0.66865079375 0.6736111109375 0.6785714281249999 0.6763392859375 0.681795634375 0.6768353171875 0.7462797625 0.6733630953125 0.747519840625 0.671875 0.7519841265625 0.669394840625 0.753472221875 0.669394840625 0.7549603171875 0.671626984375 0.7607142859375 0.6733630953125 0.7824900796875001 0.6790674609375 0.7986111109375 0.690972221875 0.802579365625 0.706597221875 0.8048115078125001 0.716269840625 0.8043154765624999 0.7294146828125 0.8020833328125001 0.7390873015625 0.7981150796875001 0.74404761875 0.793898809375 0.749751984375 0.7914186515625 0.7509920640625001 0.7884424609375 0.7564484125 0.78720238125 0.75967261875 0.7832341265625 0.7636408734375 0.7824900796875001 0.7708333328125 0.778273809375 0.7792658734375 0.7757936515625 0.7829861109375 0.7735615078125 0.802579365625 0.7705853171875 0.809523809375 0.768353175 0.813244046875 0.7708333328125 0.8142361109375 0.775049603125 0.8177083328125001 0.7800099203124999 0.8301091265625 0.7867063484375 0.83779761875 0.7884424609375 0.8578869046875001 0.786954365625 0.865079365625 0.7852182546875001 0.880704365625 0.775545634375 0.8856646828124999 0.768105159375 0.8888888890625 0.7576884921875 0.896329365625 0.7537202375 0.8980654765624999 0.7509920640625001 0.9171626984374999 0.6388888890625 0.9196428578125 0.630704365625 0.918402778125 0.6269841265625 0.92237103125 0.6158234125 0.921130953125 0.606894840625 0.9151785718750001 0.5982142859375 0.911954365625 0.5897817453124999 0.9040178578125 0.5820932546875001 0.9012896828124999 0.581101190625 0.8921130953124999 0.581101190625 0.8764880953124999 0.5833333328125 0.8727678578125 0.5848214281249999 0.8616071421875 0.5858134921875 0.843998015625 0.590773809375 0.8080357140625001 0.591269840625 0.7824900796875001 0.5949900796875001 0.778521825 0.5977182546875001 0.7745535718750001 0.59697420625 0.7579365078125 0.5992063484375 0.7480158734375 0.5984623015625 0.7291666671875 0.5927579359374999 0.7209821421875 0.5885416671875 0.71279761875 0.5865575390625 0.7048611109375 0.5855654765625 0.7013888890625 0.5870535718750001 0.690476190625 0.5870535718750001 0.6708829359374999 0.594494046875 0.65625 0.606398809375 0.6540178578125 0.6106150796875001 0.65029761875 0.610119046875 0.6483134921875 0.6138392859375 0.6480654765625 0.62177579375 0.6495535718750001 0.6292162703125 0.6498015875 0.6507936515625 0.652777778125 0.6520337296875
3 0 0.5642361109375 0.005704365625 0.5642361109375 0.011408729687499999 0.5605158734375 0.021329365625 0.5585317453124999 0.0265376984375 0.5558035718750001 0.0290178578125 0.5555555562500001 0.0332341265625 0.552579365625 0.037946428125 0.5513392859375 0.03993055625 0.549355159375 0.0491071421875 0.5483630953125 0.093501984375 0.5322420640625001 0.112103175 0.5240575390625 0.125 0.5208333328125 0.12847222187500001 0.518601190625 0.134424603125 0.5171130953125 0.13616071406250002 0.51512896875 0.17113095312499998 0.497271825 0.17361111093749998 0.4947916671875 0.1795634921875 0.49404761875 0.186383928125 0.4893353171875 0.19444444375 0.48809523749999995 0.20362103125000003 0.481398809375 0.20833333281250002 0.47222222187499996 0.21056547656250002 0.4697420640625 0.21155753906250002 0.46552579375 0.21378968281250002 0.4637896828125 0.2147817453125 0.4595734125 0.2147817453125 0.45684523749999995 0.21279761874999997 0.45262896875 0.21205357187499999 0.4479166671875 0.20585317500000003 0.43948412656249997 0.203373015625 0.43303571406249997 0.1976686515625 0.4270833328125 0.19469246093749998 0.41964285781250005 0.19469246093749998 0.41617063437499996 0.193204365625 0.4136904765625 0.19097222187500001 0.412450396875 0.14037698437499999 0.33705357187499996 0.13715277812499999 0.334325396875 0.1364087296875 0.33134920625 0.11681547656249999 0.3018353171875 0.10119047656249999 0.28125 0.09548611093750001 0.278769840625 0.090277778125 0.278521825 0.07986111093750001 0.28224206406249996 0.07638888906249999 0.2859623015625 0.0644841265625 0.2884424609375 0.0486111109375 0.294146825 0.0362103171875 0.3010912703125 0.07295436562499999 0.3549317953125 0 0.3871321921875 0 0.5642361109375
3 0.4325396828125 0.1356646828125 0.43179563437499996 0.13888888906250002 0.42881944375 0.14310515937499999 0.421875 0.1671626984375 0.42113095312500004 0.1760912703125 0.4231150796875 0.178571428125 0.4360119046875 0.1852678578125 0.44915674531249994 0.190476190625 0.46031746093750003 0.196924603125 0.46651785781250005 0.1981646828125 0.46924603125 0.19717261875 0.4702380953125 0.1966765875 0.47073412656249997 0.1929563484375 0.47247023749999995 0.1912202375 0.4789186515625 0.18923611093749998 0.4853670640625 0.194196428125 0.49007936562500004 0.1956845234375 0.49429563437499996 0.1989087296875 0.5012400796875001 0.20138888906250002 0.509424603125 0.20634920625 0.5173611109375 0.2085813484375 0.52802579375 0.20982142812500001 0.5302579359374999 0.209325396875 0.53447420625 0.20560515937499999 0.5394345234375 0.19593253906250002 0.54365079375 0.184523809375 0.546130953125 0.1820436515625 0.55009920625 0.17237103125 0.5540674609375 0.1703869046875 0.5545634921875 0.16840277812499999 0.5540674609375 0.1612103171875 0.5523313484375 0.15550595312499998 0.5386904765625 0.146825396875 0.536954365625 0.1448412703125 0.521329365625 0.13740079375 0.5173611109375 0.1359126984375 0.514880953125 0.1364087296875 0.5009920640625001 0.1314484125 0.49925595312500004 0.125 0.43675595312500004 0.125 0.4360119046875 0.12946428593749998 0.4325396828125 0.1356646828125
3 0.54092261875 0.13814484062500001 0.5446428578125 0.14037698437499999 0.5486111109375 0.1470734125 0.55654761875 0.15277777812499999 0.564980159375 0.15451388906250002 0.5761408734375 0.159226190625 0.5825892859375 0.1599702375 0.591269840625 0.15947420625 0.599454365625 0.15674603125 0.6083829359374999 0.150545634375 0.6160714281249999 0.1391369046875 0.6202876984375 0.1299603171875 0.6207837296875 0.1264880953125 0.6207837296875 0.125 0.543402778125 0.125 0.543898809375 0.1264880953125 0.54092261875 0.13814484062500001
3 0.7673611109375 0.48090277812500004 0.7733134921875 0.48759920625 0.778273809375 0.490575396875 0.781498015625 0.4945436515625 0.784722221875 0.49677579375 0.7881944437499999 0.502728175 0.790674603125 0.5101686515625 0.7981150796875001 0.5166170640625001 0.7991071421875 0.521825396875 0.8043154765624999 0.5245535718750001 0.80654761875 0.528521825 0.8102678578125 0.5300099203124999 0.8139880953124999 0.533730159375 0.8258928578125 0.5322420640625001 0.8323412703124999 0.5262896828125 0.8422619046875001 0.52157738125 0.8422619046875001 0.513144840625 0.84375 0.5116567453124999 0.865575396875 0.5079365078125 0.8730158734375 0.505704365625 0.8772321421875 0.502976190625 0.890873015625 0.49801587343750003 0.8926091265625 0.4950396828125 0.8970734125 0.4935515875 0.900049603125 0.49007936562500004 0.9040178578125 0.48859127031250005 0.9201388890625 0.47321428593750003 0.9241071421875 0.465773809375 0.9283234125 0.4623015875 0.9303075390625001 0.4583333328125 0.937251984375 0.4513888890625 0.9387400796875 0.44866071406249997 0.94345238125 0.4451884921875 0.9511408734375 0.43402777812500004 0.953869046875 0.428075396875 0.955853175 0.42237103125 0.9578373015625001 0.41046627031250005 0.95634920625 0.393105159375 0.9541170640625 0.38467261875 0.9484126984374999 0.377480159375 0.9464285718750001 0.372271825 0.9360119046875001 0.3645833328125 0.931795634375 0.362103175 0.9176587296875001 0.35838293593750004 0.911954365625 0.3546626984375 0.8926091265625 0.34722222187499996 0.8886408734375 0.343005953125 0.869295634375 0.3385416671875 0.846230159375 0.3422619046875 0.8298611109375 0.3484623015625 0.8134920640625 0.356894840625 0.7983630953125 0.3685515875 0.7931547625 0.375744046875 0.7891865078125 0.37822420625 0.7884424609375 0.381200396875 0.780505953125 0.3891369046875 0.7710813484375 0.4012896828125 0.7641369046875 0.415178571875 0.7606646828125 0.419394840625 0.759920634375 0.43179563437499996 0.7581845234375 0.4365079359375 0.7569444437499999 0.44469246093750003 0.7569444437499999 0.45709325468750006 0.7584325390625 0.462549603125 0.7638888890625 0.47197420625 0.7673611109375 0.48090277812500004
3 0.9206349203125 0.47470238125 0.902777778125 0.491071428125 0.8841765875 0.502480159375 0.8702876984374999 0.5084325390625 0.8573908734375 0.51240079375 0.8484623015625001 0.513144840625 0.8489583328125001 0.51884920625 0.8519345234375001 0.5220734125 0.8511904765624999 0.5238095234375 0.8519345234375001 0.5275297625 0.859126984375 0.531001984375 0.8638392859374999 0.5394345234375 0.86904761875 0.5448908734375 0.8834325390625001 0.550347221875 0.8873182046875 0.5505952375 0.8921130953124999 0.552579365625 0.9047619046875001 0.5505952375 0.9077380953124999 0.5488591265625 0.9149305562500001 0.547123015625 0.9397321421875 0.547123015625 0.9518849203125 0.5431547625 0.9553571421875 0.5404265875 0.958829365625 0.5399305562500001 0.9672619046875001 0.5359623015625 0.9913194437499999 0.5203373015625 0.9957837296875001 0.515376984375 0.999751984375 0.5133928578125 0.999751984375 0.4439484125 0.996527778125 0.4427083328125 0.983630953125 0.43328372968749995 0.9776785718750001 0.43055555625 0.9632936515624999 0.4273313484375 0.9551091265625 0.4295634921875 0.950396825 0.43948412656249997 0.9414682546875 0.44990079375 0.931299603125 0.459325396875 0.9206349203125 0.47470238125
3 0.9203869046875001 0.6240079359374999 0.9206349203125 0.6316964281249999 0.919394840625 0.6386408734375 0.9134424609374999 0.65947420625 0.909226190625 0.6912202375 0.9104662703124999 0.6966765875 0.9231150796875 0.7043650796875001 0.9387400796875 0.7098214281249999 0.96552579375 0.7123015875 0.9704861109375 0.7113095234375 0.999751984375 0.7123015875 0.999751984375 0.5421626984375 0.9935515875 0.5426587296875 0.9756944437499999 0.547123015625 0.9489087296875001 0.5582837296875 0.9283234125 0.5704365078125 0.9131944437499999 0.5825892859375 0.9109623015625001 0.5863095234375 0.91592261875 0.5959821421875 0.9233630953124999 0.606894840625 0.9233630953124999 0.6135912703125 0.9203869046875001 0.6240079359374999
3 0.7011408734375 0.5257936515625 0.699652778125 0.527777778125 0.6994047625 0.530505953125 0.7011408734375 0.531994046875 0.7053571421875 0.5275297625 0.7011408734375 0.5257936515625
3 0.403521825 0.4360119046875 0.4077380953125 0.4456845234375 0.41319444375 0.4516369046875 0.41790674531249994 0.4546130953125 0.42237103125 0.46031746093750003 0.4265873015625 0.4632936515625 0.4357638890625 0.46676587343750003 0.43799603125 0.4697420640625 0.443700396875 0.471726190625 0.44717261875 0.474950396875 0.462549603125 0.48115079375 0.46949404687499996 0.4826388890625 0.48859127031250005 0.4826388890625 0.505704365625 0.48065476250000005 0.521329365625 0.47594246093750003 0.525049603125 0.47296627031250005 0.53075396875 0.47073412656249997 0.5332341265625 0.4672619046875 0.5381944437499999 0.46527777812500004 0.5448908734375 0.46006944375 0.5488591265625 0.4541170640625 0.5538194437499999 0.44990079375 0.559027778125 0.4424603171875 0.5642361109375 0.43948412656249997 0.56572420625 0.435019840625 0.568204365625 0.43328372968749995 0.5706845234375 0.428571428125 0.5758928578125 0.41344246093750003 0.57217261875 0.403521825 0.571924603125 0.3955853171875 0.5741567453124999 0.39012896874999997 0.5734126984375 0.38368055624999997 0.5741567453124999 0.3762400796875 0.5731646828125 0.36904761875 0.5674603171875 0.3554067453125 0.5625 0.3484623015625 0.5602678578125 0.34325396874999997 0.5451388890625 0.330605159375 0.5357142859375 0.32465277812500004 0.525049603125 0.32118055624999997 0.521329365625 0.318700396875 0.5064484125 0.314980159375 0.49032738125 0.3139880953125 0.471478175 0.3147321421875 0.4422123015625 0.3231646828125 0.42881944375 0.33134920625 0.424355159375 0.33134920625 0.42385912656249997 0.33482142812500004 0.41964285781250005 0.3373015875 0.41592261875 0.3373015875 0.4139384921875 0.3417658734375 0.4079861109375 0.346726190625 0.40029761875 0.362103175 0.3953373015625 0.37822420625 0.3926091265625 0.39012896874999997 0.3945932546875 0.4136904765625 0.3980654765625 0.4270833328125 0.403521825 0.4360119046875
3 0.343005953125 0.3050595234375 0.3454861109375 0.3077876984375 0.356398809375 0.30580357187499996 0.3886408734375 0.302579365625 0.3923611109375 0.3008432546875 0.39657738125 0.3005952375 0.39955357187499996 0.2991071421875 0.4012896828125 0.296626984375 0.39756944375000003 0.268105159375 0.3960813484375 0.2641369046875 0.396329365625 0.2606646828125 0.38715277812500004 0.2175099203125 0.3769841265625 0.161954365625 0.37549603125000003 0.1445932546875 0.3764880953125 0.14112103125 0.3762400796875 0.13740079375 0.377728175 0.1351686515625 0.377728175 0.1289682546875 0.3764880953125 0.125 0.30381944375000003 0.125 0.3040674609375 0.1324404765625 0.343005953125 0.3050595234375
3 0.106646825 0.56845238125 0.10714285781249999 0.5731646828125 0.1103670640625 0.5706845234375 0.12748015937499999 0.5731646828125 0.1386408734375 0.5771329359374999 0.14236111093749998 0.5796130953125 0.16939484062500001 0.5873015875 0.18030753906250002 0.5927579359374999 0.18700396875 0.593998015625 0.196924603125 0.5984623015625 0.20064484062500001 0.5982142859375 0.2043650796875 0.6004464281249999 0.20982142812500001 0.6019345234375 0.2175099203125 0.59970238125 0.221726190625 0.5954861109375 0.22470238125000003 0.594494046875 0.2676091265625 0.5508432546875001 0.27232142812500004 0.530505953125 0.268353175 0.5265376984375 0.24107142812500001 0.51240079375 0.22073412656250002 0.5022321421875 0.21552579375 0.5009920640625001 0.20882936562499999 0.497271825 0.20039682499999997 0.49429563437499996 0.19717261875 0.4947916671875 0.1889880953125 0.49950396875 0.18402777812499999 0.5044642859375 0.16344246093749998 0.516369046875 0.15798611093749998 0.516369046875 0.15277777812499999 0.5141369046875 0.146329365625 0.5089285718750001 0.1428571421875 0.5101686515625 0.08209325468749999 0.5394345234375 0.0796130953125 0.5394345234375 0.07936507968749999 0.54092261875 0.07762896875 0.5421626984375 0.07118055625 0.5424107140625 0.06994047656249999 0.547123015625 0.0716765875 0.5513392859375 0.07638888906249999 0.5540674609375 0.10491071406250001 0.565228175 0.106646825 0.56845238125
3 0.06101190468749999 0.6185515875 0.062251984375 0.6175595234375 0.078125 0.6111111109375 0.08506944375 0.6044146828125 0.096478175 0.5860615078125 0.10243055625 0.5741567453124999 0.1041666671875 0.5674603171875 0.10119047656249999 0.5642361109375 0.096478175 0.563244046875 0.090277778125 0.559771825 0.081597221875 0.5580357140625 0.0696924609375 0.5467509921875 0.0696924609375 0.5451388890625 0.06845238125 0.543898809375 0.056299603125 0.54737103125 0.0540674609375 0.5483630953125 0.043402778125 0.559523809375 0.040674603125 0.5639880953125 0.040178571875 0.568700396875 0.04365079375 0.5696924609375 0.043898809375 0.571924603125 0.0386904765625 0.5734126984375 0.0349702375 0.5758928578125 0.0329861109375 0.57862103125 0.0295138890625 0.5803571421875 0.0260416671875 0.594494046875 0.025049603124999997 0.5952380953125 0.0240575390625 0.6039186515625 0.0560515875 0.62177579375 0.060019840625 0.62177579375 0.06101190468749999 0.6185515875
3 0.0825892859375 0.638144840625 0.09424603125 0.650545634375 0.102678571875 0.656001984375 0.11185515937499999 0.6572420640625001 0.1232638890625 0.6629464281249999 0.12673611093749998 0.6617063484375 0.12946428593749998 0.653273809375 0.1326884921875 0.6507936515625 0.1359126984375 0.6450892859375 0.13616071406250002 0.6418650796875001 0.1341765875 0.64012896875 0.1331845234375 0.637152778125 0.1341765875 0.6336805562500001 0.137648809375 0.6299603171875 0.13988095312499998 0.62450396875 0.143601190625 0.6210317453124999 0.14756944375 0.615079365625 0.1470734125 0.61259920625 0.140625 0.603174603125 0.13616071406250002 0.5922619046875 0.13467261875 0.591021825 0.1314484125 0.5915178578125 0.1299603171875 0.5892857140625 0.12251984062500001 0.5885416671875 0.0922619046875 0.5974702375 0.0796130953125 0.610119046875 0.06770833281250001 0.615575396875 0.06770833281250001 0.61904761875 0.07638888906249999 0.6294642859375 0.07911706406249999 0.6356646828125 0.0825892859375 0.638144840625
3 0.07118055625 0.8382936515624999 0.075148809375 0.840773809375 0.08134920625 0.849454365625 0.08779761875 0.8521825390625001 0.0922619046875 0.8529265875 0.09325396875 0.855902778125 0.0957341265625 0.8573908734375 0.1108630953125 0.86259920625 0.12599206406250002 0.8638392859374999 0.131696428125 0.862847221875 0.13814484062500001 0.865079365625 0.14236111093749998 0.86532738125 0.150545634375 0.8603670640625 0.16468253906250002 0.85615079375 0.1855158734375 0.846230159375 0.1894841265625 0.841269840625 0.193700396875 0.8390376984374999 0.2018849203125 0.830605159375 0.2108134921875 0.815228175 0.21378968281250002 0.809027778125 0.2142857140625 0.8053075390625001 0.21279761874999997 0.8020833328125001 0.20510912656250002 0.797619046875 0.20262896874999997 0.794394840625 0.1927083328125 0.7919146828125 0.1912202375 0.7879464281249999 0.1927083328125 0.7824900796875001 0.1894841265625 0.7775297625 0.184771825 0.7770337296875 0.17509920625 0.7703373015625 0.165674603125 0.7668650796875001 0.15798611093749998 0.765873015625 0.14930555625 0.7633928578125 0.1470734125 0.7606646828125 0.14112103125 0.7576884921875 0.1386408734375 0.7544642859375 0.134424603125 0.7542162703125 0.127976190625 0.7569444437499999 0.12251984062500001 0.7549603171875 0.115575396875 0.7576884921875 0.1113591265625 0.7579365078125 0.10813492031250001 0.7609126984375 0.099950396875 0.7638888890625 0.08680555625 0.77157738125 0.07688492031250001 0.7824900796875001 0.0736607140625 0.7886904765625 0.071428571875 0.8020833328125001 0.06795634843750001 0.810019840625 0.0669642859375 0.82217261875 0.0689484125 0.8323412703124999 0.0709325390625 0.8355654765624999 0.07118055625 0.8382936515624999
3 0.20882936562499999 0.799851190625 0.21205357187499999 0.7988591265625 0.21676587343749998 0.799603175 0.221726190625 0.7991071421875 0.22842261874999997 0.8020833328125001 0.2358630953125 0.8033234125 0.2435515875 0.809027778125 0.24826388906250002 0.809027778125 0.264880953125 0.8137400796875 0.26661706406249996 0.8177083328125001 0.265625 0.8266369046875001 0.2673611109375 0.8323412703124999 0.271329365625 0.833829365625 0.2790178578125 0.833829365625 0.28224206406249996 0.8239087296875001 0.2824900796875 0.8137400796875 0.283730159375 0.8107638890625 0.2864583328125 0.809027778125 0.287450396875 0.8055555562500001 0.29092261875 0.799851190625 0.293898809375 0.797123015625 0.299355159375 0.7881944437499999 0.3033234125 0.7849702375 0.30927579375 0.7765376984375 0.3125 0.7738095234375 0.31349206406249996 0.7710813484375 0.3162202375 0.769097221875 0.3226686515625 0.759920634375 0.3318452375 0.750248015625 0.3382936515625 0.7415674609375 0.34325396874999997 0.737103175 0.3452380953125 0.7333829359374999 0.35069444375000003 0.7274305562500001 0.36607142812500004 0.706597221875 0.365079365625 0.7043650796875001 0.3629712296875 0.7046130953125 0.3551587296875 0.700396825 0.34275793593750004 0.6830357140625 0.34275793593750004 0.6758432546875001 0.346230159375 0.6669146828125 0.3519345234375 0.65625 0.35069444375000003 0.6545138890625 0.3457341265625 0.653273809375 0.3353174609375 0.6478174609375 0.3363095234375 0.64384920625 0.33779761875 0.6421130953125 0.341269840625 0.64384920625 0.3422619046875 0.6421130953125 0.33680555624999997 0.641369046875 0.3298611109375 0.638144840625 0.32911706406249996 0.6334325390625 0.32713293593750004 0.6316964281249999 0.32217261875 0.6289682546875001 0.3142361109375 0.627480159375 0.3082837296875 0.6235119046875 0.30555555624999997 0.6232638890625 0.299355159375 0.6272321421875 0.2849702375 0.6478174609375 0.28075396874999997 0.6522817453124999 0.2790178578125 0.65674603125 0.2738095234375 0.6634424609375 0.271825396875 0.66865079375 0.25669642812500004 0.6889880953125 0.2547123015625 0.6946924609375 0.252480159375 0.6976686515625 0.25347222187499996 0.6994047625 0.25099206406249996 0.703373015625 0.2514880953125 0.7046130953125 0.255704365625 0.70634920625 0.263144840625 0.7123015875 0.24280753906250002 0.7415674609375 0.24032738125000003 0.74032738125 0.23635912656250002 0.7418154765625 0.2251984125 0.7415674609375 0.2199900796875 0.7462797625 0.1956845234375 0.78125 0.1939484125 0.7849702375 0.193700396875 0.7886904765625 0.19469246093749998 0.790674603125 0.2070932546875 0.7978670640625001 0.20882936562499999 0.799851190625
3 0.3022016375 0.1300649796875 0.0008117562499999999 0.1252681046875 0.0008117562499999999 0.3099506453125 0.031190476562500003 0.295559771875 0.0375860609375 0.3027552078125 0.07036334375 0.2883643359375 0.094346478125 0.2763720234375 0.14163268906249998 0.335349703125 0.2830151296875 0.2662822421875 0.297405009375 0.24469618125 0.31099553593749996 0.1639474203125 0.3022016375 0.1300649796875
3 0.22088417656249998 0.34821875 0.2273754953125 0.34721999062500003 0.3297380953125 0.402149553125 0.34022395781250003 0.3776810515625 0.3661889875 0.37518427656250003 0.3681865078125 0.3612021328125 0.3701837796875 0.32125322343749996 0.353705853125 0.3102673609375 0.342720734375 0.3087693453125 0.3197514875 0.3347361109375 0.30626959375 0.3372328875 0.3002775296875 0.3272455359375 0.31126289687500003 0.306771825 0.3192522328125 0.29029290625000004 0.28780778749999997 0.27230580312499997 0.215405009375 0.305762896875 0.1868134921875 0.3563821921875 0.199412946875 0.37867981093749997 0.21788814531249998 0.349716765625 0.22088417656249998 0.34821875
3 0.24485193437500002 0.45672569375 0.24984523749999998 0.45073338281249997 0.2568358140625 0.44723784687499996 0.26332713281250003 0.4457395828125 0.2778077875 0.43525322343750006 0.27830704375000004 0.43025942500000003 0.273313740625 0.420771578125 0.2663231640625 0.4182748015625 0.2543392859375 0.420272321875 0.2368625984375 0.422269840625 0.23087078437500003 0.4192735609375 0.18143725156249998 0.358851190625 0.1794397328125 0.353857390625 0.18193650781249998 0.34686656718750003 0.193163690625 0.33425074375 0.1977046125 0.32451934531250004 0.1973802078125 0.31803199375 0.19413665625 0.3121932046875 0.1402938984375 0.3394407234375 0.2067864578125 0.4395124015625 0.21619295625 0.458326140625 0.2158685515625 0.463191715625 0.2038673109375 0.4839516375 0.1511436015625 0.5096765875 0.15796875 0.516648809375 0.163461309375 0.51565005 0.1784412203125 0.5046641859375 0.24485193437500002 0.45672569375
3 0.018336309375000002 0.8145758921875 0.02903993125 0.8126297125 0.0423385421875 0.8132782734375 0.044284721875 0.8090615078125 0.05433978125 0.8090615078125 0.0634216265625 0.805493303125 0.07023313437499999 0.7996547625 0.07607142812499999 0.7840845734374999 0.0929379953125 0.7659196421875001 0.08677529687499999 0.7578102671875 0.052718006250000005 0.7380235609375 0.045582093750000004 0.7406185515625 0.0186607140625 0.756512896875 0.000001984375 0.776755953125 0.00082118125 0.8145758921875 0.0030915171875 0.816846478125 0.018336309375000002 0.8145758921875
3 0.269387153125 0.5516681546875 0.208408234375 0.6094067453124999 0.1785677078125 0.5941612109375 0.1698100203125 0.5957829859375 0.131860615625 0.633410465625 0.13218502031249998 0.643141865625 0.137050346875 0.644763640625 0.1308874015625 0.6525486109374999 0.122778521875 0.6746061515624999 0.14483482187500002 0.6856349203125001 0.141915675 0.6892028765625 0.137698909375 0.6989342765625 0.141266865625 0.70088045625 0.133482390625 0.710287203125 0.12212996093749999 0.7420761406249999 0.1638224203125 0.7589107140625 0.29209201406249996 0.6373851687500001 0.2907943953125 0.602352678125 0.2865778765625 0.5610749015625001 0.269387153125 0.5516681546875
3 0.2496014390625 0.70226016875 0.264521825 0.675337053125 0.255115575 0.6711200390625 0.16170114062500002 0.7587013890625001 0.122454365625 0.740860615625 0.1344553578125 0.708423115625 0.14159127031250002 0.7019357640624999 0.1364015375 0.699665178125 0.14223983125 0.683446428125 0.122778521875 0.6743638390625 0.1266708828125 0.6662544640625 0.12180555625 0.6613888890624999 0.110453125 0.6565233140625 0.0978033234375 0.654252728125 0.0887212296875 0.6458189484375 0.0828829359375 0.63900694375 0.0747740578125 0.634790178125 0.00082118125 0.5931879953125 0.00107266875 0.6786063984374999 0.19413665625 0.7810830859375 0.2064623015625 0.754484375 0.211976190625 0.734048859375 0.2496014390625 0.70226016875
3 0.1160627484375 0.7423814484375 0.070236359375 0.71641170625 0.0529494046875 0.7356220234374999 0.095440971875 0.7607132937500001 0.1023147328125 0.7588038187499999 0.10689756875 0.756512153125 0.1160627484375 0.7423814484375
3 0.3082423109375 0.7935756453125 0.292080109375 0.8372442953125001 0.3329107140625 0.8437661203125 0.35446006875 0.7862028765625 0.33415625000000004 0.783051090625 0.33319419687499996 0.8077537203125 0.31022693437500004 0.8091713796875 0.3082423109375 0.7935756453125
3 0.38905282812499997 0.7629506453125 0.389336309375 0.7439521328125 0.3643841765625 0.7419670140625 0.3575791171875 0.7399821421875 0.3414171625 0.7396986609375 0.333477678125 0.7501904765625 0.3347802578125 0.783051090625 0.357295634375 0.7850687 0.3604146828125 0.7754275796875 0.3882021328125 0.7748603671875001 0.38905282812499997 0.7629506453125
3 0.35871329375 0.7751798109375 0.35842981093750004 0.7856716265625 0.3536096234375 0.7842539687500001 0.35502728125 0.787089534375 0.3502068453125 0.807505953125 0.3862172625 0.809774553125 0.389903521875 0.7729114578125 0.3859337796875 0.7751798109375 0.35871329375 0.7751798109375
3 0.3516247515625 0.726546875 0.3541765875 0.7327852187499999 0.3799794140625 0.7282482640625 0.38026289687500003 0.70499603125 0.36920461250000003 0.7038618546875 0.3516247515625 0.726546875
3 0.3940119046875 0.797106646875 0.393826884375 0.8052502484374999 0.395492559375 0.811728175 0.41930977187499996 0.8094813984375 0.41455505937500003 0.7897031250000001 0.395492559375 0.7917390875 0.3940119046875 0.797106646875
3 0.39345684531249997 0.7761922125 0.39419717187500003 0.7832251984374999 0.3956775796875 0.790443453125 0.41401488124999997 0.7880984625 0.4088177078125 0.7673080359375 0.393826884375 0.769158978125 0.39345684531249997 0.7761922125
3 0.3888298609375 0.76416170625 0.390310515625 0.767123015625 0.395492559375 0.769158978125 0.40844766874999994 0.765087053125 0.4043759921875 0.7500952375 0.4028955859375 0.7447279265625 0.38957018906249996 0.746948909375 0.3888298609375 0.76416170625
3 0.38068675625 0.721915675 0.3801314484375 0.729133928125 0.377725446875 0.73172495 0.37383903749999997 0.7322802578125 0.3740240578125 0.7354268359375 0.3760600203125 0.742830109375 0.39974925625 0.7413494546875 0.39641790625 0.719139384375 0.3914208828125 0.7204350203125001 0.38068675625 0.721915675
3 0.4546852671875 0.7090729171875 0.516184028125 0.5855766375 0.516184028125 0.579469990625 0.502662946875 0.5772891859375 0.39580357187500004 0.5790337296875 0.3879526296875 0.5777251984375 0.34215550625 0.682029265625 0.356548859375 0.700785465625 0.4040905265625 0.6698159718750001 0.41368601250000003 0.6453896328125001 0.4215369546875 0.6305592765625 0.431132440625 0.6209630453125 0.441600446875 0.6148563984375001 0.4533767359375 0.6139841265625 0.460355159375 0.616601190625 0.459919146875 0.627505953125 0.44683432500000003 0.6558581343750001 0.4372388390625 0.6706884921875 0.42110069375 0.6763588796875 0.412813740625 0.6754866078124999 0.4071436015625 0.67592261875 0.357857390625 0.7029662703125 0.385771825 0.7042748015625 0.4546852671875 0.7090729171875
3 0.3882807546875 0.5248447421875 0.3857973703125 0.5204295640625001 0.35075322343750004 0.5187738093750001 0.3474419640625 0.5124268359374999 0.3267467765625 0.5121507937499999 0.322055803125 0.522912946875 0.322055803125 0.5295359625 0.322331596875 0.5408499499999999 0.32397495 0.547690228125 0.3502013890625 0.5466450890625 0.3518568953125 0.5394702375 0.38717683593749996 0.5342271828125 0.3882807546875 0.5248447421875
3 0.36951686562499997 0.5869692453125 0.37448387968749997 0.5825540671875 0.3714486609375 0.5668246531250001 0.3515811015625 0.5651688984375001 0.35075322343750004 0.5577182546875 0.3446825390625 0.5566143359375 0.327850446875 0.5568903765625 0.32481522812499997 0.5676525296875 0.325091021875 0.5784146828125001 0.32536706406250004 0.5933162203125 0.327850446875 0.5963516859375 0.33254141875 0.5944201390625 0.3460622515625 0.595248015625 0.34937351250000004 0.58752108125 0.35571999062500004 0.5872452874999999 0.36951686562499997 0.5869692453125
3 0.486037203125 0.7775763890625 0.4850518359375 0.7977735609375001 0.489977678125 0.798758928125 0.4919481640625 0.7930937499999999 0.492933284375 0.7758521828125 0.5155922625 0.772896578125 0.51731646875 0.7812708328125 0.5244588296875 0.78053199375 0.5288921125 0.778315228125 0.5402217265625 0.7760984625 0.5416994046875 0.76969444375 0.559925346875 0.767477678125 0.559925346875 0.760334821875 0.5584474203124999 0.7529454359375001 0.5542604171875001 0.7571326890625001 0.5483494546875 0.7556547625000001 0.5424384921875001 0.7524528765625 0.5377586812499999 0.7546696421875 0.53455704375 0.7472802578125 0.5165776296875 0.747773065625 0.5146071421875 0.7571326890625001 0.492933284375 0.7610736609375001 0.4953963296875 0.7179697421875 0.48973139843749997 0.7201865078125 0.4862834828125 0.760334821875 0.4818501984375 0.760334821875 0.4806185515625 0.77708358125 0.486037203125 0.7775763890625
3 0.5739640374999999 0.6952780265625 0.5567234625 0.6782827375 0.5303700390625 0.69355381875 0.5281532734375001 0.6987264390625 0.5234737109375 0.7024208828125 0.5183015875 0.70513045625 0.5094350203125 0.7038988093749999 0.5072182546875 0.70439136875 0.5035240578125 0.7142438 0.5165498515625 0.72911805625 0.5261830359374999 0.7305002484374999 0.537019840625 0.7265592765625 0.579875 0.69823363125 0.5739640374999999 0.6952780265625
3 0.54711805625 0.73222420625 0.5495808531249999 0.7364114578125001 0.541945684375 0.7460176093750001 0.5412068453125001 0.748726934375 0.54711805625 0.755130953125 0.5547529765625 0.7571014390624999 0.5618955859375 0.74552505 0.5675602671875 0.7492197421875 0.570762153125 0.74995858125 0.57618055625 0.7433082843750001 0.5776584828125 0.73567261875 0.5759342765625 0.735180059375 0.5781510421875 0.7228645828125 0.5823380453125 0.7114407234375 0.5813216765625 0.70120386875 0.5626344249999999 0.7196626984375001 0.5520438984375 0.71867733125 0.54514756875 0.7258201890625 0.54711805625 0.73222420625
3 0.502538690625 0.714150296875 0.505248015625 0.7094702374999999 0.507957340625 0.7042978671875 0.5192867062500001 0.7038053078125001 0.5291383921875 0.6951845234375 0.5298774796875 0.689273065625 0.5229811515625 0.68533209375 0.513868303125 0.6843469734375 0.5062331343750001 0.6855783734374999 0.5017998515625 0.689273065625 0.5010610125 0.694691715625 0.5000758921874999 0.6981401296875 0.49859821406249993 0.696415921875 0.49810540625 0.6732628968750001 0.51731646875 0.67104613125 0.537019840625 0.66291790625 0.5424384921875001 0.6547899312500001 0.5594325390625 0.624986359375 0.553275296875 0.607991071875 0.5421922125 0.5983851687499999 0.5261830359374999 0.5900106640625 0.5141145828125 0.589271825 0.46153447343750004 0.6963256453125 0.46633358124999996 0.7195689484375001 0.4705205859375 0.7230173609375 0.49047048593750003 0.7203080359375 0.502538690625 0.714150296875
3 0.5758928578125 0.5017361109375 0.5798611109375 0.506200396875 0.5850694437499999 0.509424603125 0.5917658734375 0.5114087296875 0.605902778125 0.5114087296875 0.615575396875 0.5086805562500001 0.6230158734375 0.5037202375 0.628472221875 0.4985119046875 0.6326884921875 0.4923115078125 0.63467261875 0.48660714218749995 0.6359126984375 0.4779265875 0.63467261875 0.47321428593750003 0.62549603125 0.45870535781250005 0.62450396875 0.45362103125 0.6168154765625 0.437251984375 0.6158234125 0.43055555625 0.612847221875 0.42782738125 0.6073908734375 0.419394840625 0.6044146828125 0.41840277812500004 0.599454365625 0.41468253906249997 0.5954861109375 0.41344246093750003 0.583829365625 0.4141865078125 0.578373015625 0.41617063437499996 0.572420634375 0.4320436515625 0.5691964281249999 0.4365079359375 0.5669642859375 0.4424603171875 0.5667162703125 0.4580853171875 0.5699404765625 0.47222222187499996 0.5714285718750001 0.49305555625 0.5758928578125 0.5017361109375
3 0.3891369046875 0.5518353171875 0.389880953125 0.5545634921875 0.3886408734375 0.5570436515625 0.3856646828125 0.5582837296875 0.3854166671875 0.560019840625 0.38963293593750004 0.56845238125 0.3888888890625 0.574652778125 0.3921130953125 0.578373015625 0.459325396875 0.57762896875 0.47247023749999995 0.5763888890625 0.48239087343750003 0.577380953125 0.5069444437499999 0.5761408734375 0.6145833328125 0.5758928578125 0.6178075390625 0.571924603125 0.6195436515625 0.560019840625 0.6185515875 0.55282738125 0.6212797625 0.5453869046875 0.61904761875 0.5272817453124999 0.61532738125 0.51240079375 0.5949900796875001 0.5133928578125 0.580605159375 0.509424603125 0.5711805562500001 0.4982638890625 0.5691964281249999 0.4893353171875 0.5691964281249999 0.48363095312500004 0.565476190625 0.48214285781250005 0.462549603125 0.487351190625 0.4109623015625 0.49156746093750003 0.40029761875 0.49404761875 0.3990575390625 0.49553571406249997 0.387648809375 0.5332341265625 0.387896825 0.5421626984375 0.3851686515625 0.5491071421875 0.38616071406249997 0.5505952375 0.3891369046875 0.5518353171875
3 0.5533234125 0.6071428578125 0.5582837296875 0.625 0.5550595234375 0.6329365078125 0.5513392859375 0.6361607140625 0.5491071421875 0.6450892859375 0.546875 0.6475694437499999 0.5458829359374999 0.6510416671875 0.5429067453124999 0.65625 0.5376984125 0.65947420625 0.5357142859375 0.662450396875 0.5359623015625 0.6644345234375 0.534722221875 0.6674107140625 0.531994046875 0.668402778125 0.5300099203124999 0.6676587296875 0.521329365625 0.6681547625 0.5228174609375 0.674603175 0.521329365625 0.6800595234375 0.5292658734375 0.681795634375 0.5332341265625 0.6865079359374999 0.5354662703125 0.686755953125 0.537450396875 0.6865079359374999 0.5431547625 0.6820436515625 0.5520833328125 0.6785714281249999 0.55654761875 0.6788194437499999 0.5602678578125 0.6808035718750001 0.571924603125 0.681299603125 0.5736607140625 0.684771825 0.5711805562500001 0.6887400796875001 0.5758928578125 0.6929563484375 0.5798611109375 0.6949404765625 0.5858134921875 0.6857638890625 0.591269840625 0.6741071421875 0.5920138890625 0.6701388890625 0.596478175 0.659722221875 0.59697420625 0.653521825 0.5984623015625 0.6507936515625 0.5982142859375 0.64112103125 0.6001984125 0.6297123015625 0.60342261875 0.62822420625 0.6076388890625 0.627976190625 0.609126984375 0.62450396875 0.608630953125 0.618799603125 0.606646825 0.6170634921875 0.6051587296875 0.5796130953125 0.6004464281249999 0.5771329359374999 0.5853174609375 0.5766369046875 0.5796130953125 0.577380953125 0.5677083328125 0.58134920625 0.5644841265625 0.5863095234375 0.5535714281249999 0.5887896828125 0.5446428578125 0.5920138890625 0.551215278125 0.5927579359374999 0.5543154765625 0.594494046875 0.5513392859375 0.6039186515625 0.5533234125 0.6071428578125
3 0.4637896828125 0.8015873015625001 0.46279761875 0.809027778125 0.46428571406249997 0.814980159375 0.466269840625 0.818204365625 0.4672619046875 0.825396825 0.468998015625 0.849454365625 0.46825396875 0.8549107140625001 0.468998015625 0.86259920625 0.4670138890625 0.8697916671874999 0.46825396875 0.874751984375 0.5925099203124999 0.874751984375 0.5961061515625 0.8730158734375 0.622023809375 0.872023809375 0.627976190625 0.8707837296875001 0.6267361109375 0.85887896875 0.6210317453124999 0.849454365625 0.6180555562500001 0.8350694437499999 0.6158234125 0.830605159375 0.6175595234375 0.827380953125 0.6200396828125 0.8263888890625 0.619295634375 0.8263888890625 0.60987103125 0.8053075390625001 0.6106150796875001 0.80282738125 0.609623015625 0.80009920625 0.6016865078125 0.7884424609375 0.5920138890625 0.7770337296875 0.58779761875 0.7728174609375 0.5833333328125 0.7708333328125 0.584325396875 0.7678571421875 0.5798611109375 0.763144840625 0.57217261875 0.7455357140625 0.5642361109375 0.7457837296875 0.560019840625 0.7490079359374999 0.55654761875 0.750248015625 0.5533234125 0.756200396875 0.5555555562500001 0.7591765875 0.5555555562500001 0.7619047625 0.5587797625 0.7633928578125 0.559027778125 0.765625 0.5548115078125 0.768105159375 0.544394840625 0.769097221875 0.536954365625 0.7740575390625 0.5267857140625 0.7760416671875 0.521825396875 0.775049603125 0.5173611109375 0.769097221875 0.5138888890625 0.7733134921875 0.49652777812500004 0.775049603125 0.490575396875 0.777777778125 0.48015872968749995 0.77529761875 0.478174603125 0.7733134921875 0.47594246093750003 0.768353175 0.4761904765625 0.7591765875 0.4779265875 0.7574404765625 0.481398809375 0.756200396875 0.4856150796875 0.7445436515625 0.4831349203125 0.740575396875 0.48214285781250005 0.74032738125 0.47867063437499996 0.7435515875 0.47445436562500004 0.7415674609375 0.47321428593750003 0.7447916671875 0.46552579375 0.7487599203124999 0.46279761875 0.7490079359374999 0.4585813484375 0.747023809375 0.4548611109375 0.747519840625 0.453373015625 0.749255953125 0.45684523749999995 0.7700892859375 0.45907738125 0.777777778125 0.46031746093750003 0.79092261875 0.4637896828125 0.8015873015625001
3 0.59052579375 0.7745535718750001 0.597222221875 0.78125 0.6054067453124999 0.7921626984375 0.60987103125 0.80009920625 0.6111111109375 0.810019840625 0.6133432546875001 0.809771825 0.61904761875 0.8055555562500001 0.6200396828125 0.8033234125 0.6200396828125 0.7983630953125 0.6165674609375 0.7668650796875001 0.6165674609375 0.7326388890625 0.6130952375 0.7234623015625 0.6138392859375 0.7118055562500001 0.612351190625 0.7021329359374999 0.6108630953125 0.674603175 0.6113591265625 0.6388888890625 0.612847221875 0.6267361109375 0.6113591265625 0.622519840625 0.609623015625 0.62450396875 0.60887896875 0.631200396875 0.606646825 0.6386408734375 0.606894840625 0.6448412703125 0.6046626984375 0.6507936515625 0.6044146828125 0.6572420640625001 0.6019345234375 0.66592261875 0.599950396875 0.668402778125 0.6004464281249999 0.6698908734375 0.5977182546875001 0.6741071421875 0.5917658734375 0.6755952375 0.5895337296875 0.6837797625 0.5830853171875 0.6949404765625 0.5820932546875001 0.7016369046875 0.578125 0.7120535718750001 0.5768849203124999 0.7323908734375 0.575396825 0.7413194437499999 0.5758928578125 0.7514880953125 0.5796130953125 0.75967261875 0.5882936515625 0.7703373015625 0.59052579375 0.7745535718750001
3 0.4298115078125 0.749255953125 0.446428571875 0.8263888890625 0.44890872968749995 0.8293650796875 0.45510912656249997 0.8611111109375 0.4583333328125 0.8668154765624999 0.45882936562500004 0.8705357140625001 0.46180555625 0.874751984375 0.46304563437499996 0.874751984375 0.4637896828125 0.8712797625 0.4672619046875 0.8675595234375001 0.468501984375 0.862103175 0.468501984375 0.8370535718750001 0.46676587343750003 0.8229166671874999 0.4623015875 0.812251984375 0.4613095234375 0.8055555562500001 0.46279761875 0.80282738125 0.459821428125 0.7924107140625 0.45907738125 0.7834821421875 0.4578373015625 0.7802579359374999 0.4580853171875 0.7767857140625 0.45659722187499996 0.7740575390625 0.45510912656249997 0.7619047625 0.4484126984375 0.7452876984375 0.44866071406249997 0.7209821421875 0.44717261875 0.7115575390625 0.44742063437499996 0.7100694437499999 0.45114087343750003 0.709325396875 0.44122023749999995 0.7098214281249999 0.434771825 0.7080853171875 0.4295634921875 0.7095734125 0.4231150796875 0.7073412703125 0.42113095312500004 0.7098214281249999 0.422123015625 0.7209821421875 0.42534722187499996 0.7301587296875 0.42757936562500004 0.7430555562500001 0.4298115078125 0.749255953125
3 0.45983606093749996 0.3162549609375 0.4864880953125 0.3114424609375 0.514991071875 0.3166252484375 0.5386817953125 0.325509671875 0.5634828875 0.3440193453125 0.575328125 0.3717834828125 0.575328125 0.40588789687500004 0.5771790671875 0.41366170625 0.5942068453125 0.41181076406250006 0.6045714281250001 0.4132916671875 0.6134556046874999 0.422176090625 0.6293727671875 0.4633611109375 0.6360357140625 0.4718752484375 0.634555059375 0.4863127484375 0.628262153125 0.5011202875 0.61789756875 0.5092646328125 0.6230798609375 0.5477641375 0.6652790171875 0.547394096875 0.66935069375 0.539990328125 0.684157490625 0.4357795140625 0.7048869046874999 0.2968177078125 0.6915607640625 0.27719766875 0.6782348703125 0.28015922656250003 0.6060520828125 0.28312053593750003 0.5705161203125 0.285341765625 0.5416431046875 0.28163988125 0.51758209375 0.275716765625 0.5001842765625 0.2612795140625 0.4824161703125 0.24573139843749997 0.46686929531250004 0.2372170140625 0.44206795625 0.2368469734375 0.42652108125000004 0.24239980156250002 0.41023363125 0.252394840625 0.4002390875 0.2738658234375 0.401349703125 0.280899553125 0.4020900296875 0.299779265625 0.3891341765625 0.30496180625 0.3954268359375 0.317918403125 0.399869046875 0.32643278750000004 0.40838268906249997 0.3419806546875 0.41615624999999995 0.3410577875 0.42355977187500005 0.3343943453125 0.45983606093749996 0.3162549609375
3 0.7667048609375 0.48159399843750006 0.6719419640625001 0.5252765375 0.668240328125 0.5397137890625 0.6649087296875 0.5463772328125 0.6234501484375 0.548228175 0.6186378968749999 0.5874682546875001 0.6293727671875 0.5811750984375 0.790025296875 0.507507440625 0.783732390625 0.4986227671875 0.771146825 0.4878874015625 0.7667048609375 0.48159399843750006
3 0.6546897328125 0.7697549609375 0.6555265375 0.757620784375 0.6471587296875 0.745068453125 0.6408826890625 0.73377108125 0.6371173109375 0.7233105156249999 0.6316780750000001 0.7057371031249999 0.6316780750000001 0.6890002484375 0.6429747031249999 0.67058978125 0.648413690625 0.6643134921875 0.646740328125 0.6492504953125 0.6413010906250001 0.6500873015625 0.6308412703124999 0.6425558031249999 0.6203814484375 0.6366979171875 0.6149424609375 0.6341875 0.6178712796875 0.657200396875 0.616616071875 0.6802135421875 0.616616071875 0.7082475203125 0.6195446421875 0.7174526296875 0.61619766875 0.728331596875 0.6178712796875 0.7433945937499999 0.6187078374999999 0.7890022328125 0.62163665625 0.809086309375 0.6425563000000001 0.7977889390625 0.6525977187499999 0.7890022328125 0.6572001484375 0.784399553125 0.6546897328125 0.7697549609375
3 0.689506696875 0.3933249015625 0.688998015625 0.417741071875 0.7632591765625001 0.4157063484375 0.7673281249999999 0.4014635421875 0.7556294640625 0.3892557046875 0.689506696875 0.3933249015625
3 0.772923115625 0.34449280781249997 0.7668196921875 0.34093204374999997 0.6971361609375 0.360261409375 0.6930672125 0.385694940625 0.7169732140625 0.38671230156249997 0.7719060015625 0.375521578125 0.7785181046874999 0.36840029687500003 0.772923115625 0.34449280781249997
3 0.918393353125 0.35955952343750003 0.9453511906250001 0.3646463296875 0.9773953375 0.36922420625 0.9885853171875001 0.3682068453125 0.9982495046875 0.3661721234375 0.999751984375 0.1281143359375 0.8125969734374999 0.125 0.7932686015625 0.16422966249999998 0.7861478171875 0.16270362031250002 0.7256200390624999 0.2609186515625 0.7276545140625 0.26905729218749996 0.7037485125 0.3056813 0.7074432046875 0.30808482187499997 0.8451498015625001 0.33972147812500003 0.8761765875 0.3381954359375 0.901099703125 0.344808284375 0.918393353125 0.35955952343750003
3 0.7836046624999999 0.16261681562500002 0.7922514875 0.1641428578125 0.8120882937499999 0.1259928078125 0.6828945937500001 0.125 0.6752648812500001 0.141252728125 0.6823856640625 0.1529521328125 0.7037485125 0.157021578125 0.7113782234375 0.1641428578125 0.6645835812499999 0.1595649796875 0.6528849203125 0.1682123015625 0.6518675593750001 0.1982237109375 0.7022227187500001 0.2709630453125 0.705783234375 0.2928358140625 0.7291803078125 0.27554117031250003 0.725111359375 0.2623157234375 0.7836046624999999 0.16261681562500002
3 0.623383928125 0.1580389390625 0.6091421125 0.156004215625 0.592865575 0.1610907734375 0.5903224203125 0.1677036203125 0.5852361109374999 0.1961889875 0.5796411203125 0.20687103125 0.5643819437500001 0.210431546875 0.5552264390625 0.2038189484375 0.557769840625 0.16973834375000002 0.552683284375 0.1646515375 0.5303033234375001 0.2119575890625 0.505888640625 0.20585367031250001 0.47435317499999996 0.18906770781249999 0.46875818437500005 0.199241071875 0.449430059375 0.1931369046875 0.4107735609375 0.217553075 0.395005953125 0.236882440625 0.395005953125 0.25621180625 0.39907490156250003 0.27655853124999996 0.4148427578125 0.2501076390625 0.43111904687499997 0.24044295624999998 0.44180059531250004 0.2378998015625 0.46316319375 0.23840848281250002 0.4753705359375 0.24044295624999998 0.49520734062500005 0.2572291671875 0.5104665171875 0.268419890625 0.531320684375 0.280627728125 0.570485615625 0.285205853125 0.6594970234375 0.280627728125 0.671704365625 0.2821537703125 0.670178571875 0.275032490625 0.6706872515625 0.25672048593749996 0.6706872515625 0.24196899843750003 0.6371170640625 0.1646515375 0.623383928125 0.1580389390625
3 0.6600186015625 0.129069940625 0.6510357140624999 0.1254766859375 0.6210927578125001 0.125 0.62348834375 0.133262153125 0.6276803078125 0.14284449375 0.642052828125 0.1506302078125 0.67345858125 0.150120784375 0.6797807546875 0.125 0.6719955359374999 0.1266743546875 0.6600186015625 0.129069940625
0 0.032208332812500004 0.2963799609375 0.00039756875 0.3106946921875 0 0.38624503906249996 0.0719717265625 0.3560248015625 0.032208332812500004 0.2963799609375