5 0.546130953125 0.671626984375 0.55009920625 0.6731150796875001 0.5540674609375 0.6855158734375 0.5577876984375 0.686755953125 0.562748015625 0.69072420625 0.564980159375 0.6884920640625001 0.5664682546875001 0.6884920640625001 0.568700396875 0.6912202375 0.5701884921875 0.6875 0.57762896875 0.6852678578125 0.577876984375 0.6835317453124999 0.61259920625 0.6542658734375 0.615079365625 0.6485615078125 0.619295634375 0.646329365625 0.6207837296875 0.6421130953125 0.6232638890625 0.64012896875 0.6272321421875 0.639880953125 0.6287202375 0.634424603125 0.6302083328125 0.6331845234375 0.6331845234375 0.6331845234375 0.6354166671875 0.6267361109375 0.64112103125 0.624751984375 0.6448412703125 0.62177579375 0.6475694437499999 0.6158234125 0.6584821421875 0.6083829359374999 0.669146825 0.5959821421875 0.6770833328125 0.591021825 0.6830357140625 0.5848214281249999 0.6857638890625 0.584325396875 0.68799603125 0.577380953125 0.6917162703125 0.57490079375 0.6929563484375 0.5711805562500001 0.6981646828125 0.568700396875 0.6994047625 0.5667162703125 0.703373015625 0.565228175 0.7078373015625 0.5582837296875 0.7110615078125 0.5558035718750001 0.719494046875 0.5523313484375 0.721230159375 0.553075396875 0.7242063484375 0.5505952375 0.7269345234375 0.5520833328125 0.7291666671875 0.550347221875 0.7328869046875 0.5505952375 0.7361111109375 0.549355159375 0.7385912703125 0.5513392859375 0.746527778125 0.5486111109375 0.7740575390625 0.5223214281249999 0.7795138890625 0.50595238125 0.778769840625 0.5014880953125 0.775545634375 0.49776785781250005 0.7743055562500001 0.493799603125 0.7708333328125 0.48883928593750003 0.768601190625 0.48834325468750006 0.7666170640625001 0.48635912656249997 0.7636408734375 0.478174603125 0.7579365078125 0.4704861109375 0.747519840625 0.46279761875 0.7398313484375 0.4610615078125 0.7366071421875 0.4613095234375 0.7299107140625 0.4578373015625 0.71825396875 0.45709325468750006 0.7123015875 0.45882936562500004 0.7021329359374999 0.468501984375 0.6979166671875 0.47073412656249997 0.6889880953125 0.48239087343750003 0.68799603125 0.4861111109375 0.6827876984375 0.49007936562500004 0.6830357140625 0.497023809375 0.681299603125 0.5012400796875001 0.5540674609375 0.6386408734375 0.5523313484375 0.6416170640625001 0.5478670640625001 0.64384920625 0.5431547625 0.6574900796875001 0.544394840625 0.661954365625 0.5419146828125 0.66592261875 0.5426587296875 0.6681547625 0.546130953125 0.671626984375
5 0.2983630953125 0.49305555625 0.3008432546875 0.49925595312500004 0.31349206406249996 0.51512896875 0.3234126984375 0.521825396875 0.337549603125 0.5230654765625 0.34027777812500004 0.5228174609375 0.3509424609375 0.518353175 0.37450396874999997 0.505704365625 0.3831845234375 0.48635912656249997 0.38740079375 0.48511904687499996 0.39012896874999997 0.481894840625 0.393105159375 0.48214285781250005 0.4010416671875 0.4791666671875 0.41046627031250005 0.47445436562500004 0.41840277812500004 0.46651785781250005 0.4109623015625 0.4605654765625 0.4050099203125 0.4521329359375 0.40228174531249994 0.44742063437499996 0.3988095234375 0.4375 0.39657738125 0.4360119046875 0.3921130953125 0.435019840625 0.39012896874999997 0.4325396828125 0.38715277812500004 0.4357638890625 0.38467261875 0.43675595312500004 0.37822420625 0.434771825 0.3668154765625 0.44469246093750003 0.3551587296875 0.44866071406249997 0.3519345234375 0.44915674531249994 0.34325396874999997 0.44618055625 0.34027777812500004 0.44320436562500004 0.33705357187499996 0.4429563484375 0.333829365625 0.44444444375 0.3261408734375 0.4454365078125 0.3142361109375 0.450396825 0.30803571406249997 0.4541170640625 0.3008432546875 0.46180555625 0.2986111109375 0.46279761875 0.296130953125 0.46924603125 0.2956349203125 0.4766865078125 0.296130953125 0.4828869046875 0.2953869046875 0.487351190625 0.296130953125 0.49032738125 0.2983630953125 0.49305555625
5 0.28025793593750004 0.6267361109375 0.2849702375 0.6262400796875001 0.2884424609375 0.627728175 0.2904265875 0.63095238125 0.30009920625 0.6356646828125 0.3107638890625 0.638144840625 0.31944444375000003 0.6356646828125 0.3258928578125 0.6366567453124999 0.33779761875 0.6423611109375 0.34325396874999997 0.64384920625 0.3479662703125 0.640873015625 0.3546626984375 0.6386408734375 0.36036706406249996 0.6339285718750001 0.36830357187499996 0.631200396875 0.37053571406249997 0.6272321421875 0.3673115078125 0.6148313484375 0.36383928593750003 0.609375 0.3576388890625 0.60342261875 0.35342261875 0.6016865078125 0.3474702375 0.596726190625 0.3477182546875 0.5915178578125 0.3459821421875 0.584325396875 0.3417658734375 0.575644840625 0.3345734125 0.5677083328125 0.31845238125 0.5548115078125 0.306795634375 0.5486111109375 0.3008432546875 0.5478670640625001 0.28819444375000003 0.5483630953125 0.278769840625 0.5518353171875 0.2705853171875 0.55654761875 0.2636408734375 0.5634920640625001 0.2579365078125 0.5716765875 0.2542162703125 0.5801091265625 0.2514880953125 0.5920138890625 0.2512400796875 0.599454365625 0.2552083328125 0.6158234125 0.26463293593750004 0.6232638890625 0.28025793593750004 0.6267361109375
5 0.7614087296875 0.46676587343750003 0.7646329359374999 0.47445436562500004 0.7673611109375 0.4769345234375 0.7703373015625 0.4828869046875 0.7725694437499999 0.48487103125 0.778521825 0.49404761875 0.78125 0.5049603171875 0.7792658734375 0.5166170640625001 0.7757936515625 0.52529761875 0.7760416671875 0.5281498015625 0.7743055562500001 0.531498015625 0.7700892859375 0.5332341265625 0.766369046875 0.5448908734375 0.762152778125 0.5488591265625 0.7591765875 0.5540674609375 0.7579365078125 0.5602678578125 0.755704365625 0.5637400796875001 0.756200396875 0.5798611109375 0.7619047625 0.6009424609375 0.7646329359374999 0.6026785718750001 0.7671130953125 0.6111111109375 0.7705853171875 0.6163194437499999 0.7740575390625 0.6197916671875 0.7824900796875001 0.624255953125 0.7962549609375 0.624751984375 0.809523809375 0.6272321421875 0.811755953125 0.6264880953125 0.8177083328125001 0.6269841265625 0.8449900796875 0.6232638890625 0.847222221875 0.6205357140625 0.849950396875 0.6207837296875 0.8524305562500001 0.6113591265625 0.8539186515624999 0.610119046875 0.855902778125 0.6116071421875 0.8549107140625001 0.6073908734375 0.859126984375 0.599454365625 0.85887896875 0.5917658734375 0.8573908734375 0.588045634375 0.8583829359375 0.5835813484375 0.85615079375 0.5714285718750001 0.853174603125 0.5647321421875 0.8509424609374999 0.562251984375 0.844494046875 0.5486111109375 0.840277778125 0.543898809375 0.8387896828124999 0.5399305562500001 0.8298611109375 0.5329861109375 0.821924603125 0.531498015625 0.8196924609374999 0.5300099203124999 0.7914186515625 0.46031746093750003 0.7849702375 0.4484126984375 0.78075396875 0.44444444375 0.7797619046875 0.43948412656249997 0.7767857140625 0.437251984375 0.7733134921875 0.4375 0.7708333328125 0.4357638890625 0.768353175 0.437251984375 0.7646329359374999 0.4357638890625 0.76240079375 0.4283234125 0.7591765875 0.43154761875 0.7606646828125 0.434771825 0.7571924609375 0.4389880953125 0.7586805562500001 0.44618055625 0.7586805562500001 0.4518849203125 0.7614087296875 0.45882936562500004 0.7614087296875 0.46676587343750003
5 0.671130953125 0.3390376984375 0.6765873015625 0.346478175 0.6795634921875 0.34821428593750003 0.6860119046875 0.3457341265625 0.6884920640625001 0.343005953125 0.69990079375 0.337549603125 0.709325396875 0.338045634375 0.721230159375 0.3425099203125 0.7239583328125 0.343005953125 0.7259424609375 0.3422619046875 0.7385912703125 0.33482142812500004 0.743799603125 0.328125 0.7480158734375 0.31944444375000003 0.749255953125 0.30803571406249997 0.7447916671875 0.28125 0.7395833328125 0.271329365625 0.7358630953125 0.2671130953125 0.733630953125 0.2678571421875 0.721230159375 0.2616567453125 0.706101190625 0.2606646828125 0.6837797625 0.265625 0.6825396828125 0.2673611109375 0.671130953125 0.2735615078125 0.665674603125 0.2795138890625 0.6629464281249999 0.2776123515625 0.66220238125 0.2738095234375 0.658978175 0.2790178578125 0.6614583328125 0.28025793593750004 0.661954365625 0.2829861109375 0.65625 0.29092261875 0.65674603125 0.3020833328125 0.6607142859375 0.3144841265625 0.666170634375 0.3244047625 0.671130953125 0.3390376984375
5 0.72197420625 0.384920634375 0.7209821421875 0.3926091265625 0.7170138890625 0.40401785781250005 0.7165178578125 0.40823412656249997 0.708829365625 0.43154761875 0.7073412703125 0.44320436562500004 0.709325396875 0.44990079375 0.7095734125 0.4548611109375 0.7242063484375 0.45386904687499996 0.7266865078125 0.45510912656249997 0.747023809375 0.459325396875 0.75322420625 0.459325396875 0.7636408734375 0.3859126984375 0.7633928578125 0.3802083328125 0.766369046875 0.362103175 0.765873015625 0.3501984125 0.763144840625 0.346726190625 0.7591765875 0.343998015625 0.7447916671875 0.34275793593750004 0.7393353171875 0.341269840625 0.7304067453124999 0.34275793593750004 0.7234623015625 0.3457341265625 0.7234623015625 0.349454365625 0.728174603125 0.359623015625 0.72842261875 0.364707340625 0.72197420625 0.384920634375
5 0.6758432546875001 0.421875 0.6755952375 0.4293154765625 0.6731150796875001 0.44072420625 0.6738591265625 0.44146825468750006 0.6887400796875001 0.4427083328125 0.700644840625 0.44097222187499996 0.7051091265625 0.435019840625 0.706101190625 0.43055555625 0.7123015875 0.4171626984375 0.7251984125 0.3767361109375 0.72470238125 0.372519840625 0.7274305562500001 0.36904761875 0.7274305562500001 0.35838293593750004 0.721726190625 0.3454861109375 0.7150297625 0.341269840625 0.7095734125 0.3397817453125 0.7021329359374999 0.33928571406249997 0.6979166671875 0.3395337296875 0.6884920640625001 0.34375 0.6855158734375 0.3479662703125 0.6822916671875 0.349454365625 0.6768353171875 0.356894840625 0.6773313484375 0.362351190625 0.6736111109375 0.3735119046875 0.6733630953125 0.3783896328125 0.6703869046875 0.3841765875 0.671130953125 0.3891369046875 0.66865079375 0.3926091265625 0.6736111109375 0.403769840625 0.6758432546875001 0.421875
5 0.6545138890625 0.49007936562500004 0.6550099203124999 0.497023809375 0.6507936515625 0.515625 0.6490575390625 0.5176091265625 0.6495535718750001 0.5210813484375 0.6512896828125 0.52157738125 0.6525297625 0.5200892859375 0.658730159375 0.5220734125 0.662450396875 0.5257936515625 0.668402778125 0.5233134921875 0.6741071421875 0.5173611109375 0.67509920625 0.513144840625 0.6808035718750001 0.50967261875 0.6788194437499999 0.5 0.6798115078125 0.4923115078125 0.68154761875 0.48883928593750003 0.6884920640625001 0.48239087343750003 0.690228175 0.477678571875 0.6976686515625 0.46676587343750003 0.6984126984375 0.462549603125 0.6959325390625 0.45882936562500004 0.696924603125 0.4548611109375 0.693700396875 0.4498182046875 0.693700396875 0.44717261875 0.6922123015625 0.4456845234375 0.6857638890625 0.44320436562500004 0.6741071421875 0.44146825468750006 0.6664186515625 0.446428571875 0.65947420625 0.4476686515625 0.6515376984375 0.45114087343750003 0.650545634375 0.453373015625 0.6498015875 0.46527777812500004 0.6498015875 0.47445436562500004 0.6522817453124999 0.481894840625 0.6522817453124999 0.48660714218749995 0.6545138890625 0.49007936562500004
5 0.5012400796875001 0.43948412656249997 0.5240575390625 0.443700396875 0.55009920625 0.44444444375 0.5572916671875 0.44171627031250005 0.5602678578125 0.4384920640625 0.562748015625 0.43948412656249997 0.565972221875 0.43700396875 0.5763888890625 0.43526785781250005 0.591021825 0.43551587343750003 0.6130952375 0.437251984375 0.6195436515625 0.4389880953125 0.6304563484375 0.439980159375 0.6359126984375 0.4422123015625 0.64112103125 0.4427083328125 0.6455853171875 0.4449404765625 0.6478174609375 0.44742063437499996 0.6507936515625 0.4476686515625 0.662450396875 0.44593253906249997 0.668402778125 0.4429563484375 0.6708829359374999 0.439980159375 0.6736111109375 0.4387400796875 0.6760912703125 0.42906746093750003 0.6758432546875001 0.415674603125 0.6738591265625 0.40426587343750003 0.668402778125 0.3990575390625 0.6604662703125 0.400049603125 0.65674603125 0.3980654765625 0.6510416671875 0.39955357187499996 0.643601190625 0.3990575390625 0.6396329359374999 0.3978174609375 0.63467261875 0.3985615078125 0.6304563484375 0.39732142812500004 0.624751984375 0.3985615078125 0.621527778125 0.39732142812500004 0.56572420625 0.39756944375000003 0.5572916671875 0.4052579359375 0.5367063484375 0.41592261875 0.5354662703125 0.41840277812500004 0.5248015875 0.421626984375 0.5136408734375 0.428075396875 0.5042162703125 0.43154761875 0.502728175 0.43427579375 0.49801587343750003 0.43551587343750003 0.500248015625 0.437251984375 0.5012400796875001 0.43948412656249997
5 0.6051587296875 0.38392857187499996 0.612351190625 0.3886408734375 0.6185515875 0.3921130953125 0.622519840625 0.391369046875 0.624255953125 0.3888888890625 0.62549603125 0.3787202375 0.62822420625 0.3732638890625 0.6423611109375 0.3576388890625 0.6423611109375 0.353174603125 0.6334325390625 0.338045634375 0.6212797625 0.3226686515625 0.6145833328125 0.31919642812500004 0.609623015625 0.318700396875 0.6024305562500001 0.3201884921875 0.5925099203124999 0.32490079375 0.5887896828125 0.328373015625 0.5828373015625 0.3387896828125 0.5828373015625 0.344494046875 0.5855654765625 0.3529265875 0.6001984125 0.37847222187499996 0.6051587296875 0.38392857187499996
5 0.6832837296875 0.2564484125 0.684523809375 0.2554563484375 0.6857638890625 0.2519841265625 0.6857638890625 0.2242063484375 0.6830357140625 0.21626984062500001 0.67782738125 0.21006944375 0.6738591265625 0.2073412703125 0.668402778125 0.20560515937499999 0.65947420625 0.20808531718749998 0.650545634375 0.2145337296875 0.646329365625 0.22048611093749998 0.6453373015625 0.22395833281250002 0.6450892859375 0.23263888906250002 0.6507936515625 0.25669642812500004 0.6785714281249999 0.25669642812500004 0.6832837296875 0.2564484125
5 0.48387896875 0.286954365625 0.4923115078125 0.2891865078125 0.5047123015625 0.286954365625 0.5081845234375 0.27529761875 0.5136408734375 0.2676091265625 0.5171130953125 0.265625 0.5208333328125 0.264880953125 0.5257936515625 0.2609126984375 0.5334821421875 0.2576884921875 0.5394345234375 0.2576884921875 0.5456349203124999 0.2517361109375 0.547619046875 0.24801587343749998 0.547619046875 0.23933531718749998 0.546626984375 0.234623015625 0.5401785718750001 0.22073412656250002 0.5297619046875 0.2145337296875 0.527777778125 0.2123015875 0.521825396875 0.21205357187499999 0.51612103125 0.2078373015625 0.5141369046875 0.21031746093749998 0.5101686515625 0.21155753906250002 0.503472221875 0.218501984375 0.49677579375 0.2306547625 0.493303571875 0.23511904687500002 0.48635912656249997 0.252480159375 0.478174603125 0.268353175 0.4769345234375 0.2757936515625 0.47842261875 0.2827380953125 0.48015872968749995 0.28447420625 0.48387896875 0.286954365625
5 0.5414186515625 0.2948908734375 0.5575396828125 0.3142361109375 0.561755953125 0.3164682546875 0.5709325390625 0.3268849203125 0.577876984375 0.3301091265625 0.5863095234375 0.32862103125000003 0.59052579375 0.325644840625 0.6071428578125 0.3179563484375 0.6103670640625001 0.315476190625 0.60987103125 0.3102678578125 0.6039186515625 0.2986111109375 0.6016865078125 0.2981150796875 0.5979662703125 0.2889384921875 0.5952380953125 0.28571428593750003 0.5922619046875 0.2829861109375 0.5835813484375 0.278521825 0.58134920625 0.27430555624999997 0.57762896875 0.2728174609375 0.5736607140625 0.2673611109375 0.568700396875 0.265873015625 0.5625 0.26240079375 0.5553075390625 0.2549603171875 0.5510912703125 0.2539682546875 0.5364583328125 0.262648809375 0.534722221875 0.265873015625 0.530505953125 0.2676091265625 0.5302579359374999 0.28075396874999997 0.53174603125 0.2867063484375 0.5357142859375 0.29092261875 0.5414186515625 0.2948908734375
5 0.474950396875 0.303075396875 0.48387896875 0.3142361109375 0.487351190625 0.31597222187499996 0.491071428125 0.3206845234375 0.5071924609375 0.333829365625 0.51612103125 0.3365575390625 0.528273809375 0.337549603125 0.5334821421875 0.33705357187499996 0.5391865078125 0.33506944375000003 0.5453869046875 0.33134920625 0.55009920625 0.31919642812500004 0.550347221875 0.3102678578125 0.54637896875 0.302579365625 0.5364583328125 0.293898809375 0.5324900796875001 0.294146825 0.51884920625 0.2904265875 0.49007936562500004 0.2891865078125 0.478174603125 0.2864583328125 0.46875 0.2867063484375 0.4675099203125 0.2876984125 0.468998015625 0.2946428578125 0.47296627031250005 0.2983630953125 0.474950396875 0.303075396875
5 0.5327380953125 0.2926587296875 0.5386904765625 0.29092261875 0.5364583328125 0.2876984125 0.5332341265625 0.2854662703125 0.53075396875 0.2792658734375 0.531498015625 0.275049603125 0.53447420625 0.2708333328125 0.5359623015625 0.26661706406249996 0.5416666671875 0.2636408734375 0.540674603125 0.26116071406249997 0.5394345234375 0.25967261875 0.53447420625 0.2584325390625 0.5275297625 0.259424603125 0.52157738125 0.26463293593750004 0.514880953125 0.266369046875 0.5091765875 0.27529761875 0.5066964281249999 0.284226190625 0.5066964281249999 0.2884424609375 0.50967261875 0.28993055624999997 0.5205853171875 0.29017857187499996 0.5327380953125 0.2926587296875
5 0.5223214281249999 0.20362103125000003 0.52157738125 0.20882936562499999 0.5260416671875 0.20808531718749998 0.5334821421875 0.21354166718749998 0.5359623015625 0.21304563437500001 0.5391865078125 0.2147817453125 0.5426587296875 0.215277778125 0.547123015625 0.2132936515625 0.549355159375 0.2085813484375 0.5510912703125 0.2073412703125 0.5540674609375 0.2070932546875 0.5570436515625 0.20386904687500002 0.5570436515625 0.18849206406250002 0.5535714281249999 0.18154761875 0.5510912703125 0.1795634921875 0.5446428578125 0.1770833328125 0.5359623015625 0.1765873015625 0.5260416671875 0.181299603125 0.5220734125 0.18700396875 0.5205853171875 0.1924603171875 0.51884920625 0.1949404765625 0.51884920625 0.19990079375 0.521825396875 0.200148809375 0.5233134921875 0.20262896874999997 0.5223214281249999 0.20362103125000003
5 0.5625 0.25595238125 0.5625 0.25967261875 0.5706845234375 0.26215277812500004 0.5716765875 0.2633928578125 0.5739087296875 0.26240079375 0.578373015625 0.2633928578125 0.5835813484375 0.262648809375 0.5882936515625 0.25868055624999997 0.593005953125 0.25669642812500004 0.599454365625 0.2512400796875 0.6056547625 0.2408234125 0.6076388890625 0.2279265875 0.6046626984375 0.2197420640625 0.5984623015625 0.2108134921875 0.5892857140625 0.20362103125000003 0.5766369046875 0.202876984375 0.568700396875 0.20386904687500002 0.5615079359374999 0.20808531718749998 0.5580357140625 0.21155753906250002 0.5540674609375 0.2177579359375 0.549603175 0.2296626984375 0.549355159375 0.23387896874999997 0.5510912703125 0.24404761874999997 0.55654761875 0.2517361109375 0.5625 0.25595238125
5 0.4918154765625 0.4320436515625 0.49280753906249997 0.43328372968749995 0.5044642859375 0.430803571875 0.5275297625 0.42113095312500004 0.5302579359374999 0.418898809375 0.534226190625 0.41790674531249994 0.5389384921875 0.4144345234375 0.543402778125 0.412946428125 0.559027778125 0.40302579375 0.5644841265625 0.396329365625 0.565972221875 0.3918650796875 0.565228175 0.3888888890625 0.56299603125 0.38715277812500004 0.560019840625 0.377976190625 0.553075396875 0.368799603125 0.5478670640625001 0.36383928593750003 0.5381944437499999 0.36259920625 0.5334821421875 0.3643353171875 0.5260416671875 0.365079365625 0.518601190625 0.369295634375 0.5071924609375 0.37400793593750004 0.502480159375 0.377976190625 0.50049603125 0.3789682546875 0.4982638890625 0.3787202375 0.49553571406249997 0.38169642812500004 0.4908234125 0.3831845234375 0.48834325468750006 0.3851686515625 0.487351190625 0.387648809375 0.48363095312500004 0.38963293593750004 0.481646825 0.3923611109375 0.48090277812500004 0.40029761875 0.484375 0.4045138890625 0.4918154765625 0.4236111109375 0.4918154765625 0.4320436515625
5 0.56572420625 0.38740079375 0.5726686515625 0.3834325390625 0.5796130953125 0.38095238125 0.5830853171875 0.377728175 0.590277778125 0.375248015625 0.593005953125 0.3702876984375 0.5917658734375 0.365079365625 0.5835813484375 0.3492063484375 0.5823412703125 0.33506944375000003 0.577876984375 0.3330853171875 0.574652778125 0.3333333328125 0.56845238125 0.33705357187499996 0.5570436515625 0.35069444375000003 0.5518353171875 0.3608630953125 0.5518353171875 0.365575396875 0.5605158734375 0.377480159375 0.56299603125 0.38467261875 0.56572420625 0.38740079375
5 0.656498015625 0.39732142812500004 0.6582341265625 0.3960813484375 0.6626984125 0.38616071406249997 0.67137896875 0.377728175 0.672619046875 0.372023809375 0.6758432546875001 0.36532738125 0.6770833328125 0.35615079375 0.67237103125 0.3514384921875 0.6681547625 0.349454365625 0.6599702375 0.34697420625 0.6550099203124999 0.3477182546875 0.6478174609375 0.3529265875 0.6314484125 0.36904761875 0.6262400796875001 0.3762400796875 0.62450396875 0.3804563484375 0.6240079359374999 0.3926091265625 0.625744046875 0.396329365625 0.650545634375 0.3988095234375 0.656498015625 0.39732142812500004
5 0.26172271875 0.4171626984375 0.2664350203125 0.43179563437499996 0.28379613125 0.47296627031250005 0.306063740625 0.5453415171875 0.34003993125 0.573726934375 0.3452008921875 0.5836185515625 0.3507919140625 0.5900699406250001 0.3658447421875 0.58619915625 0.3757366078125 0.580178075 0.383478175 0.5741569937500001 0.377887153125 0.5591041671875 0.3757366078125 0.5380302578125 0.35982366093749996 0.5169563484374999 0.3331587296875 0.52469766875 0.3146654265625 0.520396825 0.30219295625 0.5049139390625 0.294881696875 0.4885709328125 0.2952048609375 0.46949404687499996 0.29669295625 0.46478174531249994 0.3038854171875 0.456101190625 0.308349703125 0.45262896875 0.318518353125 0.44717261875 0.3205024796875 0.44320436562500004 0.3202544640625 0.4387400796875 0.32149454375 0.434771825 0.2882604171875 0.3648313484375 0.2768516859375 0.3457341265625 0.272139384375 0.3425099203125 0.2694112109375 0.3382936515625 0.2674270828125 0.3382936515625 0.2520500984375 0.3417658734375 0.24684176562500001 0.3454861109375 0.243121528125 0.3511904765625 0.2423774796875 0.3546626984375 0.24336954375 0.36904761875 0.24857787656250002 0.3851686515625 0.26172271875 0.4171626984375
5 0.5478670640625001 0.49429563437499996 0.5513392859375 0.4945436515625 0.5560515875 0.4925595234375 0.5585317453124999 0.487103175 0.5577876984375 0.4782571921875 0.5582837296875 0.46949404687499996 0.559771825 0.46651785781250005 0.5607638890625 0.453373015625 0.5602678578125 0.44593253906249997 0.556795634375 0.4454365078125 0.5508432546875001 0.446428571875 0.543898809375 0.44890872968749995 0.5384424609375 0.45386904687499996 0.53125 0.4637896828125 0.5228174609375 0.4697420640625 0.521825396875 0.471726190625 0.521825396875 0.47867063437499996 0.5248015875 0.4893353171875 0.5448908734375 0.4952876984375 0.5478670640625001 0.49429563437499996
5 0.48363095312500004 0.4670138890625 0.48759920625 0.4675099203125 0.4925595234375 0.4702380953125 0.49950396875 0.47098214218749995 0.5141369046875 0.474950396875 0.519097221875 0.47445436562500004 0.5257936515625 0.466269840625 0.5329861109375 0.46279761875 0.534226190625 0.459325396875 0.531994046875 0.45535714218749995 0.525049603125 0.450396825 0.5133928578125 0.44717261875 0.5091765875 0.446924603125 0.5019841265625 0.444196428125 0.4982638890625 0.44469246093750003 0.491071428125 0.4424603171875 0.4893353171875 0.4427083328125 0.484375 0.450644840625 0.48040674531249994 0.4548611109375 0.478174603125 0.459821428125 0.4751984125 0.46279761875 0.47569444375 0.4635416671875 0.48363095312500004 0.4670138890625
5 0.3700396828125 0.23387896874999997 0.3789682546875 0.24107142812500001 0.3804563484375 0.24280753906250002 0.38169642812500004 0.24751984062500001 0.3859126984375 0.250248015625 0.39508928593750003 0.259920634375 0.400049603125 0.26909722187499996 0.40426587343750003 0.27430555624999997 0.40972222187499996 0.286954365625 0.41493055625 0.290674603125 0.418898809375 0.2956349203125 0.4233630953125 0.2981150796875 0.42509920625 0.3023313484375 0.4293154765625 0.3040674609375 0.4322916671875 0.306795634375 0.44072420625 0.3164682546875 0.44097222187499996 0.31845238125 0.4454365078125 0.32118055624999997 0.446924603125 0.3258928578125 0.44965277812500004 0.3293650796875 0.4546130953125 0.341021825 0.4608134921875 0.3509424609375 0.4734623015625 0.3573908734375 0.47842261875 0.36259920625 0.48065476250000005 0.3668154765625 0.4853670640625 0.3695436515625 0.486855159375 0.372023809375 0.4898313484375 0.372023809375 0.49553571406249997 0.377728175 0.4987599203125 0.377480159375 0.51612103125 0.3710317453125 0.518105159375 0.369295634375 0.521825396875 0.368799603125 0.5262896828125 0.36284722187499996 0.530505953125 0.36383928593750003 0.5349702375 0.3611111109375 0.4739583328125 0.302579365625 0.466021825 0.2896825390625 0.4632936515625 0.2832341265625 0.4610615078125 0.28125 0.45535714218749995 0.2710813484375 0.4362599203125 0.249751984375 0.43402777812500004 0.2452876984375 0.4154265875 0.2209821421875 0.41021825468750006 0.215277778125 0.4072420640625 0.21378968281250002 0.4047619046875 0.20882936562499999 0.4015376984375 0.2078373015625 0.40054563437499996 0.2046130953125 0.39384920625 0.19990079375 0.3928571421875 0.1979166671875 0.3804563484375 0.20114087343749998 0.37152777812500004 0.209325396875 0.36830357187499996 0.2140376984375 0.3643353171875 0.21676587343749998 0.3633432546875 0.21875 0.3635912703125 0.2224702375 0.36631944375000003 0.22743055625 0.36830357187499996 0.22916666718749998 0.3700396828125 0.23387896874999997
5 0.3164682546875 0.706597221875 0.3196924609375 0.70634920625 0.341021825 0.693700396875 0.344494046875 0.693204365625 0.346230159375 0.6894841265625 0.3454861109375 0.681299603125 0.343998015625 0.6763392859375 0.3373015875 0.6617063484375 0.3268849203125 0.661954365625 0.31597222187499996 0.6654265875 0.3107638890625 0.6698908734375 0.30803571406249997 0.674603175 0.3060515875 0.681299603125 0.3060515875 0.6894841265625 0.30803571406249997 0.6991567453124999 0.3139880953125 0.705605159375 0.3164682546875 0.706597221875
5 0.36607142812500004 0.6071428578125 0.3732638890625 0.62822420625 0.37549603125000003 0.6292162703125 0.3960813484375 0.6230158734375 0.3953373015625 0.6108630953125 0.40575396875 0.5915178578125 0.4047619046875 0.58779761875 0.39012896874999997 0.5791170640625001 0.38616071406249997 0.578869046875 0.3829365078125 0.580605159375 0.37152777812500004 0.5833333328125 0.3685515875 0.5858134921875 0.3616071421875 0.58779761875 0.3606150796875 0.5895337296875 0.36036706406249996 0.5917658734375 0.3616071421875 0.5920138890625 0.3648313484375 0.5959821421875 0.36607142812500004 0.6071428578125
5 0.428075396875 0.7008928578125 0.4310515875 0.706597221875 0.43427579375 0.706597221875 0.440476190625 0.6984126984375 0.4456845234375 0.6966765875 0.44618055625 0.6946924609375 0.4481646828125 0.693204365625 0.4481646828125 0.6889880953125 0.4466765875 0.685019840625 0.4481646828125 0.684027778125 0.450148809375 0.6798115078125 0.45362103125 0.67782738125 0.45734127031250005 0.6827876984375 0.4608134921875 0.67782738125 0.4595734125 0.6741071421875 0.4610615078125 0.6701388890625 0.459821428125 0.6651785718750001 0.4608134921875 0.661954365625 0.46031746093750003 0.6604662703125 0.45734127031250005 0.6579861109375 0.44890872968749995 0.6636904765625 0.4375 0.6679067453124999 0.43353174531249994 0.6674107140625 0.4310515875 0.6681547625 0.42410714218749995 0.6736111109375 0.41765872968749995 0.68154761875 0.4166666671875 0.6852678578125 0.41865079375 0.68700396875 0.4208829359375 0.693204365625 0.428075396875 0.7008928578125
5 0.40823412656249997 0.6205357140625 0.41344246093750003 0.62177579375 0.41617063437499996 0.6267361109375 0.4206349203125 0.6319444437499999 0.428075396875 0.6510416671875 0.4300595234375 0.6540178578125 0.4298115078125 0.6599702375 0.4310515875 0.6636904765625 0.43303571406249997 0.66592261875 0.43824404687499996 0.66592261875 0.4456845234375 0.6641865078125 0.4578373015625 0.6542658734375 0.46006944375 0.650049603125 0.46180555625 0.641369046875 0.46478174531249994 0.608630953125 0.46453372968749995 0.596478175 0.4632936515625 0.593501984375 0.45535714218749995 0.5917658734375 0.45262896875 0.5885416671875 0.44890872968749995 0.5865575390625 0.44444444375 0.5791170640625001 0.44097222187499996 0.578125 0.4300595234375 0.577876984375 0.422123015625 0.5801091265625 0.406498015625 0.59375 0.3958333328125 0.6106150796875001 0.396825396875 0.6170634921875 0.40178571406249997 0.6227678578125 0.4047619046875 0.622519840625 0.40823412656249997 0.6205357140625
5 0.51612103125 0.856646825 0.521825396875 0.8608630953124999 0.5714285718750001 0.849454365625 0.5771329359374999 0.8452380953124999 0.5979662703125 0.843005953125 0.6009424609375 0.8397817453125 0.6016865078125 0.8358134921874999 0.6011904765625 0.827876984375 0.596478175 0.80282738125 0.5949900796875001 0.8010912703124999 0.591269840625 0.8015873015625001 0.5828373015625 0.8005952375 0.5711805562500001 0.8023313484375001 0.568204365625 0.8035714281249999 0.56572420625 0.802579365625 0.56299603125 0.803075396875 0.5607638890625 0.8055555562500001 0.5540674609375 0.80282738125 0.5491071421875 0.8058035718750001 0.5448908734375 0.806299603125 0.5362103171875 0.8102678578125 0.5332341265625 0.812748015625 0.515873015625 0.8345734125 0.5143849203124999 0.83779761875 0.5143849203124999 0.84052579375 0.5119047625 0.8449900796875 0.5138888890625 0.853174603125 0.51612103125 0.856646825
5 0.8174603171875001 0.685019840625 0.8301091265625 0.6830357140625 0.84375 0.6793154765625 0.8477182546875 0.6795634921875 0.8549107140625001 0.681795634375 0.85887896875 0.684771825 0.8616071421875 0.6852678578125 0.8658234125 0.693204365625 0.86904761875 0.6959325390625 0.8707837296875001 0.6989087296875 0.874751984375 0.700644840625 0.874751984375 0.638144840625 0.8732638890625 0.638144840625 0.86904761875 0.6331845234375 0.8606150796875 0.6302083328125 0.8541666671874999 0.6294642859375 0.8492063484375001 0.63095238125 0.84697420625 0.6302083328125 0.841269840625 0.6316964281249999 0.837549603125 0.6339285718750001 0.8353174609374999 0.637152778125 0.8323412703124999 0.6364087296875 0.82490079375 0.639880953125 0.82217261875 0.644097221875 0.8194444437499999 0.653521825 0.8147321421875 0.6572420640625001 0.811755953125 0.6612103171875 0.802579365625 0.66592261875 0.796875 0.672619046875 0.800347221875 0.6852678578125 0.8035714281249999 0.68799603125 0.812251984375 0.6894841265625 0.8174603171875001 0.685019840625
5 0.6944444437499999 0.5885416671875 0.70907738125 0.594494046875 0.7123015875 0.5984623015625 0.7269345234375 0.6081349203124999 0.737847221875 0.6083829359374999 0.7447916671875 0.606646825 0.75049603125 0.6046626984375 0.759424603125 0.59970238125 0.7554563484375 0.578373015625 0.7552083328125 0.56200396875 0.75595238125 0.55927579375 0.7554563484375 0.5575396828125 0.7514880953125 0.5538194437499999 0.7425595234375 0.5543154765625 0.7304067453124999 0.5577876984375 0.7120535718750001 0.5570436515625 0.70362103125 0.5667162703125 0.6949404765625 0.572420634375 0.69345238125 0.5768849203124999 0.6889880953125 0.5801091265625 0.6889880953125 0.58407738125 0.6944444437499999 0.5885416671875
5 0.627480159375 0.5587797625 0.634424603125 0.556299603125 0.6369047625 0.5545634921875 0.6386408734375 0.5513392859375 0.6445932546875001 0.5481150796875001 0.6487269343750001 0.5429893359375 0.6547619046875 0.5381944437499999 0.6584821421875 0.5332341265625 0.6584821421875 0.531498015625 0.6579861109375 0.530505953125 0.653521825 0.5290178578125 0.6507936515625 0.5240575390625 0.6475694437499999 0.525049603125 0.6421130953125 0.521329365625 0.6386408734375 0.5223214281249999 0.6331845234375 0.518601190625 0.6272321421875 0.5205853171875 0.622271825 0.5334821421875 0.6212797625 0.536954365625 0.6212797625 0.5491071421875 0.6230158734375 0.556299603125 0.627480159375 0.5587797625
5 0.2695932546875 0.32911706406249996 0.27256944375000003 0.33134920625 0.27529761875 0.331101190625 0.2889384921875 0.3258928578125 0.2916666671875 0.3258928578125 0.3018353171875 0.3209325390625 0.3048115078125 0.3209325390625 0.3147321421875 0.313244046875 0.3139880953125 0.30654761875 0.312748015625 0.3070436515625 0.31150793593750004 0.312748015625 0.309523809375 0.313244046875 0.3048115078125 0.3105158734375 0.29737103125000003 0.2886904765625 0.296130953125 0.2864583328125 0.29340277812500004 0.28472222187499996 0.283978175 0.28472222187499996 0.2693452375 0.29017857187499996 0.2668650796875 0.2914186515625 0.2606646828125 0.297619046875 0.26116071406249997 0.30654761875 0.2638888890625 0.31200396874999997 0.2671130953125 0.32366071406249997 0.2695932546875 0.32911706406249996
5 0.6421130953125 0.2616567453125 0.6485615078125 0.255704365625 0.6448412703125 0.23239087343749998 0.6458333328125 0.221726190625 0.6498015875 0.215277778125 0.659226190625 0.20882936562499999 0.6639384921875 0.20362103125000003 0.6646825390625 0.2016369046875 0.6639384921875 0.196924603125 0.659226190625 0.1917162703125 0.653521825 0.18799603125 0.637896825 0.1860119046875 0.6329365078125 0.18650793593749998 0.625744046875 0.18923611093749998 0.62177579375 0.1922123015625 0.6180555562500001 0.19717261875 0.615575396875 0.1984126984375 0.6113591265625 0.206597221875 0.6108630953125 0.21304563437500001 0.6195436515625 0.2328869046875 0.6361607140625 0.2554563484375 0.6421130953125 0.2616567453125
5 0.389880953125 0.3335813484375 0.3923611109375 0.337549603125 0.393105159375 0.3452380953125 0.3958333328125 0.356894840625 0.4012896828125 0.3710317453125 0.4045138890625 0.3841765875 0.4077380953125 0.3831845234375 0.4126984125 0.37822420625 0.419146825 0.37450396874999997 0.39137549531250004 0.408840278125 0.406616071875 0.45588665625 0.42980803593749994 0.4717896828125 0.4443856640625 0.47245238125 0.455650296875 0.4684764390625 0.4801674109375 0.46118750000000003 0.49010689531249996 0.433357390625 0.470228175 0.3829977671875 0.44618055625 0.3581349203125 0.44122023749999995 0.34970238125 0.439980159375 0.34027777812500004 0.4300595234375 0.3167162703125 0.42906746093750003 0.3105158734375 0.4203869046875 0.2981150796875 0.41319444375 0.2919146828125 0.4072420640625 0.2834821421875 0.4050099203125 0.27777777812500004 0.403769840625 0.27777777812500004 0.39657738125 0.2703373015625 0.39756944375000003 0.2673611109375 0.3958333328125 0.265625 0.3953373015625 0.27157738125 0.39012896874999997 0.2735615078125 0.3851686515625 0.27777777812500004 0.38194444375000003 0.286954365625 0.380704365625 0.2948908734375 0.38392857187499996 0.318204365625 0.3869047625 0.32217261875 0.389880953125 0.3335813484375
5 0.37679786718749997 0.8435228171875 0.386074653125 0.8587631453125001 0.4039655265625 0.870027778125 0.42649479218749997 0.881955109375 0.4563129953125 0.88394295625 0.4662522328125 0.8594258437500001 0.463601934375 0.8474985125 0.4443856640625 0.82563194375 0.44239781718750004 0.8050905265624999 0.4834806546875 0.7693087796875 0.5616703875 0.573834078125 0.542454365625 0.5645572921875 0.5232380953125 0.553292659375 0.41721800625 0.7918380453125 0.4039655265625 0.7951510421875 0.3960138890625 0.7978015875 0.37679786718749997 0.8435228171875
5 0.403302828125 0.7925004953125 0.39535143906250003 0.770633928125 0.405290675 0.7540682046875 0.3993271328125 0.7388278765625 0.38806250000000003 0.707021825 0.3794484125 0.697082340625 0.365533234375 0.6911188 0.3410161203125 0.6957571921875 0.316498759375 0.7109975203125 0.30921006875 0.72027430625 0.3045716765625 0.738165178125 0.31451091249999996 0.76864608125 0.328426090625 0.787199653125 0.3410161203125 0.79316319375 0.35029290625 0.7964764390625 0.374147321875 0.8408722718750001 0.3801108625 0.8276197921874999 0.39402604218750004 0.7964764390625 0.403302828125 0.7925004953125
5 0.407278521875 0.7938258921875 0.41523015937499996 0.7918380453125 0.44107266875000006 0.7335267859375 0.4178807046875 0.6798541671875 0.43312103124999995 0.6679268359375 0.41589285781249996 0.626181546875 0.4039655265625 0.6182299109375 0.3688462296875 0.6301572421875 0.35890699375 0.6367834828125 0.3476423609375 0.64473511875 0.340353421875 0.6487108140625 0.338365575 0.651361359375 0.340353421875 0.6639511406249999 0.3469796625 0.671902778125 0.348967509375 0.6825047125 0.348967509375 0.6878058031250001 0.3648705359375 0.6911188 0.372822171875 0.6924439484375 0.381436259375 0.69443204375 0.39468874062500003 0.7162986109375 0.4046282234375 0.7487673609375001 0.3973392859375 0.7712966265625 0.407278521875 0.7938258921875
5 0.5171525296875 0.5575528281250001 0.5279303078125 0.5476039187499999 0.5258576390624999 0.5405567953125 0.5192251984375 0.53931324375 0.5088616078125 0.5384841265625 0.48813492031249994 0.5380696921875 0.4686515375 0.5388985609375 0.44709548593750004 0.541800346875 0.44709548593750004 0.5878139874999999 0.466164434375 0.5890577875 0.46450620000000004 0.6819141859375 0.47486954375 0.6636743546874999 0.5055453875 0.58988665625 0.5171525296875 0.5575528281250001
5 0.377038690625 0.5484330359375 0.37994047656249996 0.5650146328125001 0.3869875984375 0.57620709375 0.398180059375 0.583254215625 0.4073000984375 0.58574131875 0.41476165624999994 0.58491245 0.42429613125000004 0.5782797625 0.4450228171875 0.57620709375 0.44751016874999994 0.537240575 0.425125 0.53102256875 0.422637896875 0.518586309375 0.4255396828125 0.50117584375 0.4010818453125 0.493299603125 0.387816715625 0.4982740578125 0.3869875984375 0.514440971875 0.379111359375 0.524804315625 0.37662425625 0.5343387890625 0.377038690625 0.5484330359375
5 0.38076959375 0.4924704859375 0.399423859375 0.493299603125 0.4259541171875 0.49951760937499995 0.4338303578125 0.47381622031250004 0.4155907734375 0.4675982140625 0.39983829375 0.47920535781250007 0.385744046875 0.4862524796875 0.38076959375 0.4924704859375
5 0.27298983125 0.224679315625 0.274648065625 0.2337991078125 0.2758916171875 0.24208978124999997 0.3567264390625 0.3793018359375 0.3509228671875 0.3888360609375 0.3505084328125 0.3929813984375 0.3505084328125 0.397955853125 0.3737224703125 0.4323625984375 0.38076959375 0.4369223703125 0.39569295625 0.43111904687499997 0.3927911703125 0.4025158734375 0.3990091765625 0.3904942953125 0.405641865625 0.385105159375 0.3903040671875 0.35401488125 0.3049092265625 0.2159739578125 0.291644096875 0.2134868546875 0.283353421875 0.21555952343749998 0.27298983125 0.224679315625
5 0.2982765375 0.3233392859375 0.26967361093750003 0.33577529687499996 0.278793403125 0.3428224203125 0.30283655781249996 0.39754141875000004 0.3156872515625 0.3929813984375 0.33724305625 0.3846907234375 0.33724305625 0.37266914687499997 0.32895238125000004 0.3610620046875 0.3389012890625 0.3511130953125 0.3202470234375 0.31919394843750004 0.307396578125 0.3258263890625 0.2982765375 0.3233392859375
5 0.3351703875 0.43982415625 0.3529955359375 0.44148239062499994 0.36335912656249997 0.4257299109375 0.3596282234375 0.41163566406249996 0.349679315625 0.399199653125 0.34802108125000003 0.39505406718749997 0.3090545640625 0.3942251984375 0.306152778125 0.40044320468750005 0.3268797125 0.43360615156250004 0.3351703875 0.43982415625
5 0.47633854218750005 0.8555662203125 0.4934236109375 0.8472428078125 0.676540178125 0.6794588296875 0.6958154765625 0.684277778125 0.731737846875 0.6457269343750001 0.7326140875 0.6312703375 0.724290675 0.6080520828125 0.70939608125 0.594909721875 0.6870540671875001 0.584834078125 0.6428080359375 0.622070684375 0.649379215625 0.630394096875 0.4434826390625 0.8034350203124999 0.445673115625 0.8257767859375 0.462758184375 0.8428618546875001 0.47633854218750005 0.8555662203125
5 0.789126240625 0.7079340281250001 0.8005161203125001 0.7079340281250001 0.8018303578125 0.7004866078124999 0.7983258921874999 0.6904107140625 0.79482118125 0.6715734125 0.7917547125 0.65448834375 0.7746696421875 0.6452886906249999 0.755832340625 0.6733258921874999 0.64675074375 0.7048673109375 0.62309449375 0.73378050625 0.7624032734374999 0.6939154265624999 0.789126240625 0.7079340281250001
5 0.8049084828125 0.7647075890624999 0.61461483125 0.7949930562499999 0.616633928125 0.8121547625 0.6216813 0.8404213796875 0.6761951890625 0.833859375 0.6782142859375 0.821240575 0.6782142859375 0.8111453375 0.763013640625 0.7970121531250001 0.8256034218750001 0.7838883921875001 0.8124796625 0.7788407734375 0.80591790625 0.7722790171875 0.8049084828125 0.7647075890624999
5 0.8362033734375001 0.7813645828125 0.874751984375 0.7727837296875 0.8740602671875 0.7071654265625 0.8634603171874999 0.68697495 0.8473080359375 0.6799084828125 0.8023846718750001 0.690508184375 0.8023846718750001 0.7046416171875001 0.7993561515625001 0.7091842765624999 0.786737103125 0.7101939484375001 0.608053075 0.7440126484375 0.5389012890625 0.8050882937500001 0.802889384375 0.7616790671875 0.8134893359375001 0.7768219249999999 0.823584325 0.7808598703125 0.8362033734375001 0.7813645828125
5 0.7241470734375001 0.656184771875 0.7251567453125001 0.666280009375 0.7367661203125 0.6748608625 0.759480159375 0.6637562 0.780175346875 0.6460895343749999 0.789765625 0.660727678125 0.796832340625 0.664765625 0.81197495 0.65971800625 0.820555803125 0.64659449375 0.81752728125 0.6294325390625 0.7998608625 0.6304422125 0.769070684375 0.6203469734375 0.765032490625 0.6122708328125 0.758975446875 0.6057090781250001 0.7296994046874999 0.61378521875 0.7342423109375 0.633470734375 0.7276805562499999 0.64810863125 0.7241470734375001 0.656184771875
5 0.566662946875 0.621861359375 0.56969146875 0.5592713296875 0.5459677578125001 0.5577571921875 0.5626247515625 0.5698712796875001 0.561110615625 0.5860235609375 0.4869112109375 0.7652123015625001 0.5545486109375 0.7081748515624999 0.5560629953125 0.6945463796875 0.5545486109375 0.6894987593749999 0.5313298609375 0.660727678125 0.566662946875 0.621861359375
5 0.4924635421875 0.470938740625 0.474796875 0.46538640937500003 0.47025421562499997 0.46841493125 0.43542584375000004 0.47346255 0.425330853125 0.504252728125 0.425330853125 0.5219193953125 0.426844990625 0.5335287703125 0.45662574375 0.5395858140625001 0.47833035781250005 0.5370620046875 0.47833035781250005 0.5274717265625 0.5757485124999999 0.5456428578125 0.5722152781250001 0.504252728125 0.48943502031249997 0.48658630937499997 0.4924635421875 0.470938740625
5 0.639852678125 0.49920510937499996 0.646414434375 0.49617658750000004 0.650957340625 0.4487294140625 0.640862103125 0.44368179531249996 0.62672891875 0.44014856093750004 0.601995784375 0.4386341765625 0.58180555625 0.43712003906249997 0.5717103171875 0.43712003906249997 0.5626247515625 0.44014856093750004 0.5570724203124999 0.48961483125000005 0.5686817953125 0.491633928125 0.5772626484375001 0.4966813 0.5686817953125 0.6198422625 0.618652778125 0.5683568953125 0.622186259375 0.503748015625 0.639852678125 0.49920510937499996
5 0.48613715312499994 0.2345047125 0.47265302656249997 0.2139853671875 0.4685493546875 0.2157442953125 0.4357185015625 0.2374360125 0.45799652812499997 0.26968030781249996 0.4878958328125 0.2462299109375 0.48613715312499994 0.2345047125
5 0.47499801562500005 0.2139853671875 0.478515625 0.223365575 0.4972760421875 0.226296875 0.50372495 0.219847965625 0.5183814484375 0.1969838796875 0.4978623515625 0.1735334828125 0.47382564531250004 0.147737846875 0.44861631874999996 0.174705853125 0.45799652812499997 0.1899486609375 0.41871701406249995 0.219847965625 0.43161483125 0.23919469218749997 0.4703080359375 0.2104677578125 0.47499801562500005 0.2139853671875
5 0.38647271875 0.25326488125 0.354228175 0.282578125 0.3630220734375 0.2948896328125 0.39468030781249996 0.2726116078125 0.38647271875 0.25326488125
5 0.37826488125 0.28726810468749997 0.3595047125 0.30133829375 0.377092509375 0.3212713296875 0.38061011875 0.3154087296875 0.37826488125 0.28726810468749997
5 0.5963541671875 0.206950396875 0.605148065625 0.21691666718749997 0.60983829375 0.23333209375 0.605734375 0.2485749015625 0.5875602671875 0.2626450890625 0.613355903125 0.3165811015625 0.6203908734375 0.3218576390625 0.6368063 0.323030009375 0.6479451890625 0.31834002968749997 0.6508764874999999 0.308959821875 0.6538077875 0.3025109125 0.6526354171875 0.2925443953125 0.6497041171875 0.2773015875 0.60397569375 0.21164037656249998 0.6074933031249999 0.20226016875 0.6016307046875 0.177051090625 0.5934228671875 0.1641532734375 0.583456596875 0.1612219734375 0.57876636875 0.158876984375 0.5664548609375 0.16063566406250002 0.5517983625 0.1641532734375 0.5400731640624999 0.175878471875 0.552384671875 0.1811547625 0.55883358125 0.19346627031250002 0.5629372515625 0.20226016875 0.5717311515625 0.20226016875 0.5775939984375 0.201673859375 0.5963541671875 0.206950396875