1 0.3534060015625 0.563198909375 0.35036631875 0.541053075 0.3290890375 0.421639384375 0.33082589218749997 0.39167733125000004 0.3299575890625 0.39124305625 0.314759425 0.3903745046875 0.30781175625 0.366926090625 0.3073774796875 0.366926090625 0.29478472187500004 0.366926090625 0.2817576890625 0.369097221875 0.2548353171875 0.373873759375 0.23833457343750003 0.380821428125 0.2270446421875 0.39124305625 0.210109375 0.4038358140625 0.214017609375 0.4155600203125 0.22487326406250002 0.4385744046875 0.21314905781250001 0.44769320468749996 0.20272743124999998 0.45941741093750005 0.22443923593749998 0.5145649796875 0.23225520781250003 0.5358422625 0.24180853125000001 0.5393162203124999 0.2487562 0.53844766875 0.26048040625 0.5419216265625 0.273941715625 0.5453955859375 0.29608755000000003 0.5875158734375 0.313456596875 0.5914241078125 0.340379215625 0.5840421625000001 0.342550346875 0.5736205359375 0.34515575468750004 0.57188368125 0.3534060015625 0.563198909375
1 0.3508005953125 0.644400296875 0.344287203125 0.610964534375 0.31736483125000003 0.61443824375 0.2869685015625 0.6378869046875 0.2570064484375 0.6630724203125 0.23008407812499998 0.6882579359375 0.2292157734375 0.694337053125 0.23138690468749998 0.7225622515625 0.23138690468749998 0.7473134921875 0.2361634421875 0.78552579375 0.248321925 0.817658978125 0.25526959374999997 0.82373834375 0.27307316406250004 0.836330853125 0.3117197421875 0.8554372515625 0.3577482640625 0.877148809375 0.4007373515625 0.8354625499999999 0.3942239578125 0.7955131453125001 0.3851049109375 0.8050662203125001 0.35384027812499996 0.801158234375 0.3251810515625 0.7833546625000001 0.3108514390625 0.7642485125 0.30216666718749996 0.7399315468750001 0.301732390625 0.706061259375 0.314759425 0.675230903125 0.32170709375 0.6639407234375 0.33082589218749997 0.66176959375 0.349498015625 0.6639407234375 0.372078125 0.673928075 0.372078125 0.6561247515625 0.36469618125 0.6543876484375 0.3508005953125 0.644400296875
1 0.2952189984375 0.18411433593749998 0.2913107640625 0.18628546562499998 0.24788764843750002 0.19236483124999998 0.235294890625 0.20148363125 0.2387688484375 0.2214583328125 0.2474533734375 0.25880233124999996 0.278283978125 0.2996200390625 0.305640625 0.2878958328125 0.30346949375 0.2566312 0.299561259375 0.23752505 0.2952189984375 0.18411433593749998
1 0.6396329359374999 0.67237103125 0.6416170640625001 0.6736111109375 0.6490575390625 0.671875 0.656498015625 0.6763392859375 0.666170634375 0.6770833328125 0.6736111109375 0.6808035718750001 0.6788194437499999 0.6810515875 0.6827876984375 0.6860119046875 0.688244046875 0.688244046875 0.6912202375 0.6917162703125 0.6966765875 0.693700396875 0.7103174609375 0.702876984375 0.7150297625 0.7043650796875001 0.721478175 0.7048611109375 0.7229662703125 0.7075892859375 0.7271825390625 0.7080853171875 0.7333829359374999 0.7051091265625 0.7452876984375 0.693700396875 0.759920634375 0.67137896875 0.7673611109375 0.6582341265625 0.7708333328125 0.6485615078125 0.7795138890625 0.6339285718750001 0.781498015625 0.627480159375 0.78125 0.622023809375 0.783730159375 0.611855159375 0.7832341265625 0.60342261875 0.7802579359374999 0.5977182546875001 0.7738095234375 0.5952380953125 0.7698412703125 0.590277778125 0.7633928578125 0.588045634375 0.7586805562500001 0.583829365625 0.7519841265625 0.581597221875 0.747271825 0.575396825 0.7413194437499999 0.5729166671875 0.7385912703125 0.5689484125 0.733630953125 0.5689484125 0.7271825390625 0.5639880953125 0.7175099203124999 0.5550595234375 0.715773809375 0.5486111109375 0.7110615078125 0.5404265875 0.70362103125 0.5332341265625 0.693700396875 0.528521825 0.6917162703125 0.5260416671875 0.6860119046875 0.5260416671875 0.6832837296875 0.52802579375 0.6760912703125 0.5292658734375 0.6770833328125 0.5327380953125 0.67137896875 0.544146825 0.6676587296875 0.5486111109375 0.6612103171875 0.5602678578125 0.6572420640625001 0.5644841265625 0.65302579375 0.57217261875 0.646825396875 0.5803571421875 0.640376984375 0.5927579359374999 0.637896825 0.6004464281249999 0.6334325390625 0.6076388890625 0.6302083328125 0.6108630953125 0.625744046875 0.6227678578125 0.6175595234375 0.634424603125 0.612351190625 0.646329365625 0.611855159375 0.6572420640625001 0.6133432546875001 0.661954365625 0.6259920640625001 0.6696428578125 0.6396329359374999 0.67237103125
1 0.6654265875 0.8015873015625001 0.668402778125 0.8271329359375 0.6708829359374999 0.8370535718750001 0.67137896875 0.846726190625 0.6741071421875 0.85342261875 0.7137896828125 0.8524305562500001 0.7279265875 0.849950396875 0.7353670640625001 0.8474702375 0.765873015625 0.8454861109375 0.7678571421875 0.843998015625 0.7708333328125 0.84424603125 0.775049603125 0.8427579359375 0.794394840625 0.8400297625 0.8023313484375001 0.8355654765624999 0.8077876984374999 0.8365575390625001 0.813244046875 0.833829365625 0.815476190625 0.8189484125 0.815476190625 0.812748015625 0.809771825 0.768353175 0.8048115078125001 0.749255953125 0.803075396875 0.734126984375 0.7983630953125 0.7202380953125 0.7914186515625 0.7105654765625 0.7797619046875 0.7068452375 0.7767857140625 0.7098214281249999 0.7738095234375 0.7080853171875 0.77157738125 0.7080853171875 0.7700892859375 0.70907738125 0.7150297625 0.7108134921875 0.7053571421875 0.7073412703125 0.700396825 0.7018849203124999 0.6961805562500001 0.700644840625 0.6919642859375 0.6954365078125 0.6679067453124999 0.696924603125 0.662450396875 0.7018849203124999 0.65947420625 0.7095734125 0.659226190625 0.72470238125 0.6612103171875 0.737351190625 0.662450396875 0.7693452375 0.6654265875 0.8015873015625001
1 0.5510912703125 0.194196428125 0.55654761875 0.1981646828125 0.5585317453124999 0.2016369046875 0.562748015625 0.2046130953125 0.56572420625 0.20907738125000003 0.5679563484375 0.21056547656250002 0.5716765875 0.21825396874999997 0.575644840625 0.2172619046875 0.580853175 0.21924603125000003 0.5855654765625 0.21701388906250002 0.5920138890625 0.2172619046875 0.59697420625 0.215773809375 0.6011904765625 0.21602182499999997 0.60342261875 0.2147817453125 0.61259920625 0.2145337296875 0.615575396875 0.21279761874999997 0.621527778125 0.21180555625 0.6341765875 0.2123015875 0.6416170640625001 0.2150297625 0.6498015875 0.2132936515625 0.6550099203124999 0.21354166718749998 0.668402778125 0.21056547656250002 0.6708829359374999 0.20882936562499999 0.6738591265625 0.2046130953125 0.6741071421875 0.1917162703125 0.672619046875 0.1770833328125 0.6708829359374999 0.17137896875 0.6708829359374999 0.15798611093749998 0.6671626984375 0.15029761875 0.6664186515625 0.14409722187500001 0.6651785718750001 0.14310515937499999 0.6634424609375 0.10962301562500001 0.661954365625 0.0984623015625 0.65947420625 0.08887227187499999 0.65947420625 0.080853175 0.65625 0.068204365625 0.6455853171875 0.0667162703125 0.639880953125 0.06795634843750001 0.6272321421875 0.0734126984375 0.61904761875 0.07490079375 0.6158234125 0.07638888906249999 0.605902778125 0.08358134843750001 0.6021825390625 0.087549603125 0.6006944437499999 0.088045634375 0.5979662703125 0.08680555625 0.5909392359375001 0.090277778125 0.5860615078125 0.08978174531250001 0.5820932546875001 0.0922619046875 0.5744047625 0.0922619046875 0.5679563484375 0.09499007968749999 0.565476190625 0.09424603125 0.559027778125 0.0984623015625 0.5538194437499999 0.0987103171875 0.5491071421875 0.10243055625 0.5453869046875 0.10367063437499999 0.5421626984375 0.106646825 0.5384424609375 0.1140873015625 0.53720238125 0.12103174531250001 0.536954365625 0.130704365625 0.5414186515625 0.165674603125 0.5478670640625001 0.18774801562500001 0.5510912703125 0.194196428125
1 0.575644840625 0.3710317453125 0.577380953125 0.3730158734375 0.58134920625 0.374255953125 0.583829365625 0.3769841265625 0.5927579359374999 0.37946428593750003 0.610119046875 0.387648809375 0.6173115078125 0.393601190625 0.6227678578125 0.4012896828125 0.6240079359374999 0.4045138890625 0.6334325390625 0.41195436562500004 0.6418650796875001 0.4164186515625 0.6473214281249999 0.41765872968749995 0.653521825 0.4171626984375 0.668402778125 0.40997023749999995 0.6701388890625 0.4079861109375 0.6708829359374999 0.4015376984375 0.674355159375 0.39930555624999997 0.6770833328125 0.4010416671875 0.6889880953125 0.38467261875 0.690228175 0.38169642812500004 0.6917162703125 0.380704365625 0.6919642859375 0.3762400796875 0.6976686515625 0.3635912703125 0.700396825 0.3630952375 0.7016369046875 0.3611111109375 0.7043650796875001 0.3514384921875 0.7123015875 0.333829365625 0.7132936515625 0.3303571421875 0.713045634375 0.3263888890625 0.71552579375 0.32217261875 0.716021825 0.30902777812500004 0.718005953125 0.2986111109375 0.7165178578125 0.296130953125 0.715773809375 0.29092261875 0.7120535718750001 0.2886904765625 0.7098214281249999 0.28174603125000003 0.706597221875 0.2775297625 0.703373015625 0.27529761875 0.697420634375 0.2748015875 0.6922123015625 0.27256944375000003 0.6835317453124999 0.2710813484375 0.658978175 0.2710813484375 0.6542658734375 0.26909722187499996 0.6498015875 0.26884920625 0.6443452375 0.264880953125 0.6356646828125 0.263144840625 0.6341765875 0.2604166671875 0.630704365625 0.2591765875 0.6289682546875001 0.25967261875 0.6259920640625001 0.262648809375 0.6237599203124999 0.263144840625 0.618799603125 0.2614087296875 0.6163194437499999 0.2591765875 0.6111111109375 0.25892857187499996 0.6039186515625 0.25595238125 0.5957341265625 0.2576884921875 0.5863095234375 0.2576884921875 0.584325396875 0.25967261875 0.5830853171875 0.263144840625 0.58134920625 0.2641369046875 0.5793650796875001 0.2710813484375 0.574652778125 0.27455357187499996 0.5699404765625 0.28224206406249996 0.5696924609375 0.28720238125 0.5674603171875 0.2896825390625 0.563244046875 0.2986111109375 0.562748015625 0.30282738125 0.556795634375 0.3144841265625 0.553075396875 0.327380953125 0.5538194437499999 0.349454365625 0.560019840625 0.3611111109375 0.5639880953125 0.36532738125 0.575644840625 0.3710317453125
1 0.5514685015625 0.2477209828125 0.5524399796874999 0.2530639875 0.543696925 0.26666418593749996 0.53155381875 0.2744360125 0.5218392859375001 0.28317906718749997 0.5101817953125 0.2894935515625 0.5198963296875 0.32689459374999996 0.5218392859375001 0.34923784687500004 0.5524399796874999 0.3288373015625 0.5640974703125 0.29775074375 0.5752693453125 0.2705500984375 0.593241071875 0.25549255937500004 0.5980984625 0.251606646875 0.59226959375 0.24237797656249999 0.5733263890625 0.2224630453125 0.548554315625 0.19477653749999999 0.532525296875 0.1879764390625 0.5038673109375 0.1840907734375 0.487352678125 0.1913764875 0.4659806546875 0.208376984375 0.4533516859375 0.23363492031250002 0.4523802078125 0.252092509375 0.4572375984375 0.2744360125 0.46306622031250005 0.29143650781249997 0.47423784687500004 0.304065228125 0.5179533734375 0.3472951390625 0.5169818953124999 0.323980159375 0.5101817953125 0.2958080359375 0.5092103171875 0.293379215625 0.5062958828124999 0.28269320468750003 0.5096959328125 0.262292659375 0.5242678578125 0.2506354171875 0.53883978125 0.24383506875 0.5514685015625 0.2477209828125
1 0.70107266875 0.246263640625 0.6952438 0.25792113125 0.6806721234374999 0.26909300625 0.703987103125 0.2758931046875 0.70835863125 0.2676356640625 0.70107266875 0.2268345734375 0.688929315625 0.21274851250000001 0.6738717765625 0.208376984375 0.662214534375 0.216634425 0.64278521875 0.216634425 0.633556546875 0.22537747968750002 0.6272420640624999 0.254035465625 0.64715699375 0.26520709375 0.642299603125 0.2486924609375 0.64327108125 0.24820659687500002 0.6442425593750001 0.2389779265625 0.6617286703125 0.2268345734375 0.6724146828124999 0.22537747968750002 0.6884437 0.2321775796875 0.70107266875 0.246263640625
1 0.638013640625 0.5138122515625 0.649990575 0.47348958281250003 0.5964935515625001 0.4156009421875 0.5853149796875 0.4179962796875 0.5761326890625 0.41999255937499996 0.555771825 0.4167986109375 0.5421979171875 0.422387896875 0.5306202875 0.42677951406250003 0.5202400796875 0.4315701890625 0.510259425 0.445144096875 0.5054685015625 0.45632266875000005 0.5034724703125 0.47588516875 0.502673859375 0.48866046562500004 0.5054685015625 0.5030329859375 0.5134531250000001 0.5178045640625 0.521837053125 0.5261884921875 0.53660863125 0.534971478125 0.5529771828125 0.5509407234375 0.5693457343749999 0.5525376984375 0.6268353171875 0.5425567953125 0.6276336812500001 0.531378471875 0.6364166671875 0.5166068953125 0.62124603125 0.5102189984375001 0.5976912203125 0.5010367062500001 0.594497271875 0.5062266859375 0.58371800625 0.5126145828124999 0.570144096875 0.5178045640625 0.555771825 0.514610615625 0.5477872031250001 0.5046297125 0.546589534375 0.49025744062500004 0.5477872031250001 0.47668353124999996 0.548585565625 0.464706596875 0.5585664687499999 0.4575203375 0.574136409375 0.45312896875 0.5873112593750001 0.4523303578125 0.5960942453125 0.4591173109375 0.60168353125 0.46550496093750005 0.6048774796874999 0.479478175 0.6000865578125001 0.4970443953125 0.604478175 0.5014360124999999 0.6140597718749999 0.5054283234375 0.638013640625 0.5138122515625
1 0.729038690625 0.4762842265625 0.729038690625 0.48466815468749996 0.72185243125 0.4922537203125 0.7094764390625 0.49824206406249993 0.6931078875 0.5010367062500001 0.6819293156249999 0.4958467265625 0.67314608125 0.486664434375 0.6687547125 0.47348958281250003 0.6687547125 0.4714935515625 0.6739446921875001 0.45871800625 0.6727470234374999 0.4511326890625 0.661568453125 0.44873735156250005 0.65278521875 0.46790054531249997 0.6547814984375 0.48746279687499994 0.660370784375 0.5026336812500001 0.6719484125 0.509819940625 0.683925346875 0.514610615625 0.706282490625 0.514610615625 0.7202557046875 0.512215278125 0.7406165671875 0.50023834375 0.7466049109374999 0.48107514843750004 0.747403521875 0.464706596875 0.7434109624999999 0.45312896875 0.729038690625 0.4363611109375 0.7150654765625 0.43037252031250006 0.6994955359375 0.42717881875 0.679134671875 0.4315701890625 0.66835540625 0.4375587796875 0.6663591265625 0.443946428125 0.66596006875 0.44434573437499997 0.6787353671874999 0.4495357140625 0.69749925625 0.441551090625 0.7198563984375 0.447938740625 0.728639384375 0.4575203375 0.729038690625 0.4762842265625