5 0.999751984375 0.41964608124999997 0.999751984375 0.390929315625 0.8908345734375 0.41153521875 0.8914032734375 0.4187197421875 0.9349392359375001 0.43168849218750005 0.999751984375 0.41964608124999997
5 0.8673196921875 0.167679315625 0.904371528125 0.13618353125 0.94327579375 0.1250672125 0.904371528125 0.125 0.8580567953125 0.1574893359375 0.8321205359375 0.1954697421875 0.8154097218749999 0.2270500984375 0.8265629953125 0.22789186562500002 0.840457340625 0.2065858140625 0.8673196921875 0.167679315625
0 0.7357862109375 0.2139967765625 0.816373759375 0.2241865078125 0.8358258921875 0.19639608125000002 0.8398717765624999 0.17608730156250002 0.7524595734374999 0.1732373515625 0.7441227671874999 0.18991170625 0.745975446875 0.20195411718749998 0.7357862109375 0.2139967765625
0 0.2717135421875 0.5274546124999999 0.2902393359375 0.5394970234375001 0.2883869046875 0.5617294140625 0.2865342265625 0.5663611109375 0.284681546875 0.5617294140625 0.281902778125 0.55061334375 0.276344990625 0.5552450390625 0.27449231093750004 0.5746981640625 0.276344990625 0.589519840625 0.2865342265625 0.5987834828125 0.29209201406249996 0.606194196875 0.2995022328125 0.626573909375 0.31524925625 0.663627728125 0.3495220734375 0.723840278125 0.8135947421875 0.56358209375 0.928455109375 0.52282266875 0.7997003968749999 0.4246297125 0.3902790171875 0.48298983125 0.2754186515625 0.5061485609374999 0.2717135421875 0.5274546124999999
0 0.2772713296875 0.538570684375 0.1855682046875 0.5561713796875 0.17260019843750002 0.5793301093750001 0.1855682046875 0.565434771875 0.190199653125 0.5913725203125 0.1818630953125 0.6108258921874999 0.27418526718749997 0.5827698406249999 0.273565971875 0.573771825 0.281902778125 0.5543186999999999 0.2772713296875 0.538570684375
0 0.11239112031250001 0.6637450390625 0.102201884375 0.6711560015625 0.104980903125 0.6831984125 0.11702256874999999 0.6906091265625001 0.12165401718749999 0.7026517859375 0.117948909375 0.7156205359375 0.1198015875 0.7295158734375 0.123506696875 0.7517482640625001 0.13832738125 0.7786123515625001 0.1485166171875 0.7776860125 0.1485166171875 0.7823177078125 0.14481150781250002 0.7980657234375 0.1512953875 0.82215079375 0.348595734375 0.74063194375 0.348595734375 0.7221051593750001 0.2791240078125 0.5951951890625 0.10312822343750001 0.6359546125 0.10775967187499999 0.6442916671875001 0.11239112031250001 0.6637450390625
2 0.95346255 0.272857390625 0.9400314984374999 0.253548859375 0.33143229218750003 0.12594518906250002 0.2709920640625 0.12762425625 0.2953360609375 0.17547569375 0.95346255 0.272857390625
2 0.923242559375 0.273696925 0.3003727671875 0.179673115625 0.291978175 0.176315228125 0.2701525296875 0.1284637890625 0.25923983125 0.1284637890625 0.2877810015625 0.1939446921875 0.9249213796875001 0.28377083281250004 0.923242559375 0.273696925
2 0.27434995 0.20905555625 0.9190453875 0.2904868546875 0.9349947921874999 0.2879682546875 0.2886205359375 0.19478397812499998 0.260079365625 0.147772321875 0.25252430625 0.1410563 0.2449692453125 0.1469327875 0.27434995 0.20905555625
2 0.28694146875 0.2469392359375 0.2835838296875 0.2444208828125 0.25402108125 0.17776339218749998 0.2399325390625 0.1881743546875 0.2659553578125 0.2469392359375 0.28694146875 0.2469392359375
2 0.28694146875 0.2612108140625 0.289459821875 0.25113665625000003 0.2651158234375 0.2502973703125 0.23924181562500002 0.1916188 0.229019840625 0.189853421875 0.25336359062499997 0.2544947921875 0.28694146875 0.2612108140625
2 0.2928177078125 0.2603712796875 0.254203125 0.2570133921875 0.22818030781249998 0.19992733125 0.22818030781249998 0.20244593281249998 0.25504265937500004 0.2637291671875 0.2953360609375 0.27128472187499997 0.2928177078125 0.2603712796875
2 0.26880009843749997 0.26828521875 0.2751892359375 0.29059325468749997 0.309606646875 0.2914327875 0.2961755953125 0.2679268359375 0.26880009843749997 0.26828521875
2 0.938352678125 0.322494046875 0.314643353125 0.293951140625 0.2760287703125 0.29059325468749997 0.2659553578125 0.27044518906250004 0.26259747031249997 0.27296378906249996 0.309606646875 0.34935788749999996 0.9467470234375 0.3434813984375 0.938352678125 0.322494046875
2 0.938352678125 0.35103695468749996 0.9526232640625001 0.346 0.3012123015625 0.34683953437500004 0.264181546875 0.2784459328125 0.258400296875 0.2821981640625 0.2953360609375 0.3552346234375 0.938352678125 0.35103695468749996
2 0.9954350203125 0.314832340625 0.986201140625 0.2997212296875 0.279386409375 0.2124134421875 0.2802259421875 0.23256150781249998 0.31044618125 0.28712872031250003 0.9954350203125 0.314832340625
2 0.99879290625 0.38199206406249997 0.97193055625 0.3500912703125 0.3582946421875 0.3610047125 0.3440240578125 0.3685600203125 0.400266865625 0.4550282734375 0.99879290625 0.38199206406249997
2 0.9878799609375 0.4004610609375 0.9937562 0.38535019843749996 0.4019459328125 0.4558678078125 0.3457028765625 0.376115575 0.33478993125 0.396263640625 0.3817991078125 0.48273189531250005 0.9878799609375 0.4004610609375