3 0.6019345234375 0.47470238125 0.60342261875 0.48090277812500004 0.6083829359374999 0.486855159375 0.61904761875 0.49429563437499996 0.6264880953125 0.497519840625 0.631200396875 0.497519840625 0.652777778125 0.48511904687499996 0.6582341265625 0.484375 0.6626984125 0.48065476250000005 0.6664186515625 0.474950396875 0.715277778125 0.4231150796875 0.7202380953125 0.4166666671875 0.7202380953125 0.40972222187499996 0.7229662703125 0.40699404687499996 0.7271825390625 0.40550595312500004 0.7363591265625 0.4045138890625 0.7460317453124999 0.39732142812500004 0.7487599203124999 0.390376984375 0.7490079359374999 0.3841765875 0.7462797625 0.38194444375000003 0.747271825 0.37847222187499996 0.7517361109375 0.3735119046875 0.752480159375 0.36904761875 0.7576884921875 0.3670634921875 0.7673611109375 0.3606150796875 0.7698412703125 0.3529265875 0.768353175 0.34821428593750003 0.7564484125 0.3360615078125 0.7477678578125 0.33134920625 0.74032738125 0.328373015625 0.730902778125 0.328869046875 0.7204861109375 0.325644840625 0.716269840625 0.3268849203125 0.7100694437499999 0.33159722187499996 0.705853175 0.33705357187499996 0.7048611109375 0.34027777812500004 0.7016369046875 0.3449900796875 0.6927083328125 0.353670634375 0.674851190625 0.3678075390625 0.665674603125 0.3697916671875 0.6607142859375 0.3727678578125 0.656001984375 0.3787202375 0.6550099203124999 0.38095238125 0.6547619046875 0.3888888890625 0.6490575390625 0.3988095234375 0.627728175 0.424355159375 0.6232638890625 0.428075396875 0.61532738125 0.43179563437499996 0.6116071421875 0.4362599203125 0.6103670640625001 0.43948412656249997 0.6106150796875001 0.446428571875 0.612351190625 0.45114087343750003 0.6113591265625 0.45659722187499996 0.6019345234375 0.47470238125
3 0.3814481640625 0.49652777812500004 0.40558914531249995 0.4755445890625 0.38311954375 0.496216765625 0.3940969734375 0.5044642859375 0.3988092765625 0.5074404765625 0.4000493546875 0.5106646828125 0.40128943437500003 0.5114087296875 0.41294618125 0.51512896875 0.42410689531249995 0.5133928578125 0.4471723703125 0.5074404765625 0.46800570468749997 0.5069444437499999 0.476190228125 0.5047123015625 0.4833826890625 0.49776785781250005 0.48536681562500006 0.49305555625 0.48586284687500003 0.486855159375 0.484870784375 0.4826388890625 0.4833826890625 0.4791666671875 0.47916641875000004 0.47743055625 0.4784223703125 0.47594246093750003 0.47792633906250004 0.4697420640625 0.479910465625 0.465773809375 0.491319196875 0.45684523749999995 0.49578348281249995 0.455605159375 0.4990076890625 0.45634920625 0.5045052078125 0.459600446875 0.5089563484374999 0.47059771875 0.5114084828125 0.47271825468750006 0.5121525296875 0.47569444375 0.5146326890624999 0.4764384921875 0.520337053125 0.475446428125 0.5295136406250001 0.47321428593750003 0.5342259421875 0.47098214218749995 0.5384422125 0.4677579359375 0.5406743546875 0.46428571406249997 0.5426584828125 0.45684523749999995 0.5468747515625 0.44915674531249994 0.5624997515625 0.43328372968749995 0.5719243546875 0.428571428125 0.5749005453125 0.4228670640625 0.5746525296875 0.4139384921875 0.57291641875 0.40823412656249997 0.5653802078125 0.395787203125 0.5646361609375 0.38363665625 0.5388469734375 0.40000297656250006 0.5341354171875 0.416369046875 0.525704365625 0.4181049109375 0.51330555625 0.4188489578125 0.5237204859375 0.40347445468750004 0.5363673109375 0.400498759375 0.5644838796875 0.38169642812500004 0.5595235609375 0.3702876984375 0.5535711812499999 0.36383928593750003 0.5458826890624999 0.3581349203125 0.5376981640625 0.3576388890625 0.5342259421875 0.358630953125 0.526289434375 0.3633432546875 0.5114084828125 0.3648313484375 0.49479141875000004 0.3640873015625 0.4833826890625 0.359375 0.47941443437500003 0.359126984375 0.47073387968749997 0.36259920625 0.46726165625 0.3668154765625 0.46626959375 0.3700396828125 0.45982118125 0.3767361109375 0.43675570468749997 0.38963293593750004 0.43030729218749997 0.3943452375 0.4250989578125 0.3958333328125 0.41691443437500003 0.400049603125 0.40476165625 0.4010416671875 0.39632911718749997 0.40625 0.3950890375 0.4079861109375 0.3940969734375 0.4139384921875 0.3940969734375 0.4203869046875 0.38814459375 0.4360119046875 0.3821922125 0.4451884921875 0.3782239578125 0.44940476250000005 0.369543403125 0.45535714218749995 0.3678072921875 0.4608134921875 0.3675592765625 0.4737103171875 0.36855133906250004 0.48065476250000005 0.3720235609375 0.4853670640625 0.373759671875 0.49280753906249997 0.3814481640625 0.49652777812500004
3 0.1820436515625 0.838045634375 0.1860119046875 0.8415178578125 0.1855158734375 0.84424603125 0.1810515875 0.846726190625 0.18154761875 0.8544146828124999 0.18501984062500001 0.8616071421875 0.18923611093749998 0.8630952375 0.1927083328125 0.8705357140625001 0.2008928578125 0.872519840625 0.21701388906250002 0.8732638890625 0.2333829359375 0.8707837296875001 0.237847221875 0.86904761875 0.2445436515625 0.86904761875 0.25446428593750003 0.8670634921874999 0.268601190625 0.869295634375 0.2738095234375 0.868799603125 0.287450396875 0.8645833328125001 0.302579365625 0.8521825390625001 0.33407738125 0.8358134921874999 0.3529265875 0.828869046875 0.3643353171875 0.828125 0.3673115078125 0.8258928578125 0.3730158734375 0.8236607140625001 0.377480159375 0.8204365078125001 0.38169642812500004 0.8147321421875 0.3831845234375 0.810019840625 0.388144840625 0.8038194437499999 0.40029761875 0.797123015625 0.41493055625 0.7867063484375 0.424603175 0.7827380953125 0.4304739578125 0.7841289687499999 0.4389630453125 0.7827599203125 0.44991641875 0.7720801093749999 0.3568115078125 0.79042733125 0.361466765625 0.7983685515625 0.35544221249999997 0.8063100203125 0.34476264843750004 0.814798859375 0.32340327343749997 0.8197281750000001 0.315735615625 0.80850074375 0.3223077875 0.7953563984375001 0.340107390625 0.7874151781250001 0.35708531718750003 0.7874151781250001 0.4510119046875 0.7718063 0.4510119046875 0.7633174609375 0.45089285781250005 0.756200396875 0.450148809375 0.7539682546875001 0.45386904687499996 0.7480158734375 0.4608134921875 0.7445436515625 0.4623015875 0.7423115078125 0.46676587343750003 0.7390873015625 0.4677579359375 0.7353670640625001 0.47197420625 0.7328869046875 0.47271825468750006 0.7274305562500001 0.47197420625 0.7207341265625 0.4704861109375 0.715773809375 0.4675099203125 0.7105654765625 0.46478174531249994 0.697420634375 0.45882936562500004 0.690476190625 0.45510912656249997 0.6892361109375 0.45535714218749995 0.6857638890625 0.446924603125 0.6825396828125 0.439980159375 0.6827876984375 0.43551587343750003 0.6852678578125 0.4310515875 0.6855158734375 0.41989087343750003 0.6825396828125 0.4154265875 0.6822916671875 0.4144345234375 0.6800595234375 0.406498015625 0.6763392859375 0.40401785781250005 0.6738591265625 0.3983134921875 0.6708829359374999 0.396329365625 0.6701388890625 0.388144840625 0.6708829359374999 0.384424603125 0.6728670640625001 0.375248015625 0.6820436515625 0.36607142812500004 0.68799603125 0.33779761875 0.6966765875 0.3333333328125 0.6991567453124999 0.3258928578125 0.700396825 0.32217261875 0.702380953125 0.3144841265625 0.70262896875 0.303075396875 0.706597221875 0.2983630953125 0.706597221875 0.2921626984375 0.7046130953125 0.28447420625 0.7053571421875 0.2790178578125 0.7046130953125 0.275049603125 0.7075892859375 0.2671130953125 0.7165178578125 0.264880953125 0.722222221875 0.2576884921875 0.7299107140625 0.2547123015625 0.7353670640625001 0.25 0.7398313484375 0.2296626984375 0.7552083328125 0.221726190625 0.7591765875 0.21825396874999997 0.763144840625 0.20833333281250002 0.7671130953125 0.20510912656250002 0.7693452375 0.20064484062500001 0.768601190625 0.1894841265625 0.7710813484375 0.1795634921875 0.7827380953125 0.1768353171875 0.790674603125 0.1773313484375 0.79737103125 0.1765873015625 0.799355159375 0.17633928593749998 0.8147321421875 0.1820436515625 0.838045634375
3 0 0.834325396875 0.0052083328125 0.8353174609374999 0.0106646828125 0.8323412703124999 0.015376984375 0.821924603125 0.04092261875 0.8174603171875001 0.052579365625 0.8172123015625001 0.060267857812500006 0.815972221875 0.0639880953125 0.81299603125 0.0709325390625 0.8035714281249999 0.0758928578125 0.7988591265625 0.0887896828125 0.7899305562500001 0.099950396875 0.786954365625 0.10540674531250001 0.7867063484375 0.1111111109375 0.783978175 0.11235119062500001 0.7827380953125 0.11160714218750001 0.7790178578125 0.11309523749999999 0.7738095234375 0.11904761875 0.7678571421875 0.122271825 0.7619047625 0.12599206406250002 0.763144840625 0.1269841265625 0.764880953125 0.130704365625 0.7636408734375 0.13467261875 0.7604166671875 0.14037698437499999 0.7591765875 0.146329365625 0.7564484125 0.1498015875 0.752480159375 0.1540178578125 0.75 0.15525793593749998 0.747519840625 0.15451388906250002 0.7455357140625 0.1626984125 0.7383432546875001 0.166170634375 0.7328869046875 0.16493055625 0.7269345234375 0.16220238125 0.7234623015625 0.15972222187500001 0.7224702375 0.1540178578125 0.7170138890625 0.1453373015625 0.703125 0.1522817453125 0.6917162703125 0.153521825 0.6852678578125 0.153273809375 0.6803075390625 0.1515376984375 0.6770833328125 0.1453373015625 0.6708829359374999 0.13888888906250002 0.666170634375 0.13467261875 0.6654265875 0.1272321421875 0.666170634375 0.11259920625 0.671130953125 0.10218253906250001 0.6770833328125 0.08134920625 0.6924603171875 0.07490079375 0.6959325390625 0.06423611093750001 0.699652778125 0.0386904765625 0.7123015875 0.0240575390625 0.7209821421875 0.018105159375 0.7256944437499999 0.013640873437500001 0.7276785718750001 0.0047123015625 0.734375 0.0027281750000000002 0.736855159375 0 0.737351190625 0 0.834325396875
3 0.2725922625 0.1666666671875 0.273832340625 0.1760912703125 0.273832340625 0.19990079375 0.2750724203125 0.20510912656250002 0.2763125 0.206101190625 0.28623313437500003 0.2095734125 0.29466567499999996 0.21006944375 0.3016071421875 0.20220238125 0.31533705312500004 0.196350446875 0.31511210312500004 0.1859967765625 0.30093204375 0.1940994546875 0.2950798609375 0.189597965625 0.29170362031249997 0.152459821875 0.2948549109375 0.1495337296875 0.302282490625 0.15358506875 0.31533705312500004 0.165964534375 0.3166875 0.188022321875 0.31797916718749997 0.1956845234375 0.33109275781249997 0.194324653125 0.3313177078125 0.19049826406249998 0.33649454375 0.186671875 0.342571925 0.18442113124999998 0.35134995 0.19049826406249998 0.354726190625 0.19860119062499998 0.3511247515625 0.2069290671875 0.3524533734375 0.20833333281250002 0.3598938484375 0.2145337296875 0.36485416718749997 0.2165178578125 0.3688224203125 0.21676587343749998 0.37328670625 0.21279761874999997 0.3807271828125 0.2108134921875 0.3956907234375 0.2152571921875 0.3864623015625 0.209855159375 0.382215278125 0.1994047625 0.3842115578125 0.19342435468750002 0.383311259375 0.1805947421875 0.39794146874999997 0.17114136875 0.40266815468750006 0.1720416671875 0.40626934531250003 0.1799196421875 0.4024432046875 0.188022321875 0.40404067499999996 0.203373015625 0.4055287703125 0.2078373015625 0.403792659375 0.2140376984375 0.40428869062499995 0.21701388906250002 0.4179295640625 0.2229662703125 0.423137896875 0.2242063484375 0.4243779765625 0.2234623015625 0.42512202343750005 0.2202380953125 0.4243779765625 0.19866071406250002 0.42561805625 0.1894841265625 0.429834325 0.17633928593749998 0.42933829375 0.1681547625 0.42611408749999996 0.1617063484375 0.41693749999999996 0.15302579375 0.41371329375 0.1483134921875 0.39436805625 0.1297123015625 0.3921359125 0.1264880953125 0.365980159375 0.13827976250000001 0.3752083328125 0.1452571921875 0.359002728125 0.1551607140625 0.3488740078125 0.151334325 0.3353692953125 0.151109375 0.3205138890625 0.13242757968750002 0.3245654765625 0.1299516375 0.3416713796875 0.13490352187500002 0.3630540671875 0.13827976250000001 0.3916391375 0.12567534687499998 0.2782966265625 0.125 0.2778005953125 0.1269841265625 0.269616071875 0.1314484125 0.26663988125000004 0.1356646828125 0.266391865625 0.146825396875 0.2678799609375 0.1525297625 0.2708561515625 0.1584821421875 0.2725922625 0.1666666671875
1 0.0723943453125 0.8140994546875 0.07645386875 0.824248015625 0.0794985125 0.8286458328125 0.0707028765625 0.834396825 0.06562847187500001 0.8425158734375 0.067996528125 0.8577388390625 0.07036458281249999 0.8675493546874999 0.0744241078125 0.874751984375 0.17997098281249999 0.874751984375 0.161703125 0.8506349203125 0.15696726249999998 0.8398095234375 0.1593353171875 0.83473511875 0.1579821421875 0.827630953125 0.14580357187499998 0.80936334375 0.14242063437500002 0.8069952875 0.1356547625 0.8009060015625 0.12516765937500002 0.7998911203125 0.115019096875 0.8063186999999999 0.1109595734375 0.8042889390625 0.1018256453125 0.7927869546874999 0.087617559375 0.797523065625 0.07577728125 0.8083484625 0.0723943453125 0.8140994546875
1 0.32184995 0.8134360125000001 0.32806324375 0.8153000984375 0.3467033734375 0.8124005453124999 0.35395213281250004 0.8076369046874999 0.3564375 0.802459078125 0.3568516859375 0.797902778125 0.355402034375 0.7923107640625 0.353537946875 0.7885825890625 0.34380381875 0.788168403125 0.32392113125 0.7966599703125 0.3197790171875 0.8053586312500001 0.32184995 0.8134360125000001
1 0.32076884843750003 0.6808851687499999 0.3354737109375 0.6668015875 0.3352666171875 0.659552828125 0.331331596875 0.643190971875 0.31434846250000004 0.604461309375 0.3184908234375 0.60156175625 0.333402778125 0.5833360609375 0.3474861109375 0.5622108140625001 0.3543209328125 0.545434771875 0.3398231640625 0.5102259421875 0.3510071921875 0.5083618546875 0.3536994046875 0.5011130953125 0.35825595312499997 0.48164459375 0.35825595312499997 0.4648685515625 0.3557705859375 0.4451932046875 0.3489360125 0.42821006875 0.343758184375 0.41661185468750006 0.3288462296875 0.39817906718749996 0.30212896875 0.40107862031249997 0.291152034375 0.40998437499999996 0.2870099203125 0.4116411203125 0.26940550625 0.405427828125 0.2468303578125 0.4002502484375 0.2167993546875 0.39631497968749996 0.1946383921875 0.3967291671875 0.16937103125 0.400664434375 0.1507311515625 0.405220734375 0.1631577375 0.43110962343750003 0.1536307046875 0.5044268359374999 0.1387185015625 0.5330081843750001 0.1221498015625 0.57525868125 0.13664756875 0.6212373515625 0.147831596875 0.628900296875 0.16647147812500002 0.6355277781249999 0.1892537203125 0.6425696921874999 0.2108387890625 0.64671180625 0.22202256875 0.6440193453124999 0.2375560515625 0.6837847218750001 0.2437693453125 0.6997321421875 0.2481185515625 0.7049099703125 0.26489459375 0.704288690625 0.27918526718750003 0.7013891375 0.2808420140625 0.7026316968749999 0.2868482140625 0.7034603171875 0.2905763890625 0.7036674109375001 0.29720386875 0.7051170640625 0.30528125 0.70573834375 0.3181220234375 0.7013891375 0.317662203125 0.6991108625 0.313105903125 0.68730555625 0.32076884843750003 0.6808851687499999
1 0.024880704687499998 0.547971478125 0.02357118125 0.53716790625 0.0180057046875 0.5171979171875 0.0137497515625 0.47562103125000005 0.0075297625 0.44877604218749995 0.0075297625 0.4419012890625 0 0.4314250984375 0.0022916671874999997 0.5600843249999999 0.023243800000000002 0.5548462296875 0.024880704687499998 0.547971478125
1 0.0242259421875 0.5240729171875 0.032410465625 0.5296381453125 0.04485069375 0.5276741078125 0.048451884375 0.525055059375 0.0507435515625 0.51490625 0.0464875984375 0.502138640625 0.0435411703125 0.48969816406250005 0.0441959328125 0.476603175 0.0409221234375 0.4625260421875 0.0369935515625 0.4543415171875 0.035356646874999995 0.44681175624999997 0.035684028125 0.442555803125 0.0337197421875 0.43764533749999995 0.009821428125 0.442228421875 0.015059276562500001 0.45466889843749997 0.0173509421875 0.4667817453125 0.019642609375 0.476603175 0.0242259421875 0.5240729171875
1 0.058273065624999995 0.44877604218749995 0.0631837796875 0.479549603125 0.06252901718750001 0.5014838796875 0.0622016375 0.52210863125 0.0605647328125 0.5361857640625 0.0622016375 0.541423859375 0.0707135421875 0.5581200390625 0.09723115156249999 0.5548462296875 0.1047606640625 0.5522271828124999 0.11556423593750001 0.5430607640625 0.117201140625 0.534221478125 0.11654637968749999 0.510650296875 0.1158916171875 0.4910076890625 0.11294518906249999 0.47431150781250003 0.1096713796875 0.45696056562500004 0.087409721875 0.4098182046875 0.055981398437499996 0.410800346875 0.047469742187500004 0.42225843281250003 0.0471423609375 0.4399370046875 0.05172569375 0.43895486093749997 0.054344742187499996 0.43633581406250005 0.058273065624999995 0.44877604218749995
1 0.14210912656250002 0.3148169640625 0.1500265375 0.31298983125 0.136627728125 0.31055381875 0.12464980156250001 0.311771825 0.11774752031249999 0.3211103671875 0.1157172625 0.32435863125000003 0.10597271875 0.3239526296875 0.1283040671875 0.36110391875 0.12607093281249998 0.345065971875 0.130537203125 0.33024603125 0.1360186015625 0.3200954859375 0.14210912656250002 0.3148169640625
1 0.2135438984375 0.39650595312500003 0.23161309531250002 0.39650595312500003 0.25789533750000004 0.40166840312499996 0.2862896828125 0.407769840625 0.2884017859375 0.4082390875 0.297553571875 0.4030763890625 0.3006041671875 0.39955654687500003 0.3156227671875 0.40026041718750005 0.3299372515625 0.397209821875 0.3339263390625 0.40072991093750004 0.3369771828125 0.4030763890625 0.3416703875 0.4047192453125 0.346363590625 0.40870833281249996 0.352230159375 0.41246304531250005 0.360678075 0.41645238124999995 0.371707340625 0.4169216265625 0.382032490625 0.41809499062500005 0.3822671125 0.41645238124999995 0.3925922625 0.40166840312499996 0.390245784375 0.40119915625 0.38179786718750003 0.3979139390625 0.37710466249999997 0.388292659375 0.3756966765625 0.3789060015625 0.3747579359375 0.36928497031249996 0.3759313 0.350746528125 0.3785126484375 0.3350240578125 0.38109375 0.32751488125 0.384379215625 0.3223521828125 0.3923576390625 0.31883209375 0.3923576390625 0.31484300625 0.3907150296875 0.31038442499999996 0.38297122968749997 0.3026403765625 0.38484846250000004 0.2970084328125 0.37405381875 0.2709608140625 0.359035465625 0.240219990625 0.353403521875 0.237169146875 0.359035465625 0.221212053125 0.360443453125 0.21651884843750002 0.348944940625 0.2076016859375 0.3512916671875 0.2031431046875 0.3529342765625 0.19798040625 0.34988368125 0.1930525796875 0.346363590625 0.1892978671875 0.33674231093749996 0.1881245046875 0.33204910781249997 0.1953990578125 0.316561259375 0.19680704375 0.301308284375 0.20196974218750002 0.2963802078125 0.2129990078125 0.2729139390625 0.2076016859375 0.2259811515625 0.254769096875 0.213778521875 0.2744806546875 0.22715451406249998 0.295600446875 0.2259811515625 0.2963045640625 0.2189412203125 0.29888591249999996 0.20650396875000002 0.3026403765625 0.19101636875 0.2937232140625 0.1654379953125 0.2925498515625 0.153469990625 0.307568453125 0.1438489578125 0.32634151718750004 0.1422061015625 0.3350240578125 0.1410329859375 0.3432373515625 0.14267559531250001 0.358959821875 0.14666493125 0.37585540625 0.15300074375 0.3958018359375 0.1696619546875 0.39744444375 0.18350694375 0.3986178078125 0.188200396875 0.39674057500000004 0.19406696406249999 0.3953325890625 0.2135438984375 0.39650595312500003
1 0.363116815625 0.44331646874999997 0.36464930624999997 0.4571103671875 0.3680682046875 0.45357341250000005 0.3707797625 0.4509796625 0.3759672625 0.448032490625 0.38103670625 0.44508506875 0.3868134921875 0.4364786703125 0.3891713796875 0.4332953875 0.38858209375 0.43235243125 0.38492733125 0.42799032812500004 0.37549578437500003 0.4172619046875 0.361819940625 0.416554315625 0.3545104171875 0.4220954859375 0.35710416718750004 0.427872271875 0.3598157234375 0.43317757968750004 0.363116815625 0.44331646874999997
1 0.40382762968749997 0.3672619046875 0.40799255937499995 0.398325396875 0.41528124999999994 0.398152034375 0.42291691406250004 0.3952016375 0.425346478125 0.39363988125 0.41927256875 0.3844422125 0.41736359062500006 0.369170634375 0.41666939531249997 0.3662204859375 0.41580183593750003 0.35528745 0.42048735156249994 0.343660465625 0.42725545625 0.332033234375 0.42812301562500005 0.33116542656250003 0.43228819375 0.3285625 0.4282966265625 0.325438740625 0.40799255937499995 0.325612103125 0.409554315625 0.32977728125 0.40382762968749997 0.3672619046875
1 0.43384995000000004 0.3542462796875 0.43315575468749995 0.3658735125 0.4324615578125 0.3754181546875 0.4329821421875 0.3861775796875 0.43384995000000004 0.3905161203125 0.44808010937500004 0.381665675 0.46421949375000005 0.367955853125 0.466128471875 0.3589317953125 0.46595486093750005 0.3438338296875 0.470466765625 0.34279265937500003 0.471681546875 0.3495607640625 0.473069940625 0.358237846875 0.4739377484375 0.3599732140625 0.4772348703125 0.3584112109375 0.475673115625 0.346783978125 0.474284721875 0.339321925 0.473069940625 0.3349833828125 0.47064037656249996 0.333248015625 0.46959920625 0.3323802078125 0.45675719218750005 0.3296036703125 0.441138640625 0.32977728125 0.435758928125 0.3415778765625 0.43384995000000004 0.3542462796875
1 0.5097646328125001 0.855501240625 0.5203387890625 0.8391994046875 0.5172547125 0.8290657234375001 0.5088834328125 0.813204365625 0.48729439531249996 0.7907341265625 0.46174007968749997 0.8052738093749999 0.44587896875000005 0.8233380453124999 0.397413690625 0.8665158734375 0.3908048109375 0.8638725203125001 0.370097221875 0.855501240625 0.35687946406250004 0.8713625984375 0.3599635421875 0.874751984375 0.4855322421875 0.874751984375 0.49037872031249996 0.874005953125 0.5097646328125001 0.855501240625
1 0.4824037703125 0.4673224203125 0.48151165625000003 0.4705939984375 0.4844858625 0.47862400781250003 0.4877571921875 0.491115328125 0.4984642859375 0.5071755953125 0.48597271875 0.5196669140625 0.4782400796875 0.533347965625 0.4984642859375 0.5717142859375001 0.5106579859375 0.5737961312500001 0.513334821875 0.5755806046874999 0.517201140625 0.5815290171874999 0.5174985125 0.5910461312499999 0.5192829859375 0.5943177078125 0.5026279765624999 0.6085935015625 0.48537797656250004 0.629709821875 0.48121428593750004 0.63684771875 0.50738665625 0.6939511406250001 0.514226934375 0.6948432546875 0.5326666671875 0.6918690468750001 0.540101934375 0.6903821921875 0.541886409375 0.699601934375 0.5409942953125 0.7082269343750001 0.537425346875 0.713877728125 0.5335587796875 0.7159595734375 0.51779613125 0.7129853671874999 0.50738665625 0.71625694375 0.49102877031250003 0.7251793156249999 0.48656770781249997 0.739752728125 0.48805481093749997 0.7748474703125 0.49281324375 0.7906103671875 0.5005461312499999 0.8019119546875 0.5183908734375 0.8245153765625 0.5207700890625 0.8364119546875 0.52731324375 0.8489032734374999 0.5365329859375 0.8652609124999999 0.5564595734375 0.874751984375 0.57579141875 0.874751984375 0.597502728125 0.8652609124999999 0.6028561515625 0.8512824906249999 0.6064250984374999 0.839980903125 0.639140625 0.8376014390625001 0.6724506453125 0.8277869546875 0.6956490578125 0.8147006453125 0.7253903765625 0.784959325 0.741748015625 0.765330109375 0.75364459375 0.7451061515624999 0.7575109125 0.7504595734375 0.7619719734375 0.75343353125 0.7753556546875 0.746295634375 0.7869548609375 0.736778521875 0.7949848703125 0.7097140375000001 0.7985538187500001 0.6939511406250001 0.7881443453125 0.6704553578125 0.775950396875 0.65231324375 0.7637564484375 0.63684771875 0.7479935515625 0.622571925 0.7134938 0.616623759375 0.6968385421875001 0.6172185015625 0.6754248515625 0.6303045640625 0.677804315625 0.636550346875 0.6745327375 0.64368824375 0.6694766859375 0.643985615625 0.6593645828125 0.62822271875 0.6590672125 0.6204900796875 0.6676922125 0.6130548109375 0.6766145828125001 0.6029427078125 0.6786964281250001 0.6002658734375 0.6769119546875 0.593722965625 0.6727482640625 0.5931279765624999 0.668584325 0.5996711312499999 0.66471800625 0.6032400796874999 0.6578774796875 0.5916408734374999 0.650144840625 0.5850979656249999 0.651929315625 0.5818263890625001 0.6581748515625 0.5845029765625 0.6626361609375 0.5850979656249999 0.668881696875 0.5815290171874999 0.651929315625 0.5559513890625001 0.63884300625 0.546731646875 0.6311103671875 0.54346006875 0.6141577375 0.5461369046875 0.5948258921875 0.5532748015625 0.5864985125 0.5562487593750001 0.5823345734375 0.549408234375 0.575494046875 0.546731646875 0.5710329859375001 0.5387013890625 0.5766837796875001 0.535132440625 0.5790629953125 0.529481646875 0.55497271875 0.492305059375 0.540696925 0.486654265625 0.525826140625 0.49171031718749997 0.52047271875 0.49408953437500003 0.5011408734375 0.45988690468750004 0.4948950890625 0.45631795625000005 0.48954166718750003 0.4631584828125 0.4824037703125 0.4673224203125
1 0.701872271875 0.43364533749999995 0.6972998515625 0.44126636875 0.6988239093749999 0.44583878906249996 0.7262591765625 0.46819345312499994 0.72397271875 0.4735280265625 0.71736805625 0.48191096250000004 0.7112713296875001 0.4938501984375 0.74632738125 0.5192532234375 0.756488590625 0.51468055625 0.764109375 0.526366071875 0.784177828125 0.5421158234375001 0.75420238125 0.577171875 0.7973871531250001 0.62086483125 0.8156773312500001 0.6086713796875001 0.8202497515625 0.60994146875 0.8321892359374999 0.6162924109375 0.8332053578125 0.6269615578125001 0.8319352671875 0.6317881937500001 0.82660069375 0.6368685515625 0.8105967265625 0.6371227671875 0.7958630953125 0.65465079375 0.7956091265625 0.66913045625 0.7996736109375 0.6818318453125001 0.8024677578125001 0.69046875 0.8095806046874999 0.6803075390625 0.815169146875 0.6752271828125 0.8321892359374999 0.67929141875 0.84463665625 0.6874203875 0.8545438984375 0.6914848703125 0.873087796875 0.708758928125 0.8865513390625 0.7270491078125 0.8832490078124999 0.7333998015625001 0.8822328875000001 0.73848040625 0.8786765875 0.7473712796875 0.8840111609375001 0.75296006875 0.8974747031250001 0.7547380953125 0.91576488125 0.757024553125 0.9312606640625001 0.7367021328125001 0.9325307546875001 0.7217142859375001 0.9340548109375 0.715363590625 0.9401515375 0.708758928125 0.955647321875 0.704186259375 0.9739375000000001 0.6919930562500001 0.9871470734375001 0.679799603125 0.999751984375 0.6681143359374999 0.999751984375 0.5604060015625 0.962008184375 0.5306845234375 0.9569275796875001 0.5286522812500001 0.934319196875 0.5276361609375 0.9193313484375001 0.5253499500000001 0.9139967765625 0.5238256453125001 0.9101862593750001 0.5205233140625001 0.906883928125 0.5126483140625 0.921363590625 0.4869915671875 0.8761463296875001 0.455491815625 0.8675094250000001 0.45625396875 0.8570942453124999 0.4656530265625 0.8316912203125 0.4910560515625 0.8156874999999999 0.47784647812500003 0.8116230156249999 0.477592509375 0.8060344734375 0.47733829375000003 0.8034940468749999 0.4720037203125 0.797397321875 0.4692095734375 0.8029861109375 0.4582862109375 0.7702162703125001 0.4316130953125 0.7664057546875 0.4316130953125 0.7549744546875 0.4379637890625 0.742527034375 0.4476170640625 0.7143298609375 0.4245002484375 0.7112713296875001 0.426532490625 0.708222965625 0.4283107640625 0.701872271875 0.43364533749999995
1 0.7874685015625 0.736851934375 0.7756857640625 0.7472318953125 0.7683918656250001 0.755648065625 0.761658978125 0.7665890375 0.7540845734375 0.7738829359375 0.7465099203125 0.7822991078125 0.7403380453125 0.7825796125 0.732763640625 0.7915567953125 0.7282750499999999 0.8050225687499999 0.7355689484375 0.8162440468750001 0.7411798109375 0.81792733125 0.7495959828125 0.8173663187500001 0.7846629468749999 0.806425346875 0.8188886406250001 0.797167659375 0.82702430625 0.7893125000000001 0.8393678078125 0.7691138390625001 0.85339459375 0.7752857140625 0.8612497515624999 0.771638640625 0.8716297125000001 0.759294890625 0.8727517359375 0.755087053125 0.8738740078125 0.7472318953125 0.8730322421875 0.736851934375 0.8620912703125001 0.7197393359375 0.8455396828125 0.7099203875 0.8360014874999999 0.7003821921875 0.8219744546875001 0.6942103171875 0.802617559375 0.691405009375 0.797006696875 0.70963988125 0.79560391875 0.7132869546875 0.791115328125 0.726191715625 0.7874685015625 0.736851934375
1 0.999751984375 0.48776463281250004 0.999178075 0.45295858125 0.9784744546875 0.4745622515625 0.999751984375 0.48776463281250004
1 0.9001604656250001 0.35934176562500003 0.8989603171875 0.3665431546875 0.9007606640624999 0.3755446421875 0.9022609125000001 0.3785451390625 0.9514697421875 0.3887470234375 0.9577708328125001 0.40975074375 0.963771825 0.4106510421875 0.999751984375 0.3833459828125 0.999751984375 0.2999313 0.9823752484374999 0.2906294640625 0.9325662203125 0.32213516875 0.9130627484374999 0.350040178125 0.9046612109375 0.354540921875 0.9001604656250001 0.35934176562500003
1 0.952969990625 0.3083325890625 0.9829751984374999 0.2906294640625 0.97787425625 0.281027778125 0.917263640625 0.23721999062500002 0.914262896875 0.23361929531249997 0.905261409375 0.25582341249999996 0.89836011875 0.2648249015625 0.9058616078125 0.27652703437500004 0.952969990625 0.3083325890625
1 0.875255953125 0.284928571875 0.9046612109375 0.3275362109375 0.9100622515625 0.33083680625 0.91516319375 0.33023660781249997 0.9289655265625001 0.3227353671875 0.9316661703125 0.314633928125 0.9382673609375001 0.30503199375 0.9385674609375 0.298130953125 0.92446478125 0.29453025781250003 0.9067616562499999 0.28672891875 0.8980600203125 0.26572519843750003 0.8938593750000001 0.2711259921875 0.89025868125 0.2756267359375 0.875255953125 0.284928571875
1 0.372023809375 0.2636408734375 0.3799603171875 0.2829861109375 0.3856646828125 0.30009920625 0.384920634375 0.3023313484375 0.3978174609375 0.3172123015625 0.40699404687499996 0.32142857187499996 0.4154265875 0.3239087296875 0.4273313484375 0.32465277812500004 0.431299603125 0.3261408734375 0.4580853171875 0.328125 0.46676587343750003 0.3298611109375 0.47098214218749995 0.3328373015625 0.474950396875 0.3373015875 0.475446428125 0.34325396874999997 0.47842261875 0.3546626984375 0.49007936562500004 0.3608630953125 0.5019841265625 0.36284722187499996 0.51884920625 0.36259920625 0.528769840625 0.35987103125000003 0.53720238125 0.35615079375 0.544394840625 0.356646825 0.5508432546875001 0.36036706406249996 0.5575396828125 0.3668154765625 0.5605158734375 0.3710317453125 0.56299603125 0.377480159375 0.568204365625 0.3841765875 0.5741567453124999 0.3866567453125 0.5801091265625 0.387648809375 0.5920138890625 0.3926091265625 0.6076388890625 0.396329365625 0.615079365625 0.39955357187499996 0.6235119046875 0.4010416671875 0.6319444437499999 0.3988095234375 0.637896825 0.38715277812500004 0.64112103125 0.384920634375 0.6416170640625001 0.37822420625 0.643601190625 0.375248015625 0.6453373015625 0.3675595234375 0.6493055562500001 0.35987103125000003 0.6512896828125 0.3578869046875 0.6525297625 0.3521825390625 0.656001984375 0.346478175 0.658730159375 0.3363095234375 0.6607142859375 0.33159722187499996 0.6634424609375 0.328373015625 0.665674603125 0.3107638890625 0.6636904765625 0.306795634375 0.659722221875 0.3040674609375 0.65302579375 0.302579365625 0.6393849203124999 0.296130953125 0.583829365625 0.2775297625 0.5711805562500001 0.2748015875 0.536954365625 0.2616567453125 0.484623015625 0.24503968281250002 0.4791666671875 0.24404761874999997 0.46875 0.2398313484375 0.443700396875 0.23239087343749998 0.4233630953125 0.22470238125000003 0.40203372968749995 0.21800595312499998 0.38715277812500004 0.2165178578125 0.380704365625 0.2140376984375 0.375744046875 0.2142857140625 0.3678075390625 0.218998015625 0.3645833328125 0.22371031718749998 0.36284722187499996 0.22445436562499999 0.35887896874999997 0.234375 0.3581349203125 0.23685515937499999 0.358630953125 0.240575396875 0.3675595234375 0.2542162703125 0.372023809375 0.2636408734375
0 0.9129464281249999 0.8705357140625001 0.9104662703124999 0.8683035718750001 0.8993055562500001 0.8524305562500001 0.8814484125 0.8325892859374999 0.8643353171875001 0.8169642859374999 0.8457341265625 0.8045634921874999 0.8415178578125 0.8040674609374999 0.831597221875 0.799851190625 0.82217261875 0.7978670640625001 0.8142361109375 0.7981150796875001 0.7620287703125 0.815476190625 0.7519841265625 0.8172123015625001 0.7288891375000001 0.824084325 0.7227686015625 0.8208908734374999 0.7139866078125 0.8227537203124999 0.7070677078125 0.825148809375 0.7051091265625 0.828869046875 0.702876984375 0.8318452375 0.6862599203124999 0.8387896828124999 0.6795634921875 0.840277778125 0.6319444437499999 0.85615079375 0.622271825 0.8583829359375 0.6145833328125 0.861855159375 0.6054067453124999 0.8635912703124999 0.5858134921875 0.8707837296875001 0.5833333328125 0.8735119046875001 0.5833333328125 0.874751984375 0.9136904765624999 0.874751984375 0.9129464281249999 0.8705357140625001
0 0.9392361109375 0.5257936515625 0.9575892859374999 0.528273809375 0.968501984375 0.5354662703125 0.974950396875 0.5384424609375 0.9933035718750001 0.552579365625 0.997519840625 0.5548115078125 0.999751984375 0.5548115078125 0.999751984375 0.48759920625 0.9756944437499999 0.471726190625 0.9650297625 0.465773809375 0.958829365625 0.4632936515625 0.9548611109375 0.4637896828125 0.9516369046875001 0.466021825 0.9258432546875 0.491071428125 0.918402778125 0.499751984375 0.9171626984374999 0.503472221875 0.91220238125 0.5101686515625 0.9131944437499999 0.51612103125 0.911954365625 0.51884920625 0.9196428578125 0.52529761875 0.9392361109375 0.5257936515625
0 0 0.43055555625 0.0027281750000000002 0.43154761875 0.009920634375 0.4392361109375 0.015873015625 0.43948412656249997 0.0290178578125 0.4375 0.0324900796875 0.43799603125 0.037450396875 0.44072420625 0.0451388890625 0.43700396875 0.044394840625 0.43427579375 0.04637896875 0.42410714218749995 0.0478670640625 0.42137896875 0.0523313484375 0.4166666671875 0.0543154765625 0.41592261875 0.055803571875 0.41344246093750003 0.05853174531250001 0.41220238125 0.07490079375 0.41021825468750006 0.084821428125 0.40997023749999995 0.087549603125 0.41071428593750003 0.0895337296875 0.412946428125 0.097222221875 0.4293154765625 0.09970238125 0.43179563437499996 0.10069444375 0.4362599203125 0.10367063437499999 0.43948412656249997 0.10813492031250001 0.4513888890625 0.1113591265625 0.45634920625 0.11582341249999999 0.4742063484375 0.11532738125 0.48387896875 0.11681547656249999 0.4918154765625 0.11656746093749999 0.49652777812500004 0.11929563437499999 0.506200396875 0.12003968281249999 0.534226190625 0.12251984062500001 0.5396825390625 0.127976190625 0.5394345234375 0.13095238125 0.5364583328125 0.1359126984375 0.533730159375 0.13740079375 0.530505953125 0.13616071406250002 0.528769840625 0.1383928578125 0.525049603125 0.1428571421875 0.521825396875 0.147321428125 0.513144840625 0.1480654765625 0.5069444437499999 0.1512896828125 0.49801587343750003 0.153273809375 0.48214285781250005 0.15525793593749998 0.4739583328125 0.1604662703125 0.4310515875 0.1584821421875 0.428571428125 0.15575396875 0.41741071406249997 0.13988095312499998 0.3864087296875 0.1366567453125 0.3824404765625 0.1341765875 0.381200396875 0.131200396875 0.372271825 0.12847222187500001 0.3697916671875 0.125 0.359375 0.11532738125 0.34325396874999997 0.11185515937499999 0.3397817453125 0.10565476250000001 0.325396825 0.102678571875 0.32142857187499996 0.099950396875 0.3137400796875 0.09275793593750001 0.30133928593750003 0.0873015875 0.2988591265625 0.0803571421875 0.2981150796875 0.07415674531250001 0.2988591265625 0.0210813484375 0.2988591265625 0.0166170640625 0.2981150796875 0 0.2991071421875 0 0.43055555625
0 0.11507936562500001 0.628472221875 0.11929563437499999 0.628472221875 0.1264880953125 0.6262400796875001 0.13467261875 0.62177579375 0.1326884921875 0.609623015625 0.1314484125 0.606398809375 0.1287202375 0.60342261875 0.12673611093749998 0.5925099203124999 0.12375992031250001 0.593998015625 0.122271825 0.5897817453124999 0.1230158734375 0.5823412703125 0.12251984062500001 0.5731646828125 0.124255953125 0.568700396875 0.1272321421875 0.553075396875 0.1272321421875 0.5510912703125 0.1230158734375 0.5446428578125 0.11904761875 0.543402778125 0.11433531718750001 0.5458829359374999 0.1073908734375 0.5523313484375 0.102306546875 0.5545634921875 0.0873015875 0.556299603125 0.08358134843750001 0.5580357140625 0.0830853171875 0.5605158734375 0.084821428125 0.5662202375 0.1111111109375 0.625248015625 0.11507936562500001 0.628472221875
2 0.5486111109375 0.127976190625 0.5329861109375 0.13095238125 0.528521825 0.13343253906250002 0.52529761875 0.133928571875 0.5225694437499999 0.1364087296875 0.518601190625 0.13814484062500001 0.5076884921875 0.149553571875 0.5052083328125 0.1577380953125 0.502976190625 0.1617063484375 0.5022321421875 0.1666666671875 0.5017361109375 0.1855158734375 0.509920634375 0.21676587343749998 0.515625 0.22619047656250002 0.518353175 0.234623015625 0.521825396875 0.237351190625 0.5230654765625 0.2408234125 0.530505953125 0.24950396874999997 0.5322420640625001 0.2581845234375 0.540674603125 0.262896825 0.5642361109375 0.27157738125 0.575396825 0.27455357187499996 0.5791170640625001 0.2765376984375 0.5865575390625 0.27777777812500004 0.5992063484375 0.2827380953125 0.605902778125 0.283978175 0.612103175 0.28720238125 0.6207837296875 0.2886904765625 0.6336805562500001 0.2926587296875 0.6426091265625 0.29588293593750004 0.65029761875 0.30034722187499996 0.6540178578125 0.3015873015625 0.659722221875 0.3018353171875 0.661954365625 0.3033234125 0.6669146828125 0.3082837296875 0.6681547625 0.3110119046875 0.6669146828125 0.313244046875 0.66592261875 0.3206845234375 0.6634424609375 0.325644840625 0.6639384921875 0.32862103125000003 0.659722221875 0.34275793593750004 0.659722221875 0.3459821421875 0.6651785718750001 0.3477182546875 0.669394840625 0.35069444375000003 0.6741071421875 0.34970238125 0.6773313484375 0.3519345234375 0.6857638890625 0.3521825390625 0.689980159375 0.3492063484375 0.693204365625 0.3489583328125 0.693204365625 0.3474702375 0.712549603125 0.3263888890625 0.7165178578125 0.32490079375 0.7279265875 0.325396825 0.731894840625 0.327380953125 0.7353670640625001 0.3266369046875 0.7415674609375 0.32713293593750004 0.755704365625 0.3335813484375 0.7678571421875 0.344494046875 0.771825396875 0.346478175 0.7792658734375 0.3452380953125 0.784226190625 0.3422619046875 0.786954365625 0.3422619046875 0.791170634375 0.3400297625 0.8107638890625 0.33506944375000003 0.815476190625 0.33159722187499996 0.82490079375 0.3298611109375 0.833829365625 0.32713293593750004 0.837549603125 0.32490079375 0.8417658734375 0.32465277812500004 0.8511904765624999 0.31944444375000003 0.853174603125 0.3164682546875 0.859623015625 0.3110119046875 0.8606150796875 0.3075396828125 0.8673115078125001 0.29737103125000003 0.8683035718750001 0.290674603125 0.8727678578125 0.28174603125000003 0.8727678578125 0.279100446875 0.8769841265625 0.27678571406249997 0.880704365625 0.27678571406249997 0.8826884921874999 0.2757936515625 0.884920634375 0.2733134921875 0.8886408734375 0.2720734125 0.8918650796875 0.2676091265625 0.8978174609374999 0.2638888890625 0.8995535718750001 0.2601686515625 0.9020337296875001 0.2581845234375 0.906498015625 0.2517361109375 0.9114583328125001 0.23635912656250002 0.9112103171875001 0.2199900796875 0.9040178578125 0.193700396875 0.896825396875 0.1783234125 0.8888888890625 0.1654265875 0.8841765875 0.15972222187500001 0.8824404765624999 0.15525793593749998 0.87450396875 0.14756944375 0.87177579375 0.143353175 0.8685515875 0.14136904687500002 0.8665674609374999 0.13740079375 0.8519345234375001 0.125 0.550347221875 0.125 0.55009920625 0.1269841265625 0.5486111109375 0.127976190625
3 0.8571428578125 0.4456845234375 0.8697916671874999 0.44866071406249997 0.8772321421875 0.4521329359375 0.8821924609374999 0.4521329359375 0.9084821421875 0.45882936562500004 0.9171626984374999 0.46006944375 0.9238591265625 0.46304563437499996 0.935019840625 0.46453372968749995 0.938244046875 0.4640376984375 0.943204365625 0.4605654765625 0.946924603125 0.45510912656249997 0.95262896875 0.45114087343750003 0.9613095234375001 0.43973214218749995 0.9615575390625001 0.43824404687499996 0.9613095234375001 0.43328372968749995 0.953125 0.3958333328125 0.9494047625 0.389880953125 0.939980159375 0.38740079375 0.9355158734375 0.384920634375 0.919394840625 0.3824404765625 0.8730158734375 0.37053571406249997 0.868799603125 0.3710317453125 0.8658234125 0.3762400796875 0.8635912703124999 0.37822420625 0.8638392859374999 0.380704365625 0.8611111109375 0.3826884921875 0.85987103125 0.3854166671875 0.859375 0.3988095234375 0.86259920625 0.40252976250000005 0.8633432546875 0.4079861109375 0.859623015625 0.4171626984375 0.85342261875 0.42385912656249997 0.8514384921874999 0.428075396875 0.8509424609374999 0.4327876984375 0.8524305562500001 0.44196428593750003 0.853174603125 0.44345238125 0.8571428578125 0.4456845234375
3 0.7745535718750001 0.43427579375 0.7775297625 0.43551587343750003 0.781994046875 0.440476190625 0.7879464281249999 0.4427083328125 0.7896825390625 0.4456845234375 0.793402778125 0.44742063437499996 0.7991071421875 0.45535714218749995 0.802579365625 0.4578373015625 0.8033234125 0.4632936515625 0.8015873015625001 0.466269840625 0.8035714281249999 0.468998015625 0.8102678578125 0.4734623015625 0.8142361109375 0.47296627031250005 0.818700396875 0.4697420640625 0.83407738125 0.44990079375 0.8358134921874999 0.446428571875 0.8420138890625 0.43973214218749995 0.8459821421875 0.4322916671875 0.8506944437499999 0.42757936562500004 0.859126984375 0.415178571875 0.861855159375 0.40674603125 0.859375 0.40203372968749995 0.8554067453125 0.3988095234375 0.8571428578125 0.3893849203125 0.8544146828124999 0.381200396875 0.8459821421875 0.3730158734375 0.83779761875 0.3685515875 0.8271329359375 0.36607142812500004 0.8231646828124999 0.36607142812500004 0.8179563484375001 0.3665674609375 0.815972221875 0.36830357187499996 0.8102678578125 0.3700396828125 0.802579365625 0.3670634921875 0.79637896875 0.37152777812500004 0.77157738125 0.40054563437499996 0.769097221875 0.40178571406249997 0.7549603171875 0.4270833328125 0.7547123015625 0.428571428125 0.75967261875 0.430803571875 0.7723214281249999 0.431299603125 0.7745535718750001 0.43427579375