5 0.525049603125 0.881200396875 0.528273809375 0.8819444437499999 0.5419146828125 0.8886408734375 0.5585317453124999 0.8945932546875 0.559771825 0.896329365625 0.574652778125 0.9007936515624999 0.5855654765625 0.9025297625 0.5890376984375 0.9017857140625001 0.5920138890625 0.8990575390625001 0.6009424609375 0.8695436515624999 0.6019345234375 0.85342261875 0.5904017859375 0.8468501984374999 0.5895337296875 0.843005953125 0.590277778125 0.8301091265625 0.5927579359374999 0.82217261875 0.5954861109375 0.8172123015625001 0.596478175 0.809027778125 0.6009424609375 0.8008432546875 0.6021825390625 0.790674603125 0.6054067453124999 0.781001984375 0.6071428578125 0.7792658734375 0.6071428578125 0.7743055562500001 0.609623015625 0.7710813484375 0.6106150796875001 0.765873015625 0.612847221875 0.7636408734375 0.6148313484375 0.7517361109375 0.6163194437499999 0.7482638890625 0.6163194437499999 0.7435515875 0.61904761875 0.740079365625 0.6197916671875 0.735119046875 0.622271825 0.7321428578125 0.6207837296875 0.72842261875 0.624255953125 0.7264384921875 0.62549603125 0.72197420625 0.6269841265625 0.7204861109375 0.6259920640625001 0.716021825 0.62822420625 0.712549603125 0.6302083328125 0.706101190625 0.6292162703125 0.696924603125 0.6269841265625 0.6927083328125 0.6158234125 0.68799603125 0.6039186515625 0.685019840625 0.597222221875 0.684771825 0.59325396875 0.686755953125 0.588045634375 0.693204365625 0.5850694437499999 0.7051091265625 0.581597221875 0.71279761875 0.578869046875 0.7239583328125 0.5766369046875 0.7289186515625 0.5744047625 0.7395833328125 0.5689484125 0.752480159375 0.5669642859375 0.762648809375 0.56299603125 0.7678571421875 0.559027778125 0.783730159375 0.556795634375 0.78720238125 0.556795634375 0.79092261875 0.5548115078125 0.7988591265625 0.5520833328125 0.80282738125 0.549851190625 0.810019840625 0.5513392859375 0.8147321421875 0.5483630953125 0.8174603171875001 0.54365079375 0.827380953125 0.5421626984375 0.82862103125 0.5394345234375 0.827380953125 0.5302579359374999 0.8266369046875001 0.527777778125 0.827380953125 0.5248015875 0.8303571421875 0.521825396875 0.8365575390625001 0.51240079375 0.865079365625 0.51240079375 0.8730158734375 0.5173611109375 0.8767361109375 0.5223214281249999 0.878472221875 0.525049603125 0.881200396875
5 0.36284722187499996 0.6897321421875 0.362351190625 0.693204365625 0.36532738125 0.69717261875 0.365575396875 0.7053571421875 0.3685515875 0.7100694437499999 0.3710317453125 0.7170138890625 0.37177579375 0.724454365625 0.37400793593750004 0.7271825390625 0.377728175 0.740079365625 0.380704365625 0.74404761875 0.38169642812500004 0.7480158734375 0.38169642812500004 0.756200396875 0.384424603125 0.7710813484375 0.38715277812500004 0.77529761875 0.39012896874999997 0.78720238125 0.3923611109375 0.7916666671875 0.393105159375 0.802579365625 0.3953373015625 0.806299603125 0.3983134921875 0.81845238125 0.400049603125 0.8206845234375001 0.40178571406249997 0.82762896875 0.403273809375 0.8296130953124999 0.40228174531249994 0.833829365625 0.3980654765625 0.8365575390625001 0.393105159375 0.8425099203125 0.39161706406249996 0.849454365625 0.3928571421875 0.858630953125 0.4045138890625 0.8926091265625 0.40972222187499996 0.900049603125 0.4136904765625 0.902777778125 0.41964285781250005 0.9047619046875001 0.428571428125 0.9050099203125 0.43973214218749995 0.903769840625 0.4484126984375 0.8993055562500001 0.4513888890625 0.8993055562500001 0.468998015625 0.8923611109375 0.47098214218749995 0.89012896875 0.47569444375 0.8886408734375 0.48115079375 0.8831845234375001 0.4895833328125 0.8712797625 0.4908234125 0.865575396875 0.4898313484375 0.8578869046875001 0.48660714218749995 0.847222221875 0.48487103125 0.844494046875 0.48387896875 0.8385416671874999 0.481646825 0.8350694437499999 0.48090277812500004 0.8296130953124999 0.4791666671875 0.8268849203125 0.478174603125 0.822420634375 0.475446428125 0.8201884921874999 0.47271825468750006 0.8144841265625 0.4632936515625 0.809771825 0.45907738125 0.8107638890625 0.4548611109375 0.809523809375 0.45262896875 0.806299603125 0.44618055625 0.7829861109375 0.4422123015625 0.778273809375 0.43973214218749995 0.771329365625 0.43973214218749995 0.7673611109375 0.4365079359375 0.7591765875 0.43551587343750003 0.7522321421875 0.4320436515625 0.7447916671875 0.428075396875 0.7289186515625 0.42534722187499996 0.724454365625 0.422123015625 0.7103174609375 0.419394840625 0.7051091265625 0.419394840625 0.7008928578125 0.4169146828125 0.6991567453124999 0.41220238125 0.6884920640625001 0.41046627031250005 0.681299603125 0.40848214218749995 0.6820436515625 0.4072420640625 0.6805555562500001 0.40823412656249997 0.67237103125 0.4047619046875 0.662450396875 0.40203372968749995 0.6599702375 0.3988095234375 0.658730159375 0.39409722187499996 0.6614583328125 0.38715277812500004 0.6631944437499999 0.38169642812500004 0.6676587296875 0.37450396874999997 0.6703869046875 0.372023809375 0.6706349203124999 0.3695436515625 0.669146825 0.3665674609375 0.671626984375 0.3630952375 0.677579365625 0.3640873015625 0.6808035718750001 0.36284722187499996 0.6837797625 0.36036706406249996 0.6855158734375 0.36284722187499996 0.6897321421875
5 0.4164186515625 0.6820436515625 0.4206349203125 0.681795634375 0.424851190625 0.6855158734375 0.4283234125 0.6857638890625 0.44320436562500004 0.693700396875 0.45882936562500004 0.6989087296875 0.46155753906249997 0.7008928578125 0.48115079375 0.7041170640625001 0.4895833328125 0.700644840625 0.4925595234375 0.6981646828125 0.49578372968749995 0.6881614578125 0.5022321421875 0.6736111109375 0.502480159375 0.6703869046875 0.5042162703125 0.6666666671875 0.5042162703125 0.6641865078125 0.502728175 0.6636904765625 0.506200396875 0.6579861109375 0.5064484125 0.6542658734375 0.5044642859375 0.6495535718750001 0.49950396875 0.6458333328125 0.4982638890625 0.643105159375 0.49627976250000005 0.6423611109375 0.4987599203125 0.630704365625 0.5017361109375 0.628472221875 0.5022321421875 0.625744046875 0.5014880953125 0.6232638890625 0.5042162703125 0.6200396828125 0.5054563484375 0.6158234125 0.5071924609375 0.6135912703125 0.5086805562500001 0.6056547625 0.5109126984375 0.6004464281249999 0.513144840625 0.5987103171875 0.5143849203124999 0.59325396875 0.516369046875 0.5915178578125 0.5166170640625001 0.5873015875 0.5193452375 0.583829365625 0.5193452375 0.5798611109375 0.521825396875 0.5761408734375 0.521329365625 0.5731646828125 0.5240575390625 0.568204365625 0.528521825 0.553075396875 0.5324900796875001 0.5486111109375 0.531001984375 0.5421626984375 0.5367063484375 0.536954365625 0.5396825390625 0.528769840625 0.5401785718750001 0.5243055562500001 0.543402778125 0.52157738125 0.5429067453124999 0.5091765875 0.54365079375 0.505704365625 0.5416666671875 0.5022321421875 0.53720238125 0.49801587343750003 0.5275297625 0.493799603125 0.5198412703125 0.4923115078125 0.51612103125 0.49280753906249997 0.5071924609375 0.49801587343750003 0.5081845234375 0.500248015625 0.5069444437499999 0.506200396875 0.509424603125 0.50967261875 0.5074404765625 0.5136408734375 0.5014880953125 0.5176091265625 0.500744046875 0.5210813484375 0.5014880953125 0.5257936515625 0.497519840625 0.5391865078125 0.478174603125 0.5766369046875 0.4737103171875 0.57862103125 0.46949404687499996 0.583829365625 0.4632936515625 0.58779761875 0.462053571875 0.5917658734375 0.46304563437499996 0.5959821421875 0.45684523749999995 0.606894840625 0.4578373015625 0.612103175 0.453125 0.615079365625 0.4513888890625 0.6200396828125 0.439980159375 0.622519840625 0.4365079359375 0.624751984375 0.4310515875 0.62549603125 0.428571428125 0.6272321421875 0.4231150796875 0.63467261875 0.41195436562500004 0.659226190625 0.4117063484375 0.665674603125 0.415178571875 0.6741071421875 0.4144345234375 0.67782738125 0.4164186515625 0.6820436515625
5 0.5424107140625 0.286954365625 0.544146825 0.2864583328125 0.546626984375 0.2896825390625 0.549603175 0.290674603125 0.5510912703125 0.29241071406249997 0.5535714281249999 0.28993055624999997 0.5615079359374999 0.2919146828125 0.562251984375 0.2981150796875 0.5639880953125 0.302579365625 0.5674603171875 0.30654761875 0.5679563484375 0.3105158734375 0.5736607140625 0.32217261875 0.575148809375 0.3298611109375 0.5848214281249999 0.34052579375 0.58779761875 0.34970238125 0.5887896828125 0.3670634921875 0.5922619046875 0.3735119046875 0.5917658734375 0.3772321421875 0.596230159375 0.3886408734375 0.59697420625 0.396329365625 0.6011904765625 0.3985615078125 0.60887896875 0.3988095234375 0.6163194437499999 0.40054563437499996 0.6331845234375 0.40823412656249997 0.637152778125 0.4077380953125 0.6418650796875001 0.40997023749999995 0.6428571421875 0.40823412656249997 0.6428571421875 0.40029761875 0.6393849203124999 0.38095238125 0.63467261875 0.3727678578125 0.6336805562500001 0.3670634921875 0.6292162703125 0.3576388890625 0.6289682546875001 0.3529265875 0.6267361109375 0.3457341265625 0.6240079359374999 0.3415178578125 0.622519840625 0.3353174609375 0.6210317453124999 0.3226686515625 0.6163194437499999 0.3142361109375 0.60615079375 0.283978175 0.606894840625 0.278521825 0.6056547625 0.275545634375 0.6081349203124999 0.271329365625 0.6103670640625001 0.271329365625 0.6116071421875 0.2671130953125 0.6138392859375 0.26512896874999997 0.6140873015625 0.26215277812500004 0.612847221875 0.2537202375 0.6039186515625 0.2279265875 0.6009424609375 0.224950396875 0.5974702375 0.22445436562499999 0.5863095234375 0.22718253906250002 0.572420634375 0.23239087343749998 0.5662202375 0.2358630953125 0.5456349203124999 0.24404761874999997 0.5429067453124999 0.24751984062500001 0.5379464281249999 0.24950396874999997 0.534722221875 0.2519841265625 0.531994046875 0.2579365078125 0.53174603125 0.259920634375 0.5349702375 0.2676091265625 0.5359623015625 0.27256944375000003 0.5424107140625 0.286954365625
5 0.6790674609375 0.5332341265625 0.6758432546875001 0.5416666671875 0.6770833328125 0.544146825 0.6803075390625 0.546875 0.700396825 0.5515873015625 0.703373015625 0.549851190625 0.7046130953125 0.5478670640625001 0.7080853171875 0.5329861109375 0.7110615078125 0.5295138890625 0.7115575390625 0.52529761875 0.7150297625 0.519097221875 0.71924603125 0.500744046875 0.721726190625 0.49801587343750003 0.7289186515625 0.471230159375 0.740079365625 0.44097222187499996 0.7430555562500001 0.43948412656249997 0.750248015625 0.43973214218749995 0.7539682546875001 0.437251984375 0.755704365625 0.43551587343750003 0.7569444437499999 0.43030753906249997 0.759424603125 0.42782738125 0.762152778125 0.42237103125 0.7668650796875001 0.40699404687499996 0.7668650796875001 0.400049603125 0.763144840625 0.3923611109375 0.756200396875 0.3864087296875 0.7410714281249999 0.3802083328125 0.722222221875 0.3764880953125 0.713045634375 0.3769841265625 0.70362103125 0.380704365625 0.700644840625 0.3841765875 0.693700396875 0.40029761875 0.690972221875 0.41195436562500004 0.690476190625 0.41989087343750003 0.6961805562500001 0.434771825 0.6949404765625 0.44320436562500004 0.6929563484375 0.44717261875 0.6924603171875 0.4516369046875 0.688244046875 0.46279761875 0.687748015625 0.46676587343750003 0.6852678578125 0.471230159375 0.6810515875 0.490575396875 0.6785714281249999 0.49776785781250005 0.684771825 0.5106646828125 0.6852678578125 0.5223214281249999 0.6835317453124999 0.528521825 0.6790674609375 0.5332341265625
5 0.60987103125 0.6292162703125 0.6205357140625 0.6334325390625 0.6443452375 0.62549603125 0.6512896828125 0.62450396875 0.6614583328125 0.6210317453124999 0.705853175 0.610119046875 0.7105654765625 0.612103175 0.7135416671875 0.615079365625 0.7204861109375 0.6178075390625 0.731646825 0.6170634921875 0.7380952375 0.6158234125 0.740575396875 0.6138392859375 0.75049603125 0.6116071421875 0.7547123015625 0.609375 0.762152778125 0.6073908734375 0.768105159375 0.6001984125 0.7708333328125 0.593501984375 0.771329365625 0.5798611109375 0.76512896875 0.5637400796875001 0.7569444437499999 0.55282738125 0.75049603125 0.5478670640625001 0.7420634921875 0.5448908734375 0.7361111109375 0.5446428578125 0.7261904765625 0.547619046875 0.7150297625 0.549355159375 0.6986607140625 0.55654761875 0.6966765875 0.560019840625 0.6966765875 0.56299603125 0.6946924609375 0.5672123015625 0.6919642859375 0.5694444437499999 0.6827876984375 0.5711805562500001 0.67782738125 0.5734126984375 0.662450396875 0.5744047625 0.6450892859375 0.5818452375 0.6329365078125 0.5853174609375 0.6287202375 0.5855654765625 0.619915675 0.5895337296875 0.615575396875 0.5890376984375 0.6073908734375 0.5957341265625 0.6041666671875 0.603174603125 0.6024305562500001 0.6046626984375 0.6009424609375 0.6041666671875 0.59970238125 0.6073908734375 0.596726190625 0.6108630953125 0.59697420625 0.6158234125 0.599454365625 0.6232638890625 0.6039186515625 0.625 0.60987103125 0.6292162703125
5 0.5793650796875001 0.6649305562500001 0.5835813484375 0.669146825 0.5882936515625 0.672123015625 0.596478175 0.67509920625 0.599950396875 0.6790674609375 0.6039186515625 0.681299603125 0.606894840625 0.6808035718750001 0.6103670640625001 0.6820436515625 0.612103175 0.6808035718750001 0.6145007437500001 0.6819610609375 0.6185515875 0.6865079359374999 0.6272321421875 0.689980159375 0.6329365078125 0.6989087296875 0.6388888890625 0.7053571421875 0.6418650796875001 0.7053571421875 0.653769840625 0.715277778125 0.6547619046875 0.718501984375 0.6550099203124999 0.7269345234375 0.65947420625 0.734375 0.6654265875 0.7398313484375 0.6892361109375 0.7549603171875 0.6976686515625 0.7574404765625 0.709325396875 0.7554563484375 0.7269345234375 0.7418154765625 0.7328869046875 0.7323908734375 0.736855159375 0.7165178578125 0.7363591265625 0.708829365625 0.7328869046875 0.6989087296875 0.7266865078125 0.6927083328125 0.7224702375 0.69072420625 0.721726190625 0.6892361109375 0.7095734125 0.6808035718750001 0.700148809375 0.6763392859375 0.6976686515625 0.6736111109375 0.6919642859375 0.6728670640625001 0.6857638890625 0.6733630953125 0.6830357140625 0.6768353171875 0.6758432546875001 0.6755952375 0.6698908734375 0.6698908734375 0.6639384921875 0.6671626984375 0.6450892859375 0.6542658734375 0.64112103125 0.6525297625 0.6331845234375 0.6460813484375 0.6272321421875 0.643353175 0.6202876984375 0.63740079375 0.6148313484375 0.6354166671875 0.612847221875 0.6331845234375 0.6041666671875 0.6287202375 0.6006944437499999 0.62822420625 0.5984623015625 0.62450396875 0.593501984375 0.622519840625 0.5892857140625 0.618799603125 0.5873015875 0.6227678578125 0.5848214281249999 0.624751984375 0.5828373015625 0.6321924609375 0.5796130953125 0.6336805562500001 0.575148809375 0.6386408734375 0.5761408734375 0.640625 0.575644840625 0.6428571421875 0.574652778125 0.6428571421875 0.571924603125 0.6493055562500001 0.5696924609375 0.6515376984375 0.565228175 0.653273809375 0.565476190625 0.6552579359374999 0.5689484125 0.6574900796875001 0.5716765875 0.66220238125 0.5793650796875001 0.6649305562500001
5 0.5362103171875 0.63467261875 0.5357142859375 0.6383928578125 0.5419146828125 0.6423611109375 0.5431547625 0.646329365625 0.5453869046875 0.6475694437499999 0.5570436515625 0.6473214281249999 0.55927579375 0.643601190625 0.562748015625 0.6426091265625 0.56572420625 0.6388888890625 0.5664682546875001 0.6361607140625 0.5689484125 0.634920634375 0.5711805562500001 0.627480159375 0.577380953125 0.6235119046875 0.581101190625 0.6227678578125 0.5820932546875001 0.61904761875 0.5863095234375 0.6163194437499999 0.5892857140625 0.610119046875 0.5925099203124999 0.609126984375 0.5949900796875001 0.60342261875 0.6071428578125 0.5915178578125 0.608630953125 0.58779761875 0.6143353171875 0.5830853171875 0.6185515875 0.58134920625 0.621527778125 0.5763888890625 0.6230158734375 0.5714285718750001 0.6294642859375 0.5672123015625 0.6314484125 0.5639880953125 0.639880953125 0.5560515875 0.643353175 0.5558035718750001 0.6448412703125 0.5575396828125 0.646825396875 0.556795634375 0.6507936515625 0.5572916671875 0.66220238125 0.5510912703125 0.669146825 0.5448908734375 0.671626984375 0.5399305562500001 0.674355159375 0.5379464281249999 0.6770833328125 0.534722221875 0.6783234125 0.531498015625 0.6805555562500001 0.5295138890625 0.6835317453124999 0.521329365625 0.6835317453124999 0.5166170640625001 0.681299603125 0.50967261875 0.674851190625 0.4990079359375 0.656498015625 0.484126984375 0.653273809375 0.4831349203125 0.6507936515625 0.48065476250000005 0.64657738125 0.4796626984375 0.6450892859375 0.478174603125 0.6383928578125 0.47718253906249997 0.6326884921875 0.4779265875 0.6292162703125 0.48040674531249994 0.6272321421875 0.47991071406249997 0.6197916671875 0.4890873015625 0.615575396875 0.490575396875 0.6135912703125 0.49776785781250005 0.615575396875 0.5014880953125 0.61532738125 0.50322420625 0.6140873015625 0.5069444437499999 0.6113591265625 0.509424603125 0.6133432546875001 0.5136408734375 0.611855159375 0.515873015625 0.6108630953125 0.52157738125 0.6051587296875 0.53174603125 0.59375 0.544146825 0.591021825 0.552579365625 0.58407738125 0.5550595234375 0.5798611109375 0.5615079359374999 0.5771329359374999 0.56299603125 0.575148809375 0.56845238125 0.5691964281249999 0.5726686515625 0.565228175 0.5796130953125 0.565972221875 0.5833333328125 0.5647321421875 0.5853174609375 0.5602678578125 0.58779761875 0.5585317453124999 0.593005953125 0.5523313484375 0.5957341265625 0.5491071421875 0.6009424609375 0.5451388890625 0.6024305562500001 0.5404265875 0.609126984375 0.5354662703125 0.6113591265625 0.534722221875 0.61904761875 0.53075396875 0.6212797625 0.527777778125 0.6212797625 0.5270337296875 0.6235119046875 0.5292658734375 0.6287202375 0.5334821421875 0.6336805562500001 0.5362103171875 0.63467261875
5 0.6578258921875 0.4296170640625 0.636009425 0.4094786703125 0.5932155265625 0.401087796875 0.57727256875 0.4312951390625 0.57643353125 0.4472380953125 0.5865027281249999 0.4472380953125 0.526087796875 0.5756197921874999 0.53783506875 0.5840106640625 0.5554561015624999 0.5915625 0.62090550625 0.4724109625 0.631813740625 0.4757673609375 0.6511130953125 0.45227256875000005 0.6578258921875 0.4296170640625
5 0.5730771328125 0.33060367031250004 0.474063740625 0.32556919687499997 0.46399479218749995 0.3071091265625 0.41364905781249994 0.3012353671875 0.3935106640625 0.3146609625 0.391832340625 0.33060367031250004 0.3926716265625 0.3465466265625 0.395188740625 0.364167659375 0.4052579359375 0.382627728125 0.41868353125 0.3910186015625 0.44973015937499994 0.388501240625 0.46147743124999996 0.382627728125 0.469868303125 0.37255853125 0.57727256875 0.3700411703125 0.5848244046875 0.360811259375 0.5856634421875 0.345707340625 0.5730771328125 0.33060367031250004
5 0.5361569937499999 0.2844533734375 0.429591765625 0.25424603125 0.41868353125 0.2441768359375 0.4094533734375 0.230751240625 0.37253323437499997 0.2131302078125 0.3540731640625 0.21396949375 0.34316493124999997 0.22319940468750002 0.33477405781249997 0.247533234375 0.328900296875 0.277740575 0.33645213281249997 0.2953616078125 0.3540731640625 0.306269840625 0.394349703125 0.3104655265625 0.41113169687499995 0.29871800625 0.4371436015625 0.2995572921875 0.47490302656249994 0.3129826390625 0.517696925 0.32221279687500004 0.5302832343749999 0.32221279687500004 0.5386741078124999 0.30543080312500004 0.5361569937499999 0.2844533734375
5 0.5252487593749999 0.2164866078125 0.40861433593749996 0.163623759375 0.402740575 0.1451634421875 0.3658204359375 0.11999057500000002 0.3465213296875 0.1208298609375 0.331417659375 0.12922073437499998 0.32218749999999996 0.151876240625 0.3188311015625 0.17369270781249999 0.3230265375 0.206417659375 0.34400396875 0.2164866078125 0.3540731640625 0.2131302078125 0.3666594734375 0.21480853125000002 0.390993303125 0.2173258921875 0.430430803125 0.23746403749999997 0.5059494046874999 0.25844146874999996 0.5193749999999999 0.24921155781249998 0.5244094734375 0.2341076390625 0.5252487593749999 0.2164866078125
5 0.26009449375 0.443881696875 0.2391170640625 0.440525296875 0.20890947343750002 0.47744543593750005 0.2080704359375 0.4967447921875 0.215622271875 0.5126875 0.2475079359375 0.53450396875 0.2793936015625 0.5437341265625 0.30456646875 0.53114756875 0.3247048609375 0.49506646875 0.31967013906249997 0.484158234375 0.3096009421875 0.4707326390625 0.38344146874999996 0.35074206406249997 0.37505059531249996 0.32808655781249996 0.3465213296875 0.3188563984375 0.26009449375 0.443881696875
5 0.406936259375 0.5210783734375 0.428752728125 0.4933883921875 0.4279134421875 0.47744543593750005 0.4212008921875 0.46569816406250003 0.3851197921875 0.444720734375 0.3582686015625 0.4346515375 0.3255438984375 0.47325 0.3372911703125 0.48835367031250004 0.33057837343749996 0.5051356640625 0.2441515375 0.6335173609375 0.2517033734375 0.6544947921875 0.2793936015625 0.668759425 0.3758896328125 0.5277911703125 0.3859588296875 0.5152048609375 0.39770610156249997 0.525273809375 0.406936259375 0.5210783734375
5 0.2961755953125 0.6779893359375 0.271002728125 0.6729548609375 0.2441515375 0.7249786703125001 0.25841617031249997 0.7442780265625 0.293658234375 0.7610597718750001 0.333095734375 0.76609449375 0.3565905265625 0.7224613093750001 0.3540731640625 0.709875 0.34400396875 0.7014841265625 0.4212008921875 0.5529640375 0.4170052078125 0.5454122031249999 0.3935106640625 0.52946949375 0.2961755953125 0.6779893359375
5 0.42539632968749996 0.49003199375 0.406936259375 0.5277911703125 0.4170052078125 0.5386994046875 0.41868353125 0.563033234375 0.4279134421875 0.57058506875 0.45896006875 0.5764588296875 0.4799375 0.57478050625 0.490006696875 0.552125 0.49839756875 0.5177219734375 0.486650296875 0.5168829359375 0.54119146875 0.40360515937499997 0.5395133921874999 0.3977313984375 0.5336396328124999 0.38934052656249996 0.5235704359375 0.3742366078125 0.5059494046874999 0.37507589218750004 0.4488908734375 0.484997271875 0.4430173609375 0.49003199375 0.431269840625 0.484158234375 0.42539632968749996 0.49003199375
5 0.678803075 0.4808018359375 0.6813204359375 0.365006696875 0.6981024312499999 0.3599719734375 0.705654265625 0.3188563984375 0.69558506875 0.3129826390625 0.6704122031249999 0.3071091265625 0.6334920640624999 0.3121436015625 0.6292966265625 0.3238908734375 0.6292966265625 0.3499030265625 0.6427219734375 0.3633283734375 0.6460783734375 0.41535243125 0.6578258921875 0.43800793593750004 0.649434771875 0.46401984062499996 0.6511130953125 0.47828447343749997 0.6586649312499999 0.484997271875 0.6704122031249999 0.49506646875 0.678803075 0.4808018359375