5 0.459821428125 0.6788194437499999 0.4632936515625 0.681299603125 0.46527777812500004 0.6855158734375 0.4761904765625 0.6884920640625001 0.4890873015625 0.693700396875 0.49429563437499996 0.6941964281249999 0.4982638890625 0.6959325390625 0.5014880953125 0.6956845234375 0.5091765875 0.6984126984375 0.513144840625 0.7013888890625 0.5166170640625001 0.7013888890625 0.5203373015625 0.702876984375 0.5223214281249999 0.7046130953125 0.5235615078125 0.713045634375 0.5262896828125 0.7170138890625 0.536954365625 0.7229662703125 0.5451388890625 0.7259424609375 0.5515873015625 0.7264384921875 0.5570436515625 0.7242063484375 0.559027778125 0.7207341265625 0.5587797625 0.7165178578125 0.5634920640625001 0.70634920625 0.56572420625 0.6989087296875 0.5699404765625 0.693204365625 0.5734126984375 0.6857638890625 0.5729166671875 0.677579365625 0.5709325390625 0.6736111109375 0.565228175 0.6698908734375 0.5510912703125 0.6651785718750001 0.5391865078125 0.6639384921875 0.53447420625 0.6676587296875 0.5267857140625 0.6696428578125 0.4985119046875 0.66220238125 0.4898313484375 0.658978175 0.471726190625 0.6552579359374999 0.468998015625 0.653769840625 0.466021825 0.6545138890625 0.4632936515625 0.650049603125 0.459821428125 0.6520337296875 0.45758928593750003 0.6493055562500001 0.4543650796875 0.6498015875 0.4481646828125 0.6579861109375 0.44742063437499996 0.6634424609375 0.450396825 0.6696428578125 0.45684523749999995 0.6738591265625 0.459821428125 0.6788194437499999
5 0.41071428593750003 0.65947420625 0.40997023749999995 0.6617063484375 0.41021825468750006 0.6728670640625001 0.409226190625 0.677579365625 0.4072420640625 0.6810515875 0.40625 0.696924603125 0.4074900796875 0.716269840625 0.4126984125 0.7232142859375 0.422123015625 0.7279265875 0.42757936562500004 0.7289186515625 0.43973214218749995 0.728670634375 0.44171627031250005 0.7271825390625 0.44890872968749995 0.724950396875 0.455605159375 0.7177579359374999 0.46031746093750003 0.7147817453124999 0.46304563437499996 0.7053571421875 0.4632936515625 0.69717261875 0.462053571875 0.6892361109375 0.45535714218749995 0.6736111109375 0.44866071406249997 0.671130953125 0.44196428593750003 0.6631944437499999 0.43799603125 0.6510416671875 0.43824404687499996 0.646329365625 0.43700396875 0.640625 0.4295634921875 0.6227678578125 0.42584325468750006 0.61904761875 0.42584325468750006 0.612351190625 0.42385912656249997 0.60887896875 0.4203869046875 0.606398809375 0.4164186515625 0.6051587296875 0.4077380953125 0.609126984375 0.4047619046875 0.6140873015625 0.4045138890625 0.63095238125 0.40625 0.6383928578125 0.408978175 0.6436837796875 0.41071428593750003 0.65947420625
5 0.294146825 0.702876984375 0.3050595234375 0.7011408734375 0.3072916671875 0.6989087296875 0.3107638890625 0.6981646828125 0.3139880953125 0.6956845234375 0.32953050625 0.6890706843750001 0.3400297625 0.6857638890625 0.3700396828125 0.672123015625 0.3834325390625 0.6758432546875001 0.3928571421875 0.6738591265625 0.39508928593750003 0.672123015625 0.406498015625 0.6676587296875 0.4079861109375 0.6646825390625 0.408978175 0.6577380953125 0.39955357187499996 0.6341765875 0.393601190625 0.6227678578125 0.388144840625 0.6170634921875 0.381200396875 0.6178075390625 0.3710317453125 0.622023809375 0.3606150796875 0.630704365625 0.3573908734375 0.643353175 0.34325396874999997 0.650049603125 0.33680555624999997 0.6552579359374999 0.325148809375 0.6577380953125 0.3174603171875 0.662450396875 0.3105158734375 0.6646825390625 0.3020833328125 0.669146825 0.2988591265625 0.6696428578125 0.2953869046875 0.6728670640625001 0.281498015625 0.6808035718750001 0.278769840625 0.6852678578125 0.278769840625 0.693204365625 0.286954365625 0.6989087296875 0.29017857187499996 0.70262896875 0.294146825 0.702876984375
5 0.577380953125 0.72842261875 0.580853175 0.728670634375 0.5833333328125 0.7304067453124999 0.603174603125 0.736855159375 0.608630953125 0.740079365625 0.6183035718750001 0.7420634921875 0.6212797625 0.74404761875 0.6264880953125 0.7450396828125 0.63095238125 0.747271825 0.6386408734375 0.7487599203124999 0.643601190625 0.7522321421875 0.64657738125 0.7579365078125 0.6480654765625 0.7636408734375 0.653769840625 0.771825396875 0.669394840625 0.7790178578125 0.6770833328125 0.7800099203124999 0.6800595234375 0.7800099203124999 0.68154761875 0.7790178578125 0.684523809375 0.7698412703125 0.6889880953125 0.7611607140625 0.690476190625 0.752480159375 0.6929563484375 0.747271825 0.6956845234375 0.7358630953125 0.6966765875 0.728670634375 0.6961805562500001 0.724454365625 0.690476190625 0.7207341265625 0.674603175 0.715773809375 0.6679067453124999 0.715773809375 0.6649305562500001 0.716269840625 0.6517857140625 0.7232142859375 0.6495535718750001 0.7229662703125 0.6450892859375 0.7204861109375 0.6421130953125 0.7204861109375 0.6361607140625 0.7167658734375 0.61259920625 0.7098214281249999 0.609375 0.7070932546875001 0.603174603125 0.70634920625 0.5982142859375 0.70362103125 0.591269840625 0.702380953125 0.572420634375 0.6944444437499999 0.5694444437499999 0.6954365078125 0.56572420625 0.69990079375 0.5612599203124999 0.7135416671875 0.5615079359374999 0.7207341265625 0.56572420625 0.7256944437499999 0.5716765875 0.7261904765625 0.577380953125 0.72842261875
5 0.6961805562500001 0.568204365625 0.69990079375 0.5716765875 0.7103174609375 0.5887896828125 0.7227182546875001 0.6039186515625 0.7269345234375 0.6113591265625 0.7274305562500001 0.618799603125 0.7261904765625 0.621527778125 0.7239583328125 0.6210317453124999 0.7232142859375 0.6269841265625 0.7296626984375 0.6383928578125 0.7356150796875001 0.646329365625 0.7445436515625 0.646825396875 0.74677579375 0.6453373015625 0.750248015625 0.6453373015625 0.7743055562500001 0.6329365078125 0.7800099203124999 0.6269841265625 0.781994046875 0.6232638890625 0.781001984375 0.6185515875 0.7735615078125 0.6071428578125 0.7693452375 0.6029265875 0.762152778125 0.59970238125 0.7586805562500001 0.6001984125 0.75 0.5952380953125 0.747023809375 0.588665675 0.747519840625 0.5830853171875 0.724950396875 0.562748015625 0.722222221875 0.5612599203124999 0.7123015875 0.550347221875 0.7078373015625 0.54092261875 0.6865079359374999 0.5414186515625 0.68700396875 0.55282738125 0.689980159375 0.5605158734375 0.6949404765625 0.5644841265625 0.6961805562500001 0.568204365625
5 0.5017361109375 0.6602182546875001 0.5086805562500001 0.661954365625 0.521329365625 0.662450396875 0.530505953125 0.6639384921875 0.5354662703125 0.6639384921875 0.5394345234375 0.662450396875 0.5550595234375 0.6636904765625 0.560019840625 0.6664186515625 0.56572420625 0.6666666671875 0.5696924609375 0.668402778125 0.57490079375 0.671875 0.57762896875 0.6765873015625 0.5833333328125 0.6788194437499999 0.5954861109375 0.6795634921875 0.6039186515625 0.6783234125 0.606894840625 0.672619046875 0.608630953125 0.6547619046875 0.608630953125 0.63467261875 0.6071428578125 0.6304563484375 0.6039186515625 0.6264880953125 0.593998015625 0.625744046875 0.5835813484375 0.6267361109375 0.577380953125 0.6299603171875 0.57490079375 0.63467261875 0.5508432546875001 0.634424603125 0.5486111109375 0.6354166671875 0.544394840625 0.634424603125 0.5429067453124999 0.6351686515625 0.5396825390625 0.6334325390625 0.509920634375 0.6326884921875 0.4982638890625 0.63095238125 0.49007936562500004 0.6331845234375 0.4861111109375 0.640625 0.4858630953125 0.6512896828125 0.48660714218749995 0.6545138890625 0.4893353171875 0.656498015625 0.5017361109375 0.6602182546875001
5 0.43824404687499996 0.6230158734375 0.4392361109375 0.6304563484375 0.4429563484375 0.6354166671875 0.44915674531249994 0.6369047625 0.4543650796875 0.63467261875 0.4583333328125 0.6351686515625 0.50322420625 0.6302083328125 0.5071924609375 0.6314484125 0.52157738125 0.6324404765625 0.52529761875 0.6314484125 0.5478670640625001 0.6339285718750001 0.5505952375 0.6334325390625 0.5543154765625 0.634920634375 0.5577876984375 0.63095238125 0.5580357140625 0.622519840625 0.556795634375 0.6160714281249999 0.546130953125 0.6106150796875001 0.5275297625 0.609375 0.5220734125 0.606894840625 0.515625 0.60887896875 0.513144840625 0.606646825 0.5091765875 0.605902778125 0.5042162703125 0.60342261875 0.50049603125 0.603174603125 0.4982638890625 0.6016865078125 0.4952876984375 0.6024305562500001 0.48065476250000005 0.59970238125 0.474950396875 0.596230159375 0.47569444375 0.591269840625 0.47470238125 0.5895337296875 0.4699900796875 0.5865575390625 0.466269840625 0.5865575390625 0.4613095234375 0.583829365625 0.44866071406249997 0.5830853171875 0.4456845234375 0.5865575390625 0.444196428125 0.591269840625 0.4439484125 0.596726190625 0.44196428593750003 0.6051587296875 0.44196428593750003 0.61259920625 0.43824404687499996 0.6230158734375
5 0.3110119046875 0.6351686515625 0.3167162703125 0.6356646828125 0.3293650796875 0.630704365625 0.3323412703125 0.6267361109375 0.334325396875 0.6267361109375 0.346726190625 0.6205357140625 0.3529265875 0.618799603125 0.3633432546875 0.612103175 0.3648313484375 0.610119046875 0.36830357187499996 0.608630953125 0.4074900796875 0.59970238125 0.4164186515625 0.5959821421875 0.41865079375 0.58407738125 0.41790674531249994 0.578373015625 0.41071428593750003 0.563244046875 0.406498015625 0.5575396828125 0.3988095234375 0.5520833328125 0.3926091265625 0.5510912703125 0.37847222187499996 0.559027778125 0.375744046875 0.56299603125 0.372519840625 0.5642361109375 0.3707837296875 0.568700396875 0.36383928593750003 0.5791170640625001 0.3072916671875 0.6103670640625001 0.3015873015625 0.61532738125 0.299851190625 0.619295634375 0.30133928593750003 0.62450396875 0.3048115078125 0.6304563484375 0.3110119046875 0.6351686515625
5 0.29637896874999997 0.48090277812500004 0.3008432546875 0.48214285781250005 0.3053075390625 0.48214285781250005 0.3258928578125 0.47569444375 0.3328373015625 0.47247023749999995 0.340773809375 0.471726190625 0.3449900796875 0.47271825468750006 0.3616071421875 0.47296627031250005 0.3712797625 0.471478175 0.38715277812500004 0.471230159375 0.3953373015625 0.4670138890625 0.39732142812500004 0.46155753906249997 0.396825396875 0.45362103125 0.3955853171875 0.4516369046875 0.3923611109375 0.44965277812500004 0.38194444375000003 0.446924603125 0.36383928593750003 0.4454365078125 0.3573908734375 0.44593253906249997 0.3521825390625 0.4484126984375 0.3330853171875 0.446924603125 0.3298611109375 0.4454365078125 0.325148809375 0.43948412656249997 0.31919642812500004 0.43799603125 0.3050595234375 0.437748015625 0.2951388890625 0.4392361109375 0.2904265875 0.44345238125 0.28794642812500004 0.4548611109375 0.2876984125 0.46304563437499996 0.29017857187499996 0.47470238125 0.29340277812500004 0.4789186515625 0.29637896874999997 0.48090277812500004
5 0.22544642812500001 0.59375 0.22867063437500001 0.5954861109375 0.23189484062500001 0.5947420640625001 0.2388392859375 0.5895337296875 0.2462797625 0.5855654765625 0.2485119046875 0.5818452375 0.2584325390625 0.5763888890625 0.2673611109375 0.5667162703125 0.287450396875 0.553075396875 0.29092261875 0.553075396875 0.29588293593750004 0.5555555562500001 0.2991071421875 0.5553075390625 0.30555555624999997 0.55282738125 0.3110119046875 0.5491071421875 0.32142857187499996 0.53720238125 0.3209325390625 0.5290178578125 0.31200396874999997 0.515873015625 0.3020833328125 0.5044642859375 0.29637896874999997 0.503472221875 0.2904265875 0.5052083328125 0.2829861109375 0.512152778125 0.2757936515625 0.516369046875 0.271329365625 0.521329365625 0.27232142812500004 0.5272817453124999 0.264880953125 0.5391865078125 0.25347222187499996 0.54737103125 0.24925595312499998 0.5486111109375 0.247023809375 0.5518353171875 0.24032738125000003 0.55654761875 0.2356150796875 0.561755953125 0.230902778125 0.5639880953125 0.22371031718749998 0.5706845234375 0.2202380953125 0.571924603125 0.2123015875 0.5801091265625 0.21130952343749998 0.583829365625 0.2132936515625 0.587549603125 0.2227182546875 0.5957341265625 0.22544642812500001 0.59375
5 0.30803571406249997 0.5104166671875 0.3226686515625 0.5297619046875 0.334325396875 0.525545634375 0.3397817453125 0.5223214281249999 0.341269840625 0.51884920625 0.348049603125 0.5047504953125 0.3886408734375 0.4925595234375 0.3928571421875 0.49404761875 0.4047619046875 0.49007936562500004 0.408730159375 0.4861111109375 0.41046627031250005 0.48239087343750003 0.41046627031250005 0.4779265875 0.4074900796875 0.4704861109375 0.4047619046875 0.46800595312500004 0.4015376984375 0.4672619046875 0.3953373015625 0.4699900796875 0.3320932546875 0.477678571875 0.321924603125 0.4779265875 0.3085317453125 0.4826388890625 0.3045634921875 0.48635912656249997 0.30282738125 0.49007936562500004 0.30357142812500004 0.5019841265625 0.30654761875 0.5047123015625 0.30803571406249997 0.5104166671875
5 0.3298611109375 0.58407738125 0.334325396875 0.5865575390625 0.3397817453125 0.588045634375 0.343501984375 0.588045634375 0.3514384921875 0.5860615078125 0.3546626984375 0.58407738125 0.3665674609375 0.571924603125 0.372023809375 0.5607638890625 0.37177579375 0.556795634375 0.368799603125 0.5478670640625001 0.3710317453125 0.546130953125 0.372519840625 0.547123015625 0.375744046875 0.5389384921875 0.3789682546875 0.536954365625 0.380704365625 0.5329861109375 0.3799603171875 0.531001984375 0.380704365625 0.527777778125 0.3841765875 0.5292658734375 0.3851686515625 0.5265376984375 0.39012896874999997 0.52157738125 0.391369046875 0.509920634375 0.3928571421875 0.50595238125 0.3960813484375 0.5022321421875 0.39409722187499996 0.4982638890625 0.387896825 0.49578372968749995 0.381200396875 0.49627976250000005 0.377728175 0.49776785781250005 0.37400793593750004 0.5017361109375 0.37400793593750004 0.5039682546875001 0.3695436515625 0.5071924609375 0.3678075390625 0.5111607140625 0.365079365625 0.5133928578125 0.359623015625 0.5223214281249999 0.3578869046875 0.5230654765625 0.3529265875 0.5290178578125 0.3516865078125 0.5324900796875001 0.349454365625 0.533730159375 0.34275793593750004 0.5334821421875 0.33680555624999997 0.5352182546875001 0.3330853171875 0.5394345234375 0.3301091265625 0.54092261875 0.3266369046875 0.5451388890625 0.3216765875 0.5486111109375 0.31845238125 0.552579365625 0.3164682546875 0.5570436515625 0.31597222187499996 0.565476190625 0.3196924609375 0.575644840625 0.3258928578125 0.578869046875 0.3298611109375 0.58407738125
5 0.40178571406249997 0.5240575390625 0.4052579359375 0.521825396875 0.408730159375 0.5270337296875 0.4112103171875 0.5275297625 0.412450396875 0.5265376984375 0.415674603125 0.527777778125 0.415178571875 0.5290178578125 0.41617063437499996 0.5292658734375 0.43154761875 0.528273809375 0.43799603125 0.5297619046875 0.4546130953125 0.5396825390625 0.45734127031250005 0.543402778125 0.4595734125 0.5488591265625 0.465773809375 0.5550595234375 0.47445436562500004 0.5580357140625 0.48387896875 0.559523809375 0.48660714218749995 0.5587797625 0.490575396875 0.552579365625 0.4918154765625 0.5481150796875001 0.4945436515625 0.5451388890625 0.49652777812500004 0.540674603125 0.5 0.5379464281249999 0.5019841265625 0.5329861109375 0.5017361109375 0.5240575390625 0.500248015625 0.5198412703125 0.49677579375 0.5171130953125 0.48387896875 0.512896825 0.471478175 0.512896825 0.4632936515625 0.5173611109375 0.455853175 0.518601190625 0.4362599203125 0.5116567453124999 0.426711309375 0.5119047625 0.42385912656249997 0.5109126984375 0.422123015625 0.5086805562500001 0.41865079375 0.5086805562500001 0.41319444375 0.5106646828125 0.41046627031250005 0.5074404765625 0.40823412656249997 0.5074404765625 0.4045138890625 0.5047123015625 0.39930555624999997 0.5044642859375 0.3948412703125 0.50967261875 0.3928571421875 0.514880953125 0.3928571421875 0.52157738125 0.3958333328125 0.5233134921875 0.3990575390625 0.5230654765625 0.40178571406249997 0.5240575390625
5 0.422123015625 0.5801091265625 0.428075396875 0.5825892859375 0.4310515875 0.5801091265625 0.43824404687499996 0.57862103125 0.4456845234375 0.581101190625 0.4580853171875 0.5823412703125 0.46031746093750003 0.583829365625 0.46924603125 0.5850694437499999 0.475446428125 0.5890376984375 0.47718253906249997 0.5920138890625 0.4779265875 0.596478175 0.48015872968749995 0.5959821421875 0.48387896875 0.5984623015625 0.487103175 0.5982142859375 0.4923115078125 0.599454365625 0.4990079359375 0.6016865078125 0.5012400796875001 0.603670634375 0.5071924609375 0.6044146828125 0.509920634375 0.603670634375 0.5116567453124999 0.6014384921875 0.51512896875 0.5917658734375 0.513144840625 0.5870535718750001 0.5022321421875 0.5798611109375 0.491071428125 0.57490079375 0.48859127031250005 0.5716765875 0.48090277812500004 0.5679563484375 0.475446428125 0.563244046875 0.46949404687499996 0.5607638890625 0.4632936515625 0.5555555562500001 0.45634920625 0.553075396875 0.453125 0.5481150796875001 0.4546130953125 0.5448908734375 0.4541170640625 0.54092261875 0.44890872968749995 0.5362103171875 0.440228175 0.53174603125 0.42757936562500004 0.5292658734375 0.42509920625 0.5302579359374999 0.41865079375 0.536954365625 0.4112103171875 0.5486111109375 0.4077380953125 0.55654761875 0.41319444375 0.568204365625 0.419394840625 0.578125 0.422123015625 0.5801091265625
5 0.5478670640625001 0.4982638890625 0.5456349203124999 0.5019841265625 0.5456349203124999 0.5069444437499999 0.5426587296875 0.5076884921875 0.5394345234375 0.5069444437499999 0.5364583328125 0.5136408734375 0.53720238125 0.528273809375 0.5424107140625 0.5359623015625 0.547619046875 0.537450396875 0.5510912703125 0.537450396875 0.5535714281249999 0.5334821421875 0.559771825 0.533730159375 0.5637400796875001 0.53075396875 0.5801091265625 0.52802579375 0.5820932546875001 0.5210813484375 0.5820932546875001 0.50967261875 0.580605159375 0.5054563484375 0.5736607140625 0.500744046875 0.5726686515625 0.4987599203125 0.574652778125 0.48809523749999995 0.574652778125 0.468998015625 0.5766369046875 0.4516369046875 0.57490079375 0.43973214218749995 0.5716765875 0.43526785781250005 0.5691964281249999 0.4362599203125 0.563244046875 0.435019840625 0.559027778125 0.4357638890625 0.5575396828125 0.434523809375 0.5570436515625 0.43154761875 0.5555555562500001 0.43328372968749995 0.5510912703125 0.435019840625 0.5523313484375 0.437251984375 0.5520833328125 0.4422123015625 0.549355159375 0.4605654765625 0.5478670640625001 0.4982638890625
5 0.6604662703125 0.6443452375 0.6651785718750001 0.6540178578125 0.675347221875 0.6671626984375 0.6800595234375 0.6785714281249999 0.6837797625 0.6837797625 0.6865079359374999 0.6919642859375 0.684027778125 0.7008928578125 0.684523809375 0.7048611109375 0.6860119046875 0.70907738125 0.6914682546875001 0.718005953125 0.6949404765625 0.7199900796875001 0.6979166671875 0.7232142859375 0.6991567453124999 0.7323908734375 0.702876984375 0.735119046875 0.7068452375 0.7363591265625 0.7150297625 0.7361111109375 0.74404761875 0.7165178578125 0.747519840625 0.709325396875 0.747519840625 0.7048611109375 0.7445436515625 0.6981646828125 0.7333829359374999 0.684523809375 0.724454365625 0.6765873015625 0.7123015875 0.6736111109375 0.7078373015625 0.66865079375 0.7053571421875 0.66220238125 0.700644840625 0.6542658734375 0.6976686515625 0.65302579375 0.6954365078125 0.650545634375 0.6941964281249999 0.64657738125 0.6912202375 0.643353175 0.6894841265625 0.6383928578125 0.6862599203124999 0.6361607140625 0.6837797625 0.630704365625 0.677579365625 0.621527778125 0.6728670640625001 0.6173115078125 0.6681547625 0.615575396875 0.659722221875 0.6178075390625 0.65302579375 0.6227678578125 0.65302579375 0.631200396875 0.6552579359374999 0.6351686515625 0.656498015625 0.640376984375 0.6604662703125 0.6443452375
5 0.5560515875 0.581101190625 0.5570436515625 0.5820932546875001 0.5662202375 0.581101190625 0.57762896875 0.590773809375 0.58134920625 0.5917658734375 0.5835813484375 0.5977182546875001 0.5865575390625 0.6004464281249999 0.5892857140625 0.6073908734375 0.5917658734375 0.609126984375 0.5949900796875001 0.61532738125 0.609375 0.6269841265625 0.6116071421875 0.6321924609375 0.615575396875 0.637152778125 0.627728175 0.6316964281249999 0.6316964281249999 0.6267361109375 0.6324404765625 0.6230158734375 0.6292162703125 0.6170634921875 0.62450396875 0.612103175 0.6185515875 0.6116071421875 0.615575396875 0.609623015625 0.606646825 0.6083829359374999 0.6024305562500001 0.6014384921875 0.6004464281249999 0.596478175 0.59970238125 0.588045634375 0.5957341265625 0.57217261875 0.5922619046875 0.568204365625 0.5920138890625 0.562251984375 0.59375 0.5605158734375 0.5954861109375 0.5602678578125 0.5949900796875001 0.5585317453124999 0.5900297625 0.550347221875 0.5892857140625 0.54737103125 0.58407738125 0.54228670625 0.581597221875 0.536954365625 0.577876984375 0.5329861109375 0.574652778125 0.531994046875 0.568700396875 0.5324900796875001 0.5587797625 0.5367063484375 0.5513392859375 0.5424107140625 0.546875 0.547619046875 0.5451388890625 0.5481150796875001 0.5429067453124999 0.552579365625 0.5424107140625 0.559771825 0.5488591265625 0.5696924609375 0.5510912703125 0.57490079375 0.5560515875 0.581101190625
5 0.4985119046875 0.5771329359374999 0.5019841265625 0.577876984375 0.5066964281249999 0.580605159375 0.515873015625 0.5885416671875 0.521825396875 0.5873015875 0.5300099203124999 0.583829365625 0.536954365625 0.577876984375 0.5394345234375 0.5667162703125 0.5399305562500001 0.55654761875 0.5367063484375 0.5446428578125 0.53174603125 0.5379464281249999 0.531498015625 0.53530084375 0.53174603125 0.52529761875 0.533730159375 0.521329365625 0.5354662703125 0.5017361109375 0.5332341265625 0.49429563437499996 0.528273809375 0.4908234125 0.521825396875 0.49131944375 0.518105159375 0.493799603125 0.51612103125 0.49677579375 0.5133928578125 0.505704365625 0.5119047625 0.5178571421875 0.5076884921875 0.53075396875 0.4982638890625 0.54092261875 0.49677579375 0.544394840625 0.49156746093750003 0.5488591265625 0.4890873015625 0.556795634375 0.4898313484375 0.5677083328125 0.4925595234375 0.5716765875 0.4947916671875 0.572420634375 0.4985119046875 0.5771329359374999
5 0.477678571875 0.42261904687499996 0.4935515875 0.42261904687499996 0.5071924609375 0.4273313484375 0.509424603125 0.4268353171875 0.5111607140625 0.42906746093750003 0.5111607140625 0.43154761875 0.512896825 0.43303571406249997 0.518105159375 0.431299603125 0.521825396875 0.43303571406249997 0.52529761875 0.43055555625 0.5396825390625 0.4268353171875 0.544394840625 0.4208829359375 0.5456349203124999 0.41319444375 0.5453869046875 0.403521825 0.544146825 0.400049603125 0.5399305562500001 0.39756944375000003 0.5359623015625 0.3978174609375 0.528521825 0.3960813484375 0.5220734125 0.3983134921875 0.518601190625 0.39732142812500004 0.512648809375 0.40054563437499996 0.5079365078125 0.4012896828125 0.5009920640625001 0.4007936515625 0.4985119046875 0.39955357187499996 0.48363095312500004 0.39955357187499996 0.4751984125 0.3970734125 0.46552579375 0.39930555624999997 0.4513888890625 0.3980654765625 0.4481646828125 0.3998015875 0.446924603125 0.40625 0.4466765875 0.41220238125 0.44940476250000005 0.41790674531249994 0.471478175 0.4206349203125 0.477678571875 0.42261904687499996
5 0.3697916671875 0.44345238125 0.37450396874999997 0.44171627031250005 0.3797123015625 0.43799603125 0.393105159375 0.43551587343750003 0.40401785781250005 0.4273313484375 0.4074900796875 0.4265873015625 0.412946428125 0.422123015625 0.4164186515625 0.42113095312500004 0.41840277812500004 0.41865079375 0.4206349203125 0.41765872968749995 0.42237103125 0.41790674531249994 0.42509920625 0.4203869046875 0.43055555625 0.41989087343750003 0.44171627031250005 0.40947420625 0.44444444375 0.4050099203125 0.4451884921875 0.3998015875 0.44345238125 0.3928571421875 0.437748015625 0.384424603125 0.43055555625 0.37847222187499996 0.42509920625 0.37549603125000003 0.419394840625 0.3764880953125 0.4169146828125 0.38095238125 0.4074900796875 0.3886408734375 0.40054563437499996 0.4012896828125 0.3958333328125 0.4047619046875 0.3923611109375 0.40550595312500004 0.3893849203125 0.408978175 0.3841765875 0.4126984125 0.380704365625 0.4139384921875 0.375248015625 0.419394840625 0.369295634375 0.422123015625 0.360119046875 0.4293154765625 0.3581349203125 0.43328372968749995 0.3578869046875 0.43551587343750003 0.3611111109375 0.4424603171875 0.36631944375000003 0.443700396875 0.3697916671875 0.44345238125
5 0.3866567453125 0.4454365078125 0.3942626484375 0.44857812499999994 0.3970734125 0.45114087343750003 0.3988095234375 0.459325396875 0.4012896828125 0.46279761875 0.4047619046875 0.4635416671875 0.40848214218749995 0.46180555625 0.41046627031250005 0.46279761875 0.4139384921875 0.46155753906249997 0.42261904687499996 0.46304563437499996 0.4357638890625 0.4605654765625 0.4429563484375 0.4613095234375 0.44717261875 0.4632936515625 0.44866071406249997 0.46676587343750003 0.4518849203125 0.46800595312500004 0.4543650796875 0.471230159375 0.46031746093750003 0.471230159375 0.4677579359375 0.46924603125 0.4699900796875 0.4670138890625 0.47098214218749995 0.46279761875 0.47321428593750003 0.4595734125 0.4737103171875 0.4548611109375 0.47247023749999995 0.45386904687499996 0.475446428125 0.44742063437499996 0.4742063484375 0.4429563484375 0.47594246093750003 0.439980159375 0.4766865078125 0.4310515875 0.47271825468750006 0.4270833328125 0.45684523749999995 0.4270833328125 0.44965277812500004 0.428571428125 0.4466765875 0.43303571406249997 0.4384920640625 0.4362599203125 0.424851190625 0.43526785781250005 0.422123015625 0.43402777812500004 0.41865079375 0.435019840625 0.4077380953125 0.43402777812500004 0.3912450390625 0.43799603125 0.38715277812500004 0.4387400796875 0.380704365625 0.43824404687499996 0.37822420625 0.43948412656249997 0.37549603125000003 0.44320436562500004 0.3764880953125 0.4439484125 0.381200396875 0.44593253906249997 0.3866567453125 0.4454365078125
5 0.30803571406249997 0.4362599203125 0.3196924609375 0.4365079359375 0.322420634375 0.43551587343750003 0.3263888890625 0.43700396875 0.330853175 0.44320436562500004 0.3328373015625 0.4439484125 0.34722222187499996 0.443700396875 0.3556547625 0.44469246093750003 0.359623015625 0.44320436562500004 0.359375 0.4392361109375 0.346478175 0.4236111109375 0.34424603125000003 0.41741071406249997 0.337549603125 0.40625 0.3323412703125 0.40252976250000005 0.3241567453125 0.400049603125 0.3201884921875 0.40029761875 0.30803571406249997 0.4077380953125 0.3015873015625 0.4164186515625 0.2991071421875 0.4233630953125 0.299851190625 0.42757936562500004 0.303075396875 0.4322916671875 0.30803571406249997 0.4362599203125
5 0.3479662703125 0.41815476250000005 0.3492063484375 0.4233630953125 0.35491071406249997 0.4270833328125 0.3608630953125 0.428075396875 0.37549603125000003 0.41815476250000005 0.37946428593750003 0.41195436562500004 0.3960813484375 0.40178571406249997 0.40203372968749995 0.396825396875 0.41071428593750003 0.384920634375 0.4166666671875 0.380704365625 0.41815476250000005 0.3767361109375 0.4164186515625 0.37450396874999997 0.4074900796875 0.37400793593750004 0.377728175 0.38740079375 0.3737599203125 0.390873015625 0.369295634375 0.390625 0.362103175 0.38740079375 0.3516865078125 0.387896825 0.343005953125 0.3928571421875 0.33928571406249997 0.39657738125 0.3385416671875 0.3985615078125 0.338045634375 0.403769840625 0.3395337296875 0.4077380953125 0.343005953125 0.4136904765625 0.3479662703125 0.41815476250000005
5 0.3484623015625 0.3869047625 0.356894840625 0.3859126984375 0.3695436515625 0.388144840625 0.37177579375 0.3856646828125 0.37450396874999997 0.3799603171875 0.38194444375000003 0.3732638890625 0.38368055624999997 0.37450396874999997 0.39012896874999997 0.3732638890625 0.4047619046875 0.3670634921875 0.406001984375 0.36532738125 0.406001984375 0.3573908734375 0.40972222187499996 0.34970238125 0.40972222187499996 0.3457341265625 0.40625 0.3454861109375 0.3883928578125 0.349454365625 0.37847222187499996 0.353174603125 0.375 0.35342261875 0.3730158734375 0.35491071406249997 0.3710317453125 0.35491071406249997 0.3640873015625 0.3509424609375 0.3514384921875 0.3509424609375 0.34474206406249996 0.35342261875 0.3397817453125 0.3571428578125 0.3390376984375 0.35887896874999997 0.337549603125 0.3648313484375 0.33779761875 0.372271825 0.343501984375 0.3841765875 0.3484623015625 0.3869047625
5 0.318700396875 0.34722222187499996 0.35243055624999997 0.346726190625 0.362351190625 0.3477182546875 0.3665674609375 0.35069444375000003 0.3727678578125 0.3516865078125 0.39012896874999997 0.3487103171875 0.3928571421875 0.34722222187499996 0.396329365625 0.34275793593750004 0.39657738125 0.333829365625 0.3943452375 0.321924603125 0.3926091265625 0.31944444375000003 0.39012896874999997 0.318204365625 0.377480159375 0.318204365625 0.37549603125000003 0.31919642812500004 0.3700396828125 0.31919642812500004 0.36532738125 0.3239087296875 0.3581349203125 0.3263888890625 0.3484623015625 0.3261408734375 0.3459821421875 0.32713293593750004 0.33680555624999997 0.3263888890625 0.33258928593750003 0.32762896874999997 0.3258928578125 0.3263888890625 0.3147321421875 0.3261408734375 0.30803571406249997 0.3296130953125 0.3070436515625 0.3320932546875 0.306795634375 0.3365575390625 0.30803571406249997 0.3417658734375 0.31299603125000003 0.3454861109375 0.318700396875 0.34722222187499996
5 0.471726190625 0.389880953125 0.4751984125 0.389880953125 0.48363095312500004 0.3859126984375 0.486855159375 0.38194444375000003 0.4898313484375 0.375248015625 0.4952876984375 0.3727678578125 0.5091765875 0.3635912703125 0.512896825 0.36259920625 0.515873015625 0.356894840625 0.5243055562500001 0.3544146828125 0.5265376984375 0.3511904765625 0.5322420640625001 0.3487103171875 0.5364583328125 0.3422619046875 0.5364583328125 0.337549603125 0.5334821421875 0.3301091265625 0.527777778125 0.328373015625 0.5042162703125 0.3417658734375 0.49950396875 0.3454861109375 0.49553571406249997 0.346478175 0.4895833328125 0.35069444375000003 0.4779265875 0.35491071406249997 0.47470238125 0.3544146828125 0.46651785781250005 0.356398809375 0.46304563437499996 0.35590277812500004 0.45238095312500004 0.3635912703125 0.4516369046875 0.365079365625 0.46428571406249997 0.37822420625 0.46875 0.3866567453125 0.471726190625 0.389880953125
5 0.546130953125 0.359126984375 0.5548115078125 0.3640873015625 0.5833333328125 0.3707837296875 0.5892857140625 0.37400793593750004 0.596726190625 0.37400793593750004 0.60342261875 0.3762400796875 0.606398809375 0.37599206406249996 0.61259920625 0.3804563484375 0.6160714281249999 0.3769841265625 0.6175595234375 0.3727678578125 0.615575396875 0.3695436515625 0.6081349203124999 0.3668154765625 0.596478175 0.36036706406249996 0.5863095234375 0.3576388890625 0.5726686515625 0.3516865078125 0.5662202375 0.3454861109375 0.5634920640625001 0.33779761875 0.560019840625 0.334325396875 0.5453869046875 0.3296130953125 0.541170634375 0.3333333328125 0.5384424609375 0.33779761875 0.536954365625 0.346478175 0.5329861109375 0.3529265875 0.533730159375 0.3556547625 0.546130953125 0.359126984375
5 0.5404265875 0.5017361109375 0.54737103125 0.4945436515625 0.5486111109375 0.48660714218749995 0.5481150796875001 0.4779265875 0.5451388890625 0.4761904765625 0.53075396875 0.4826388890625 0.5290178578125 0.48660714218749995 0.534722221875 0.49652777812500004 0.5367063484375 0.503472221875 0.5404265875 0.5017361109375
5 0.5801091265625 0.47991071406249997 0.59325396875 0.47321428593750003 0.6006944437499999 0.47296627031250005 0.6024305562500001 0.4704861109375 0.60987103125 0.4466765875 0.6113591265625 0.43973214218749995 0.6108630953125 0.43799603125 0.60342261875 0.43675595312500004 0.5982142859375 0.43824404687499996 0.5957341265625 0.440228175 0.5863095234375 0.4439484125 0.5820932546875001 0.45114087343750003 0.581597221875 0.45709325468750006 0.5803571421875 0.4585813484375 0.57762896875 0.45907738125 0.5766369046875 0.462549603125 0.575396825 0.4751984125 0.5758928578125 0.47867063437499996 0.577380953125 0.48040674531249994 0.5801091265625 0.47991071406249997
5 0.6919642859375 0.45734127031250005 0.69717261875 0.4595734125 0.7008928578125 0.4595734125 0.7095734125 0.45734127031250005 0.7113095234375 0.455853175 0.7108134921875 0.4466765875 0.7068452375 0.4387400796875 0.6949404765625 0.4283234125 0.6894841265625 0.42633928593750003 0.6837797625 0.42757936562500004 0.6768353171875 0.431299603125 0.67509920625 0.43353174531249994 0.6741071421875 0.43526785781250005 0.681299603125 0.4422123015625 0.690228175 0.45362103125 0.6919642859375 0.45734127031250005
5 0.609375 0.3643353171875 0.6130952375 0.3635912703125 0.62549603125 0.37053571406249997 0.6304563484375 0.3712797625 0.6356646828125 0.37450396874999997 0.652447171875 0.37549603125000003 0.6547619046875 0.3764880953125 0.6572420640625001 0.37822420625 0.65947420625 0.3831845234375 0.65947420625 0.3886408734375 0.66220238125 0.3893849203125 0.6654265875 0.393105159375 0.6679067453124999 0.3883928578125 0.671875 0.3856646828125 0.67137896875 0.3826884921875 0.6696428578125 0.380704365625 0.6651785718750001 0.3769841265625 0.6614583328125 0.375744046875 0.659722221875 0.3730158734375 0.6473214281249999 0.3643353171875 0.6445932546875001 0.3611111109375 0.64012896875 0.359126984375 0.63467261875 0.35342261875 0.63095238125 0.3509424609375 0.6289682546875001 0.3459821421875 0.6294642859375 0.3415178578125 0.627480159375 0.33779761875 0.615575396875 0.3293650796875 0.6113591265625 0.328869046875 0.6083829359374999 0.3296130953125 0.6011904765625 0.33506944375000003 0.5949900796875001 0.34325396874999997 0.5922619046875 0.3516865078125 0.5922619046875 0.35590277812500004 0.59325396875 0.3573908734375 0.6006944437499999 0.35987103125000003 0.609375 0.3643353171875
5 0.4429563484375 0.5136408734375 0.44866071406249997 0.514880953125 0.4543650796875 0.515873015625 0.4635416671875 0.515625 0.471726190625 0.512152778125 0.478174603125 0.5114087296875 0.48040674531249994 0.509424603125 0.481646825 0.5037202375 0.481894840625 0.49553571406249997 0.49280753906249997 0.48214285781250005 0.4898313484375 0.4779265875 0.4861111109375 0.47867063437499996 0.48387896875 0.4761904765625 0.48387896875 0.4742063484375 0.4779265875 0.475446428125 0.4751984125 0.47296627031250005 0.471726190625 0.47271825468750006 0.46651785781250005 0.4751984125 0.45659722187499996 0.47321428593750003 0.4456845234375 0.47842261875 0.4392361109375 0.484126984375 0.434771825 0.4861111109375 0.4320436515625 0.4925595234375 0.43179563437499996 0.4982638890625 0.43328372968749995 0.5052083328125 0.437251984375 0.509920634375 0.4429563484375 0.5136408734375
5 0.477678571875 0.4764384921875 0.48065476250000005 0.4779265875 0.486855159375 0.4779265875 0.4923115078125 0.4791666671875 0.5052083328125 0.47222222187499996 0.513144840625 0.46155753906249997 0.5146329359374999 0.455605159375 0.513144840625 0.446924603125 0.509920634375 0.43948412656249997 0.502976190625 0.4322916671875 0.4985119046875 0.42609127031250005 0.491071428125 0.42410714218749995 0.48363095312500004 0.42559523749999995 0.4766865078125 0.4320436515625 0.47445436562500004 0.437748015625 0.47197420625 0.43973214218749995 0.4702380953125 0.444196428125 0.4677579359375 0.446924603125 0.46676587343750003 0.45114087343750003 0.46651785781250005 0.45882936562500004 0.468998015625 0.4699900796875 0.474950396875 0.47222222187499996 0.477678571875 0.4764384921875
5 0.6356646828125 0.6006944437499999 0.6386408734375 0.6021825390625 0.64012896875 0.6051587296875 0.64012896875 0.6081349203124999 0.6386408734375 0.6111111109375 0.6421130953125 0.6143353171875 0.6448412703125 0.6130952375 0.6478174609375 0.6170634921875 0.6515376984375 0.6180555562500001 0.6542658734375 0.6180555562500001 0.6607142859375 0.61532738125 0.6773313484375 0.6148313484375 0.681299603125 0.612351190625 0.6835587796875 0.6045734125 0.703869046875 0.6041666671875 0.70907738125 0.5989583328125 0.7123015875 0.5974702375 0.71279761875 0.5959821421875 0.7123015875 0.59424603125 0.709325396875 0.5917658734375 0.7070932546875001 0.5853174609375 0.702380953125 0.5801091265625 0.700148809375 0.575396825 0.6981646828125 0.5741567453124999 0.68154761875 0.5741567453124999 0.6798115078125 0.5734126984375 0.6770833328125 0.56845238125 0.6701388890625 0.56572420625 0.6641865078125 0.56572420625 0.6470734125 0.568204365625 0.6416170640625001 0.5716765875 0.63740079375 0.5768849203124999 0.6324404765625 0.5796130953125 0.6319444437499999 0.580853175 0.6314484125 0.583829365625 0.6324404765625 0.5917658734375 0.634920634375 0.5952380953125 0.6356646828125 0.6006944437499999
5 0.631200396875 0.5766369046875 0.63467261875 0.5761408734375 0.640376984375 0.571924603125 0.6510416671875 0.5669642859375 0.6540178578125 0.5674603171875 0.662450396875 0.565228175 0.674603175 0.565476190625 0.6837797625 0.5639880953125 0.6875 0.5607638890625 0.68700396875 0.556299603125 0.684027778125 0.5491071421875 0.6862599203124999 0.5456349203124999 0.6860119046875 0.5401785718750001 0.68427579375 0.5416666671875 0.6770833328125 0.5421626984375 0.6361607140625 0.55282738125 0.6331845234375 0.5558035718750001 0.6289682546875001 0.5570436515625 0.6272321421875 0.5607638890625 0.6269841265625 0.5647321421875 0.62822420625 0.5711805562500001 0.6302083328125 0.5763888890625 0.631200396875 0.5766369046875
5 0.705605159375 0.5404265875 0.7070932546875001 0.5431547625 0.7118055562500001 0.546875 0.7204861109375 0.5575396828125 0.7237103171875 0.559523809375 0.7269345234375 0.5585317453124999 0.7271825390625 0.549355159375 0.724950396875 0.5404265875 0.71924603125 0.5295138890625 0.7172619046875 0.527777778125 0.709325396875 0.525049603125 0.703125 0.5257936515625 0.690972221875 0.5290178578125 0.6857638890625 0.5329861109375 0.684771825 0.53720238125 0.6860119046875 0.5401785718750001 0.6865079359374999 0.5391865078125 0.705605159375 0.5404265875
5 0.6396329359374999 0.50595238125 0.6493055562500001 0.50322420625 0.6612103171875 0.5022321421875 0.668402778125 0.503472221875 0.6800595234375 0.50049603125 0.6808035718750001 0.4990079359375 0.6805555562500001 0.490575396875 0.6783234125 0.48214285781250005 0.6755952375 0.48090277812500004 0.668402778125 0.48115079375 0.662450396875 0.484126984375 0.659226190625 0.484126984375 0.653769840625 0.487103175 0.63740079375 0.490575396875 0.6339285718750001 0.4945436515625 0.6299603171875 0.49652777812500004 0.6287202375 0.4985119046875 0.6302083328125 0.5086805562500001 0.6331845234375 0.5089285718750001 0.6396329359374999 0.50595238125
5 0.6331845234375 0.4945436515625 0.6391369046875 0.49007936562500004 0.6426091265625 0.4893353171875 0.65674603125 0.478174603125 0.6493055562500001 0.4789186515625 0.64384920625 0.4761904765625 0.6421130953125 0.4742063484375 0.6329365078125 0.47321428593750003 0.6302083328125 0.47445436562500004 0.624255953125 0.487351190625 0.6240079359374999 0.490575396875 0.625744046875 0.49404761875 0.6272321421875 0.4950396828125 0.6331845234375 0.4945436515625
5 0.6510416671875 0.4791666671875 0.656001984375 0.478174603125 0.66592261875 0.4704861109375 0.665674603125 0.46651785781250005 0.6612103171875 0.4543650796875 0.6572420640625001 0.450148809375 0.6391369046875 0.437251984375 0.6366567453124999 0.44320436562500004 0.634424603125 0.455853175 0.6334325390625 0.46279761875 0.63467261875 0.4675099203125 0.6478174609375 0.47867063437499996 0.6510416671875 0.4791666671875
5 0.59375 0.43799603125 0.597222221875 0.43824404687499996 0.606398809375 0.43551587343750003 0.61259920625 0.43551587343750003 0.6145833328125 0.42894345312500004 0.6175595234375 0.4236111109375 0.6197916671875 0.4228670640625 0.6289682546875001 0.42410714218749995 0.6302083328125 0.4228670640625 0.6302083328125 0.41964285781250005 0.627728175 0.41617063437499996 0.6232638890625 0.4139384921875 0.6212797625 0.4114583328125 0.6163194437499999 0.409226190625 0.61532738125 0.4077380953125 0.6103670640625001 0.406498015625 0.6006944437499999 0.40625 0.5917658734375 0.412450396875 0.5892857140625 0.4154265875 0.5865575390625 0.42137896875 0.5858134921875 0.42385912656249997 0.588045634375 0.43055555625 0.5915178578125 0.43377976250000005 0.59375 0.43799603125
5 0.562748015625 0.43353174531249994 0.5674603171875 0.435019840625 0.5716765875 0.43377976250000005 0.5734126984375 0.43551587343750003 0.5741567453124999 0.4389880953125 0.577876984375 0.4449404765625 0.5803571421875 0.4454365078125 0.5823412703125 0.4429563484375 0.584325396875 0.43551587343750003 0.584325396875 0.4268353171875 0.58134920625 0.41790674531249994 0.5770089281249999 0.4140625 0.575148809375 0.4109623015625 0.57490079375 0.40699404687499996 0.5768849203124999 0.396825396875 0.5768849203124999 0.3886408734375 0.574652778125 0.3841765875 0.565476190625 0.381200396875 0.5615079359374999 0.3821924609375 0.5587797625 0.38467261875 0.55654761875 0.3883928578125 0.5545634921875 0.396329365625 0.5553075390625 0.4077380953125 0.552579365625 0.412946428125 0.543898809375 0.424603175 0.543402778125 0.42757936562500004 0.5453869046875 0.4293154765625 0.559771825 0.434523809375 0.562748015625 0.43353174531249994
5 0.5828373015625 0.3893849203125 0.6016865078125 0.3926091265625 0.609623015625 0.3955853171875 0.6180555562500001 0.39657738125 0.6304563484375 0.403273809375 0.641369046875 0.4052579359375 0.6473214281249999 0.4052579359375 0.656498015625 0.4012896828125 0.659722221875 0.39756944375000003 0.66220238125 0.3970734125 0.6629464281249999 0.3958333328125 0.6629464281249999 0.3918650796875 0.659722221875 0.390376984375 0.6577380953125 0.38715277812500004 0.6577380953125 0.380704365625 0.653769840625 0.37847222187499996 0.6473214281249999 0.3767361109375 0.640873015625 0.3769841265625 0.6359126984375 0.37599206406249996 0.6331845234375 0.3767361109375 0.6302083328125 0.3799603171875 0.6237599203124999 0.380704365625 0.6160714281249999 0.37847222187499996 0.6130952375 0.3792162703125 0.6078869046875 0.3787202375 0.6029265875 0.375744046875 0.5915178578125 0.374751984375 0.57862103125 0.37152777812500004 0.5716765875 0.37177579375 0.568204365625 0.37599206406249996 0.5701884921875 0.381200396875 0.5761408734375 0.38392857187499996 0.57762896875 0.38616071406249997 0.5828373015625 0.3893849203125
5 0.51884920625 0.39657738125 0.521825396875 0.3970734125 0.5275297625 0.3943452375 0.5290178578125 0.3923611109375 0.5297619046875 0.387896825 0.528521825 0.3829365078125 0.52157738125 0.372023809375 0.518601190625 0.3702876984375 0.51612103125 0.3673115078125 0.5101686515625 0.3665674609375 0.4918154765625 0.3767361109375 0.4898313484375 0.380704365625 0.49032738125 0.38368055624999997 0.4890873015625 0.3864087296875 0.486855159375 0.38715277812500004 0.4831349203125 0.390625 0.478174603125 0.391369046875 0.47594246093750003 0.3928571421875 0.475446428125 0.396329365625 0.48239087343750003 0.39955357187499996 0.513144840625 0.4007936515625 0.51884920625 0.39657738125
5 0.6854920640625 0.5047199906250001 0.69454141875 0.515745784375 0.705853175 0.5146148312500001 0.71688194375 0.5109397328124999 0.7253658234375 0.5038720234375 0.731304315625 0.49652157812500003 0.731304315625 0.4852130453125 0.7214067453124999 0.47220833281249996 0.7126401296875 0.46372718281249997 0.701611359375 0.4648578875 0.6654139390625 0.427540178125 0.65466790625 0.4309327875 0.648163690625 0.43686954375 0.651274553125 0.44337202343750004 0.6778568953125 0.4739047625 0.679836309375 0.48068973281250005 0.679553571875 0.494259671875 0.6854920640625 0.5047199906250001
5 0.7126401296875 0.45779017812499995 0.7194270828125 0.461748015625 0.7250828375 0.4699466765625 0.7296076390625 0.4795587796875 0.7330012406249999 0.48662673593749994 0.732435515625 0.4956733625 0.7355463796875 0.49708680625 0.7491202875 0.494259671875 0.76071478125 0.484082340625 0.7646736109375001 0.47418750000000004 0.7649565968750001 0.4699466765625 0.7629769343749999 0.465140625 0.7544933031250001 0.4586383921875 0.7434642859375 0.4490262890625 0.7341321921875 0.4507224703125 0.699914434375 0.41621552656249994 0.691148065625 0.419325396875 0.6888856640625 0.421587053125 0.690582340625 0.425278521875 0.7041564984375001 0.43375992031250005 0.7086810515625 0.4450682046875 0.711508928125 0.453832340625 0.7126401296875 0.45779017812499995
5 0.6204501484375 0.40858234062500004 0.6306307046875 0.42130431562500004 0.63543824375 0.423565971875 0.639397321875 0.42893749999999997 0.6459015375 0.436570684375 0.650143353125 0.4328955859375 0.661737846875 0.42611036718750006 0.6716354171875001 0.43091641875000003 0.6744632937499999 0.4286547625 0.67559449375 0.41027877031250004 0.6535367062499999 0.4032108140625 0.6453358140625001 0.4074516375 0.5899087296875 0.39275074375 0.5845357140624999 0.3975567953125 0.5817078375 0.40518997968750003 0.5893432546875 0.40971329375 0.6015032234375 0.40716889843750004 0.6119665171875 0.40632068437499996 0.6204501484375 0.40858234062500004
5 0.6162083328125 0.4267165171875 0.6031999015625 0.486085565625 0.5952817453125 0.48834722187499996 0.59019146875 0.49173983125 0.5842529765625 0.507571428125 0.586232390625 0.5160528281250001 0.59160540625 0.5129429562500001 0.6000892859375 0.507288690625 0.6142289187500001 0.505309771875 0.6286510421875 0.5109640375 0.6303479656250001 0.509550346875 0.630065228125 0.501069196875 0.6227125499999999 0.494566715625 0.6382661203125 0.4352157734375 0.6357209828125 0.4281299609375 0.63119618125 0.42445461250000005 0.6162083328125 0.4267165171875
5 0.63458978125 0.541230159375 0.6337413187500001 0.5296391375 0.63232738125 0.5194615578125 0.6292167656250001 0.513241815625 0.6221470734375 0.509001240625 0.6108353171875 0.505326140625 0.599806546875 0.507587796875 0.587080853125 0.5169171625 0.586232390625 0.5296391375 0.5865153765625 0.5409474203125 0.5961302078124999 0.5499942953125 0.6017859624999999 0.600033978125 0.606876240625 0.605970734375 0.6181879953125 0.60964608125 0.628368303125 0.6051227671875 0.6306307046875 0.5972068453125 0.6261061515625 0.5519732140625 0.6314791671875 0.5480153765625 0.63232738125 0.5477326390624999 0.63458978125 0.541230159375
5 0.7253658234375 0.5044697421875 0.7151852671875 0.5135166171875001 0.6985004953125 0.515212796875 0.691148065625 0.512668403125 0.6854920640625 0.5061661703125 0.6730493546874999 0.5104067453125001 0.6639999999999999 0.5030563 0.6453358140625001 0.5036217765625 0.63345858125 0.5078623515625 0.6272371031249999 0.5101240078125 0.6328931046874999 0.5211498015625 0.6351552578125 0.5316098703125001 0.63402430625 0.5457455359375001 0.6379833828125 0.5499861109374999 0.665696925 0.5440491078125 0.6820987109375001 0.5389603171874999 0.68803745 0.5287829859375 0.69765228125 0.5251076390625 0.7106607140625 0.524259425 0.71631646875 0.5248249015625001 0.7202755453125 0.527934771875 0.7335667156250001 0.5228459828124999 0.7363945937499999 0.516908978125 0.733283978125 0.5067313984374999 0.7253658234375 0.5044697421875
5 0.5487814984375 0.45404861093750004 0.5525111609375 0.44099851250000005 0.554065228125 0.436027034375 0.5456733625 0.43136631875000003 0.5344846234375 0.429501984375 0.5189441968749999 0.4484556046875 0.5211200390624999 0.4556021828125 0.51334995 0.46430208281249996 0.497809771875 0.47828422656249997 0.486620784375 0.493819940625 0.48413417656249996 0.50531646875 0.488485615625 0.510287946875 0.5018501984375 0.5137058531250001 0.5394573406250001 0.47206994062499996 0.5469166671875 0.4736235125 0.546605903125 0.4708271328125 0.5487814984375 0.45404861093750004
5 0.4711150796875 0.3967953875 0.4701626984375 0.3887028765625 0.464210565625 0.3791822921875 0.4496872515625 0.36513938437500004 0.45135391875 0.357998759375 0.4442115578125 0.34728819375 0.4370689484375 0.341337796875 0.42825967187499997 0.33919568437500003 0.41754588281249994 0.3422896828125 0.4120701890625 0.3463360609375 0.40897495 0.355856646875 0.4106416171875 0.36394915625 0.4106416171875 0.37013764843749997 0.41135590312500003 0.37180381875 0.4184982640625 0.3746599703125 0.422783978125 0.37561210312500004 0.4277837296875 0.3739459328125 0.4413544140625 0.388226934375 0.447306546875 0.397509425 0.4542110609375 0.3970334828125 0.4711150796875 0.3967953875
5 0.45278249062500003 0.3601272328125 0.46040104218750005 0.35584300625 0.46682936562500005 0.35322495 0.47516245 0.35655704374999997 0.48730481093750005 0.3503688 0.48087648749999995 0.33918204375 0.4687341265625 0.33132738125 0.45730605156250004 0.333231646875 0.43611656718749997 0.3165704359375 0.42873586250000006 0.3139521328125 0.42135540625 0.31776041718750003 0.41826016875 0.3270431546875 0.4432591765625 0.344418403125 0.44563988125 0.3487026296875 0.447068453125 0.3501307046875 0.45278249062500003 0.3601272328125
5 0.5199221234375 0.32941641875 0.5287313984375 0.3275124015625 0.5356356640625 0.3317966265625 0.538730903125 0.32727430625 0.5361118546875 0.3222760421875 0.5158747515625 0.31846775781250003 0.510398809375 0.324894096875 0.45730605156250004 0.320847965625 0.4525443953125 0.326084325 0.45730605156250004 0.3329866078125 0.46849603125000006 0.3325106640625 0.4837333828125 0.340603175 0.49825644843749994 0.3417931546875 0.5027802578125 0.340603175 0.5070657234375 0.33917509843750004 0.5199221234375 0.32941641875
5 0.5215887890625 0.37179017812500004 0.5280171124999999 0.37940649843749996 0.52896949375 0.3939255953125 0.5318263890625 0.394163690625 0.5442068453125 0.3984479171875 0.5468256453125 0.397495784375 0.5551587296875 0.38892733125 0.5570634921875001 0.38178670625 0.558015625 0.37512227187499997 0.5551587296875 0.3701240078125 0.5499208828125 0.362507440625 0.537778521875 0.35679513906250004 0.5268266374999999 0.3596512890625 0.5211125984375 0.35748338281250003 0.5101607140625 0.3641736109375 0.5115892859375 0.3660776296875 0.5215887890625 0.37179017812500004
5 0.48825694375 0.3508447421875 0.4992088296875 0.3437041171875 0.49206646875000004 0.3418000984375 0.48682862031249996 0.3427522328125 0.4834952875 0.347988590625 0.48825694375 0.3508447421875
5 0.5265885421875 0.3172844734375 0.5380166171874999 0.3194265875 0.5413497031250001 0.3294233625 0.5423020828125 0.3270431546875 0.5503970734375 0.328947171875 0.558015625 0.3318033234375 0.5618251484375001 0.3284712296875 0.562539434375 0.32037872031250003 0.56206324375 0.30538368125000004 0.544444940625 0.30466964218750003 0.5418258921875 0.31228621093750003 0.5380166171874999 0.31514236093750003 0.49182837343749997 0.3158563984375 0.48135267812500004 0.316332340625 0.482066715625 0.3232348703125 0.507780009375 0.3241870046875 0.5115892859375 0.3210927578125 0.5153985609375 0.316332340625 0.5265885421875 0.3172844734375