5 0.77386631875 0.8606661703125 0.5381932046875 0.7223229171875001 0.535132440625 0.8184285718750001 0.7671326890625 0.999751984375 0.8742569437500001 0.9990091765625 0.874751984375 0.9120858140625 0.77386631875 0.8606661703125
5 0.3230213296875 0.60758358125 0.43435863125 0.6906889875 0.43833506875 0.66166170625 0.33017881875 0.5988355656250001 0.3230213296875 0.60758358125
5 0.4387326390625 0.6465515875000001 0.3623869046875 0.60599305625 0.3492651296875 0.6091741078124999 0.4351540171875 0.6596733625 0.4387326390625 0.6465515875000001
5 0.333757440625 0.5996309531249999 0.3456865078125 0.6091741078124999 0.360398809375 0.6048000984375 0.362784721875 0.5944615578125 0.3194427078125 0.584918403125 0.3242142859375 0.5908829359375 0.3230213296875 0.6008236609375001 0.333757440625 0.5996309531249999
5 0.2679915671875 0.60920386875 0.26277827343750004 0.6218645828125 0.3804486609375 0.7488442453124999 0.3968330859375 0.7458650796875 0.3998120046875 0.7119791671875 0.3227306546875 0.6486755953125 0.3175173609375 0.6505374500000001 0.2679915671875 0.60920386875
5 0.23896031718750002 0.5246202875 0.2333127484375 0.5242170140625 0.233514384375 0.5381341765625 0.264576140625 0.556085565625 0.26881175625 0.5460004953125 0.27103050624999997 0.5409580859374999 0.23896031718750002 0.5246202875
5 0.3065295140625 0.55790079375 0.2897884421875 0.5500344734375 0.283132440625 0.566573909375 0.30572271875 0.5788774796875 0.3065295140625 0.55790079375
4 0.556299603125 0.599454365625 0.559771825 0.6011904765625 0.5674603171875 0.6021825390625 0.5714285718750001 0.6046626984375 0.5835813484375 0.60887896875 0.5883556546875 0.609375 0.609126984375 0.6158234125 0.6140873015625 0.6163194437499999 0.618799603125 0.6195436515625 0.6331845234375 0.624751984375 0.650049603125 0.627728175 0.6542658734375 0.6304563484375 0.6676587296875 0.6339285718750001 0.6768353171875 0.637648809375 0.72197420625 0.6498015875 0.7237103171875 0.6512896828125 0.7299107140625 0.653273809375 0.8415178578125 0.6865079359374999 0.8571428578125 0.6889880953125 0.8705357140625001 0.6939484125 0.874751984375 0.6912202375 0.874751984375 0.5486111109375 0.8732638890625 0.5456349203124999 0.8732638890625 0.5429067453124999 0.874751984375 0.5399305562500001 0.874751984375 0.49925595312500004 0.8732638890625 0.49636235156249997 0.8732638890625 0.4950396828125 0.874751984375 0.4947916671875 0.874751984375 0.48115079375 0.8735119046875001 0.48115079375 0.8707837296875001 0.47842261875 0.71279761875 0.4779265875 0.7046130953125 0.4769345234375 0.6507936515625 0.4764384921875 0.577380953125 0.4764384921875 0.562251984375 0.47743055625 0.559523809375 0.47842261875 0.5602678578125 0.48363095312500004 0.5585317453124999 0.490575396875 0.55282738125 0.55654761875 0.550347221875 0.5731646828125 0.549851190625 0.5947420640625001 0.5513392859375 0.596478175 0.5543154765625 0.597222221875 0.556299603125 0.599454365625
4 0.58407738125 0.362103175 0.5979662703125 0.360119046875 0.6299603171875 0.3519345234375 0.6679067453124999 0.343998015625 0.6949404765625 0.3365575390625 0.7614087296875 0.32217261875 0.7822420640625001 0.3164682546875 0.8179563484375001 0.30902777812500004 0.849454365625 0.3008432546875 0.8529265875 0.3015873015625 0.8583829359375 0.30009920625 0.8616071421875 0.2981150796875 0.865079365625 0.2991071421875 0.8700396828124999 0.29737103125000003 0.872023809375 0.2948908734375 0.8730158734375 0.2859623015625 0.874751984375 0.2824900796875 0.874751984375 0.14087301562500001 0.8727678578125 0.13814484062500001 0.8732638890625 0.1111111109375 0.8707837296875001 0.10019841249999999 0.8675595234375001 0.10094246093749999 0.8645833328125001 0.103174603125 0.862103175 0.1083829359375 0.858630953125 0.10540674531250001 0.84970238125 0.10987103125 0.84424603125 0.11061507968749999 0.8115079359375 0.12549603125 0.8058035718750001 0.1269841265625 0.80282738125 0.1292162703125 0.79737103125 0.1304563484375 0.77802579375 0.14037698437499999 0.77157738125 0.1418650796875 0.7676091265625 0.1448412703125 0.7586805562500001 0.1483134921875 0.7512400796875001 0.153273809375 0.7380952375 0.1574900796875 0.6741071421875 0.18923611093749998 0.6495535718750001 0.202876984375 0.6297123015625 0.212549603125 0.625744046875 0.215773809375 0.599950396875 0.22842261874999997 0.593501984375 0.2331349203125 0.5870535718750001 0.2356150796875 0.580605159375 0.2398313484375 0.57862103125 0.2435515875 0.577380953125 0.2512400796875 0.5758928578125 0.28125 0.5711805562500001 0.33779761875 0.5704365078125 0.36036706406249996 0.5716765875 0.3643353171875 0.57490079375 0.365079365625 0.58407738125 0.362103175
4 0.31299603125000003 0.5290178578125 0.31944444375000003 0.53125 0.325148809375 0.53174603125 0.37177579375 0.546875 0.40401785781250005 0.5550595234375 0.408730159375 0.5570436515625 0.4136904765625 0.5575396828125 0.424851190625 0.561755953125 0.43427579375 0.563244046875 0.4424603171875 0.565972221875 0.44345238125 0.564980159375 0.4466765875 0.5364583328125 0.44990079375 0.49156746093750003 0.450148809375 0.477678571875 0.4484126984375 0.4751984125 0.3318452375 0.47321428593750003 0.32490079375 0.4742063484375 0.3226686515625 0.4734623015625 0.31944444375000003 0.47743055625 0.3075396828125 0.50967261875 0.306795634375 0.5146329359374999 0.3040674609375 0.52157738125 0.30654761875 0.52529761875 0.31299603125000003 0.5290178578125
4 0.45758928593750003 0.37822420625 0.4580853171875 0.35243055624999997 0.4613095234375 0.3107638890625 0.46031746093750003 0.299851190625 0.4484126984375 0.3045634921875 0.4362599203125 0.3107638890625 0.43055555625 0.3125 0.3762400796875 0.33779761875 0.3695436515625 0.349950396875 0.365079365625 0.3613591265625 0.361855159375 0.3735119046875 0.35342261875 0.3921130953125 0.349950396875 0.40426587343750003 0.34697420625 0.4079861109375 0.3452380953125 0.41220238125 0.344494046875 0.41592261875 0.346230159375 0.41790674531249994 0.4546130953125 0.39384920625 0.45758928593750003 0.37822420625
4 0.4010416671875 0.28174603125000003 0.41592261875 0.2738095234375 0.41989087343750003 0.2703373015625 0.466021825 0.24131944375 0.46825396875 0.22470238125000003 0.46825396875 0.2145337296875 0.4699900796875 0.1984126984375 0.4702380953125 0.1852678578125 0.46924603125 0.1832837296875 0.466269840625 0.18402777812499999 0.4613095234375 0.18725198437499999 0.4387400796875 0.203125 0.4231150796875 0.21602182499999997 0.41617063437499996 0.22916666718749998 0.4114583328125 0.2420634921875 0.41046627031250005 0.2477678578125 0.4072420640625 0.2517361109375 0.4052579359375 0.256200396875 0.3953373015625 0.2832341265625 0.396329365625 0.284226190625 0.39930555624999997 0.283978175 0.4010416671875 0.28174603125000003
4 0.7145337296875 0 0.6917162703125 0.015376984375 0.6897321421875 0.018105159375 0.6820436515625 0.0233134921875 0.6783234125 0.0272817453125 0.674355159375 0.028273809374999997 0.6701388890625 0.0334821421875 0.659226190625 0.04365079375 0.65575396875 0.0451388890625 0.6545138890625 0.0478670640625 0.6455853171875 0.05208333281250001 0.6421130953125 0.051091270312500006 0.6235119046875 0.0739087296875 0.6200396828125 0.0766369046875 0.6185515875 0.080853175 0.6106150796875001 0.0853174609375 0.6049107140625 0.090773809375 0.5984623015625 0.099454365625 0.59697420625 0.10292658750000001 0.584325396875 0.1522817453125 0.581101190625 0.1609623015625 0.581101190625 0.166170634375 0.5833333328125 0.168898809375 0.5979662703125 0.1599702375 0.5989583328125 0.1584821421875 0.6039186515625 0.15724206406250002 0.6331845234375 0.14012896875 0.6356646828125 0.137648809375 0.6510416671875 0.1287202375 0.653769840625 0.12574404687500002 0.6572420640625001 0.125 0.6773313484375 0.112103175 0.6981646828125 0.10069444375 0.7070932546875001 0.09474206406249999 0.7390873015625 0.07762896875 0.7552083328125 0.0674603171875 0.763144840625 0.06423611093750001 0.8271329359375 0.0292658734375 0.8521825390625001 0.0168650796875 0.8573908734375 0.015376984375 0.861855159375 0.0109126984375 0.8675595234375001 0.00868055625 0.8705357140625001 0.008928571875000001 0.8732638890625 0.0039682546875000006 0.874751984375 0.0037202375 0.874751984375 0 0.7145337296875 0
4 0.2967068453125 0.6775788687500001 0.25729885937499997 0.6349536203125 0.24523511875 0.6703405265625 0.4177462796875 0.9200595234375 0.42458234062500005 0.8175178578125 0.30072817500000004 0.682404265625 0.2967068453125 0.6775788687500001
4 0.63257266875 0.7278747515624999 0.6939985125 0.75928050625 0.717091021875 0.7542001484374999 0.7286374015625 0.774521578125 0.874751984375 0.8442609125 0.874751984375 0.7163286203125 0.63811483125 0.639199653125 0.63257266875 0.7278747515624999
4 0.3153536703125 0.6472564484375 0.3236416171875 0.5908452375000001 0.283004215625 0.5667837296875 0.2677653765625 0.6058169640625 0.3153536703125 0.6472564484375
4 0.4345922625 0.6921713796875 0.324978421875 0.6165109125 0.3201661703125 0.6459196421875 0.43058209375 0.7357495046875 0.4345922625 0.6921713796875