1 0.48838963281250003 0.3841235125 0.49890079375 0.382689484375 0.51371180625 0.391771578125 0.5347338796875001 0.38985962343749997 0.5686560015625 0.382689484375 0.5901557546875 0.3669154265625 0.5853782234375 0.3592673609375 0.5829893359375 0.31242261875 0.57582266875 0.296170634375 0.56101165625 0.295214534375 0.532344990625 0.2827864578125 0.5270895343750001 0.2674900796875 0.5132341265625 0.257930059375 0.47548983125 0.2507599203125 0.45398983125000003 0.2474139390625 0.42866790625 0.2751381453125 0.4243678078125 0.27752827343750003 0.423412203125 0.286132440625 0.444912203125 0.357355159375 0.4602008921875 0.3793435015625 0.465456596875 0.3975076890625 0.48838963281250003 0.3841235125
1 0.4229345234375 0.2751381453125 0.45398983125000003 0.24502380937499998 0.483612103125 0.25028199375 0.49937847187499995 0.251716021875 0.49412301562499994 0.2335518359375 0.4750119046875 0.21873363124999998 0.46211210312500006 0.2129975203125 0.4506453375 0.2101294640625 0.41529017812499996 0.2129975203125 0.40095684531250003 0.22303571406249997 0.3942678578125 0.241677828125 0.3942678578125 0.2612760421875 0.3942678578125 0.296170634375 0.393790178125 0.29999454375 0.41576785781250003 0.2722703375 0.4229345234375 0.2751381453125
1 0.45303422656250003 0.4297653765625 0.45207886875 0.4436274796875 0.45207886875 0.4541436015625 0.4984228671875 0.4732638890625 0.49555629999999995 0.4823459828125 0.474056546875 0.4909501484375 0.4630677078125 0.4976421125 0.45828993125000006 0.5038561515625 0.4645009921875 0.524410465625 0.482178571875 0.540184771875 0.5041562500000001 0.5444868546875 0.5084563484375 0.542574653125 0.5012896828125 0.5186743546875 0.5041562500000001 0.48903819375 0.5070228171875 0.48378000937500004 0.5113229171875 0.5115044640625 0.5156227671875 0.5287125500000001 0.521834078125 0.5358826890625 0.52422271875 0.533970734375 0.53521180625 0.517240328125 0.5452450390625 0.518196428125 0.6049670140625001 0.5124603171875 0.6049670140625001 0.518196428125 0.6341111109375 0.5110262890625 0.6637331343749999 0.4842579359375 0.6689888390625 0.4546217765625 0.6622998515625 0.4168591265625 0.65465550625 0.3967829859375 0.6202557046875 0.364278521875 0.5954114578125 0.3623665671875 0.57773363125 0.37049255937500003 0.5748670640625 0.38196478125 0.5285228171874999 0.3877008921875 0.5208784718749999 0.3900907734375 0.5098896328125 0.392480903125 0.483612103125 0.38483283749999997 0.4645009921875 0.38961284687500003 0.45590104218749994 0.4173373015625 0.45303422656250003 0.4297653765625
1 0.58442261875 0.5918092765625 0.6369779265625 0.5602609125 0.59923363125 0.543052828125 0.572478175 0.527278521875 0.54572271875 0.5191525296874999 0.535689484375 0.5167624015625 0.5213561515625 0.5435307546875 0.52497891875 0.548658234375 0.5452450390625 0.5731671625 0.5648338296875 0.5817713296875 0.5791669140625 0.5922874499999999 0.58442261875 0.5918092765625
1 0.6001892359375 0.5344486609375 0.602578125 0.5416188 0.630766865625 0.5602609125 0.629811259375 0.552612846875 0.623122271875 0.539706596875 0.6150002484375 0.5201083828125 0.5939781749999999 0.511982390625 0.589200396875 0.511982390625 0.5978003468749999 0.51963045625 0.6001892359375 0.5344486609375
1 0.448734375 0.5540468749999999 0.44538988125 0.5640850687500001 0.447301090625 0.5860731640625 0.4511232640625 0.599935515625 0.46354538749999996 0.587029265625 0.483612103125 0.5812931546875 0.47071205312500003 0.5965892859374999 0.4563787203125 0.6118856640625 0.4549454359375 0.615231646875 0.46784548593749997 0.6376979171875 0.47357862031250003 0.6429558531249999 0.4797896828125 0.6376979171875 0.4960342265625 0.6104516375 0.5108452375 0.5860731640625 0.5180119046875 0.56982118125 0.5194451890625 0.5597829859375001 0.5151450890625 0.53875074375 0.5108452375 0.5468767359375 0.48838963281250003 0.549266865625 0.46641195468749996 0.524888640625 0.4578120046875 0.5349265875 0.448734375 0.5540468749999999
1 0.5734337796875 0.5970674609375 0.5447671125 0.58224925625 0.530434028125 0.5731671625 0.5280451390625001 0.5645629953125 0.47740079375000005 0.6463020828125 0.4630677078125 0.6534719734375 0.45685664687500005 0.6644662703125 0.5734337796875 0.5970674609375
1 0.43631225156250003 0.8167033734375 0.4616341765625 0.8214833828125 0.4711897328125 0.8233953375 0.49890079375 0.8052311515625 0.49460069375 0.7679466765625 0.4807452875 0.7383102671875 0.45685664687500005 0.715366071875 0.4191123515625 0.7072400796875 0.36703472187499997 0.7120200890625 0.32212375937500004 0.7646006937500001 0.3407571921875 0.7994950390625 0.35079042656250004 0.8190932546875 0.3574791671875 0.8386914687499999 0.3589126984375 0.8425156250000001 0.36369022812499996 0.8477735609374999 0.38996800625 0.8482517359375 0.40716790625000004 0.834867559375 0.4229345234375 0.8181374015625 0.43631225156250003 0.8167033734375
1 0.33645709375 0.8133571421875001 0.32164608125 0.7822869546875 0.3173462296875 0.7746388890625 0.304923859375 0.7908908734375 0.3015796125 0.800451140625 0.30683506875 0.8162251984375001 0.311612846875 0.8296093750000001 0.3154350203125 0.8477735609374999 0.32929042656249996 0.8711959328125 0.341712796875 0.8721520343750001 0.34457936562499997 0.8616359125 0.3522237109375 0.8492075890624999 0.3455349703125 0.8334335312500001 0.34314608125 0.8238732640625 0.33645709375 0.8133571421875001
1 0.38515277812500004 0.28593055624999997 0.38850942499999996 0.279549603125 0.3928732640625 0.255369046875 0.38582415625 0.2543616078125 0.362662203125 0.24831646875 0.366690228125 0.24327877031249998 0.3532631453125 0.23152430625 0.3334580859375 0.2238000984375 0.2955265375 0.21607564531249998 0.28411334374999997 0.23152430625 0.291834078125 0.2506671625 0.27471453437500004 0.2879454359375 0.35527728125 0.2963415171875 0.35930555625 0.2808928578125 0.38515277812500004 0.28593055624999997
1 0.2884771828125 0.24596552656249998 0.280756696875 0.23253174531249998 0.292841021875 0.214732390625 0.30458978124999997 0.21372470312499997 0.3361436015625 0.22144915625 0.3535989578125 0.21372470312499997 0.3623266375 0.2060004953125 0.351584821875 0.181819940625 0.3472209828125 0.186521578125 0.3381577375 0.1918950890625 0.3398360609375 0.1841708828125 0.3441999015625 0.1740954859375 0.33849330312500003 0.168386409375 0.3200310015625 0.1475642359375 0.2955265375 0.1324513890625 0.256587796875 0.12741369062500002 0.24651736093749999 0.144205853125 0.250545634375 0.16670709374999998 0.223019840625 0.20801562499999998 0.21462797656250002 0.206336309375 0.2069072421875 0.21641145781249999 0.2055647328125 0.225143353125 0.2126138390625 0.24193551562499999 0.22771949375 0.260742559375 0.24987425624999998 0.2785419140625 0.2673296125 0.287273809375 0.2763928578125 0.27652703437500004 0.281428075 0.26175000000000004 0.2884771828125 0.24596552656249998
1 0.3619908234375 0.2358903765625 0.3683688 0.24327877031249998 0.39220188437500003 0.2399203875 0.3935446421875 0.23488268906249998 0.4096572421875 0.219434028125 0.42744816406249997 0.20264211250000003 0.428790921875 0.1969327875 0.4247626484375 0.181819940625 0.39555877968750003 0.16704290625 0.39030704374999997 0.1694295640625 0.3650119046875 0.203649553125 0.3566200390625 0.21573983124999999 0.3452068453125 0.225143353125 0.3619908234375 0.2358903765625
1 0.15585788750000001 0.31856870000000004 0.16613988125 0.3363998015625 0.178821428125 0.36108878906249997 0.189103421875 0.3717189984375 0.1771076390625 0.294565228125 0.1743658234375 0.2942224703125 0.1657971234375 0.3027951390625 0.15585788750000001 0.31856870000000004
1 0.1651118546875 0.139837796875 0.149345734375 0.14532440468750002 0.125 0.14601016875 0.1250111609375 0.1621267359375 0.14112003906249998 0.173099703125 0.163398065625 0.16692733125 0.190131696875 0.14429563437499998 0.191502728125 0.12783630937499998 0.1695674609375 0.0746860125 0.125 0.064741815625 0.1250111609375 0.11789186562500001 0.14763194375 0.1120625 0.1603134921875 0.118920634375 0.1675109125 0.1302366078125 0.1651118546875 0.139837796875
1 0.14593824375 0.279558284375 0.16126339218750002 0.272987103125 0.17571279687500002 0.26466393906249996 0.187097221875 0.253712053125 0.18797296562500002 0.24144593281249999 0.1849079859375 0.234875 0.16402505 0.2288881453125 0.16126339218750002 0.2335607640625 0.1538196921875 0.24845510937499998 0.14593824375 0.279558284375