3 0.8084370046875 0.58271800625 0.8366728671875 0.574013640625 0.8604588296875001 0.5619126984375 0.87723040625 0.5506607140625001 0.9001589781250001 0.5341014390625001 0.9235119046875001 0.507988590625 0.941344990625 0.4857013890625 0.953021578125 0.46171155781250006 0.9623625984374999 0.42943774843750004 0.9651225203125 0.4037495046875 0.9610887890625 0.38060863125 0.9559935515625 0.35576959375 0.9451664187500001 0.3336904765625 0.9218134921875001 0.3385734125 0.9286071421875001 0.336450396875 0.9441049109374999 0.330505953125 0.9063154765625001 0.33326587343749997 0.8912423109375001 0.33093055625 0.8893315968750001 0.318405009375 0.8689508921875 0.3075776296875 0.8683139875 0.28146478125 0.8753196921875 0.258748759375 0.8823256453124999 0.24282638906249998 0.8683139875 0.2366696421875 0.8852978671875 0.20185243125 0.87064930625 0.1761641859375 0.870224703125 0.1835947421875 0.8477209828125 0.2307251984375 0.8415642359375 0.2303005953125 0.8196974203125 0.22775297656250001 0.7991041671875 0.2281775796875 0.7772373515625 0.23114980156249998 0.749426090625 0.2375188484375 0.7347775296875 0.24410019843750003 0.7260731640625 0.24707217187500002 0.7214025296875 0.2886830359375 0.7296822921875 0.3048177078125 0.747303075 0.2978120046875 0.7621641859375 0.2922921625 0.7878524312499999 0.289319940625 0.8003779765625 0.2908060515625 0.81438988125 0.29250446406249997 0.8422011406250001 0.3043931046875 0.856212796875 0.31798040625 0.87064930625 0.3434563484375 0.8721354171875 0.36914459375 0.8681016859374999 0.39058680625000003 0.8581235125 0.41627505 0.8485701890625 0.4320022328125 0.8311614578125001 0.45365674531250005 0.810568453125 0.4721267359375 0.7908246531249999 0.4863338296875 0.7766004468750001 0.49333978125 0.75813045625 0.5007703375 0.7385989578125 0.506290178125 0.7224556046874999 0.5084131937499999 0.7534513890625 0.5585158734375 0.772558284375 0.589936259375 0.78550868125 0.5876009421874999 0.8084370046875 0.58271800625
3 0.8589603171875 0.1533834328125 0.802434028125 0.15554836249999998 0.79978819375 0.1565104171875 0.7966612109375 0.15771304531250002 0.7920910218749999 0.1630049609375 0.7911287203125 0.1723859125 0.7973826890625 0.1771966765625 0.8695441468749999 0.1771966765625 0.8676197921875 0.1697400796875 0.8620873015624999 0.1603591265625 0.8589603171875 0.1533834328125
3 0.876560515625 0.2387802578125 0.8819580859375 0.24029141874999999 0.8936165671875 0.2165421625 0.8864918156250001 0.20423586249999998 0.867492559375 0.23575744062499998 0.876560515625 0.2387802578125
3 0.6467142859375 0.518197171875 0.6309161703124999 0.48910863125 0.620383928125 0.47305977187500003 0.6108549109375 0.4657876984375 0.60583978125 0.45901711250000005 0.6146165671875 0.43770213281250003 0.581515625 0.44848487031250006 0.5797604171875 0.45500471249999996 0.58327108125 0.4738120046875 0.587533978125 0.4886071421875 0.59355233125 0.5031515375 0.60383358125 0.5161912203125001 0.6171240078125 0.5302338796875 0.6281577375 0.5410166171874999 0.6414481640624999 0.5490411703125 0.6557415671875 0.5543072921875 0.6655213296875 0.55781795625 0.6697844734375 0.574368303125 0.6286592265625 0.6541111109375 0.6191302078125 0.6636401296875001 0.61411483125 0.6631386406249999 0.5559377484375 0.6277810015624999 0.5519255953125 0.629034721875 0.5459072421875 0.6317931546875 0.543148809375 0.638814484375 0.5441517859375 0.6425758921875 0.7114161703125 0.7526612109374999 0.7186882437500001 0.7536641859375 0.725459078125 0.750655009375 0.7297219734375 0.7406245046875 0.726462053125 0.7315969734375 0.7124191468750001 0.7238234125 0.649477678125 0.683951884375 0.6908536703125 0.6034568453125 0.6810687 0.5851510421875 0.6592524796875 0.5432735609375 0.6467142859375 0.518197171875
3 0.346469990625 0.77505381875 0.344846478125 0.7783005953125001 0.34295238125 0.78154761875 0.3046661703125 0.77018353125 0.297225446875 0.7689657734375 0.2920845734375 0.7718067953125 0.28748487031250003 0.775730159375 0.285996528125 0.7797889390625 0.28572594218749997 0.7856061515625 0.2904610609375 0.7907470234375 0.30006646875 0.7934528765625 0.41790674531249994 0.8266088796875 0.42994742031250005 0.827420634375 0.43522346250000005 0.82241493125 0.4369821421875 0.8161919640624999 0.4364412203125 0.80848040625 0.4313000984375 0.8033395343749999 0.4164186515625 0.7991455859375 0.37190922656250003 0.7885932546875 0.37434449375 0.783722965625 0.370691715625 0.7793938484375 0.3919317953125 0.685629215625 0.3973432546875 0.6792705859375 0.4026192953125 0.6761589781249999 0.42371875000000003 0.6738591265625 0.44238839218750003 0.6661478171875 0.457134671875 0.6578953375000001 0.47310391875 0.645857390625 0.4871736109375 0.631381696875 0.5084136906250001 0.6052686015625001 0.5242395828124999 0.5753702875 0.5311393843750001 0.5607591765625 0.5381741078125 0.532484375 0.5410151296875 0.5153028281250001 0.5420974703125 0.49528025781249996 0.5392564484375 0.469846478125 0.5297864578125 0.442383184375 0.522345734375 0.43291319375 0.51314608125 0.424525296875 0.5023231640625 0.4168139875 0.5084109625 0.4365657234375 0.5097638890625 0.44847098281250003 0.51152256875 0.4607822421875 0.5101698906250001 0.48783953437500005 0.5031349203125 0.519361359375 0.4975880453125 0.53748983125 0.4860887890625 0.5654942953125001 0.4768891375 0.5832170140625 0.46593105156250003 0.6006688984374999 0.4519962796875 0.6182562 0.4281860125 0.6434196421875 0.41709226250000003 0.6514015375 0.3993697921875 0.6622244546875 0.38286483125 0.669259425 0.3682537203125 0.672912203125 0.3669528765625 0.6739652781250001 0.37055704375 0.678019840625 0.370106646875 0.682525296875 0.349716765625 0.7718067953125 0.346469990625 0.77505381875
3 0.42289186562500003 0.7999060015625 0.43054117031250005 0.802501240625 0.435594990625 0.8075553078125 0.43709771875000003 0.8132921625 0.43641468281250007 0.8195753968749999 0.47534375000000006 0.8310493546875 0.48367584375000006 0.8337810015624999 0.490915178125 0.8333712796875 0.49501314531249996 0.8307760421875001 0.49678869062500003 0.82340005 0.496925346875 0.8179362593749999 0.49473983125 0.8142482640625 0.49105183593749996 0.8112433031249999 0.485724703125 0.8102872031249999 0.43641468281250007 0.7970376984375 0.435731646875 0.7926666671875 0.4327266859375 0.7878859125 0.44911780781250005 0.7021054062500001 0.45403521874999997 0.7014223703125 0.45744990156250004 0.6978710312499999 0.45908903749999996 0.695002728125 0.4631870046875 0.6944563484375 0.47793898749999997 0.69363665625 0.4952862109375 0.6904950390625 0.5103115078125 0.68421180625 0.52014608125 0.6780649796875 0.5292978671874999 0.6716453375 0.53640079375 0.665225446875 0.5437767859375 0.6586688984375 0.5497869546875 0.6525220734375 0.552928571875 0.6484243546874999 0.547055059375 0.644736359375 0.5414546125 0.6400922625 0.5441865078125 0.6336723703125 0.54910391875 0.6295746531249999 0.5551140875 0.6268427578125 0.5661780750000001 0.632169890625 0.574237103125 0.6209692453125 0.5788812 0.6122271828125 0.5870766374999999 0.590508928125 0.5926770828125 0.57316170625 0.595272321875 0.5589561015625 0.5965017359375 0.54775545625 0.5963650796875 0.52221255 0.59499925625 0.5159290671875 0.592813740625 0.5028162203125001 0.58734995 0.4906594734375 0.580930059375 0.47590749062500004 0.570822171875 0.4663459828125 0.5607142859375001 0.45541840312500004 0.5649486609375 0.4678484625 0.570822171875 0.48683482187499993 0.5713685515625 0.503089534375 0.5713685515625 0.52467113125 0.5678172125 0.540379215625 0.564265625 0.5573169640625 0.5440498515625001 0.608402778125 0.5245171125 0.636404265625 0.507169890625 0.6562130453125 0.4956959328125 0.6668645828125 0.47097271875 0.682162946875 0.45021056562500006 0.6900853171875 0.4275362109375 0.69268055625 0.43095089218749993 0.6974613093750001 0.412920634375 0.7832418156250001 0.411964534375 0.783924603125 0.40813988125 0.7863834328125 0.40636408749999997 0.789798115625 0.3754942953125 0.7821490578125 0.37630828437499997 0.7844709828124999 0.3756252484375 0.7885689484375 0.42289186562500003 0.7999060015625
3 0.54892881875 0.338335565625 0.54749305625 0.33361755937500004 0.460107390625 0.35761780781249997 0.4584665171875 0.369105159375 0.464415178125 0.3742333828125 0.5005181046875 0.364387153125 0.5015438984375 0.3664384921875 0.4933385421875 0.40110540625 0.498056546875 0.40684920625 0.5050310015624999 0.40684920625 0.50913368125 0.40684920625 0.5185696921875 0.3647973703125 0.5247234625 0.3588487109375 0.552005953125 0.350643353125 0.54892881875 0.338335565625
3 0.5140567953125 0.304694196875 0.5280057046875 0.29895064531250004 0.5304672625 0.29689930625 0.53231324375 0.2882837296875 0.530262153125 0.28356572343750003 0.520826140625 0.28171949375 0.4024657734375 0.3280791171875 0.3987735609375 0.3323869046875 0.40061954375 0.338540675 0.405132440625 0.3436688984375 0.41579935468749996 0.34243824375 0.44472271875 0.3282842265625 0.44759449375000004 0.32889955312499997 0.440209821875 0.362951140625 0.45313293593750004 0.3664384921875 0.4584665171875 0.3674640375 0.464415178125 0.33382266875 0.46872296562500004 0.32992534687499997 0.46872296562500004 0.3204893359375 0.5140567953125 0.304694196875
0 0.10207738125000002 0.7863360609375001 0.10689236093750001 0.78922495 0.1480602671875 0.7377048609375 0.18417261875 0.5434208828125 0.17911681562499998 0.5458283734375 0.16780158750000002 0.55642113125 0.10207738125000002 0.7863360609375001
0 0.0151287203125 0.38155853125 0.036561259375 0.401099703125 0.068079365625 0.39479613125 0.030887896874999998 0.3643283734375 0.0151287203125 0.38155853125
0 0.12229067499999999 0.44270386874999995 0.1143060515625 0.4361899796875 0.08068675625 0.43976215312500005 0.11010367031249998 0.4662373515625 0.115356646875 0.45426041718750004 0.12018948437500002 0.44690624999999995 0.12229067499999999 0.44270386874999995
0 0.47743055625 0.1351686515625 0.477678571875 0.1359126984375 0.44940476250000005 0.153273809375 0.4451884921875 0.1547619046875 0.43402777812500004 0.16468253906250002 0.42881944375 0.1666666671875 0.422123015625 0.17113095312499998 0.418898809375 0.1758432546875 0.4126984125 0.178075396875 0.40674603125 0.1820436515625 0.40426587343750003 0.18725198437499999 0.3948412703125 0.190476190625 0.3926091265625 0.1927083328125 0.3886408734375 0.194196428125 0.38095238125 0.19965277812499999 0.3730158734375 0.20238095312499998 0.37053571406249997 0.206101190625 0.356398809375 0.2142857140625 0.35615079375 0.2175099203125 0.3573908734375 0.2202380953125 0.3608630953125 0.21924603125000003 0.365079365625 0.22048611093749998 0.3732638890625 0.22073412656250002 0.3767361109375 0.22371031718749998 0.396329365625 0.2232142859375 0.40029761875 0.2301587296875 0.40699404687499996 0.23263888906250002 0.4074900796875 0.234623015625 0.4136904765625 0.240575396875 0.41989087343750003 0.24330357187499999 0.421875 0.246527778125 0.428571428125 0.24925595312499998 0.43353174531249994 0.2554563484375 0.43799603125 0.2571924609375 0.4392361109375 0.2616567453125 0.43948412656249997 0.2698412703125 0.44171627031250005 0.2720734125 0.4427083328125 0.27529761875 0.4422123015625 0.278769840625 0.44593253906249997 0.2884424609375 0.46651785781250005 0.2894345234375 0.48015872968749995 0.281994046875 0.48660714218749995 0.28174603125000003 0.54737103125 0.2554563484375 0.5615079359374999 0.24801587343749998 0.5669642859375 0.246527778125 0.5853174609375 0.23759920625 0.5882936515625 0.23487103125000003 0.5868055562500001 0.23189484062500001 0.5915178578125 0.2289186515625 0.5915178578125 0.22619047656250002 0.593501984375 0.22395833281250002 0.5952380953125 0.21800595312499998 0.60342261875 0.2110615078125 0.6049107140625 0.20833333281250002 0.6056547625 0.20262896874999997 0.609375 0.19965277812499999 0.610119046875 0.1966765875 0.6170634921875 0.190476190625 0.6185515875 0.18650793593749998 0.6232638890625 0.1820436515625 0.6232638890625 0.180803571875 0.655505953125 0.1644345234375 0.6579861109375 0.1654265875 0.661954365625 0.1644345234375 0.6614583328125 0.1626984125 0.666170634375 0.1604662703125 0.6681547625 0.1584821421875 0.669394840625 0.15277777812499999 0.6733630953125 0.149553571875 0.6755952375 0.149553571875 0.681795634375 0.15277777812499999 0.68427579375 0.1470734125 0.684027778125 0.14161706406250002 0.6862599203124999 0.13740079375 0.699652778125 0.1364087296875 0.70262896875 0.134920634375 0.6991567453124999 0.13219246093749998 0.6939484125 0.130704365625 0.6892361109375 0.127728175 0.6783234125 0.127728175 0.674851190625 0.1264880953125 0.674603175 0.125 0.4947916671875 0.125 0.48784722187499996 0.1304563484375 0.47743055625 0.1351686515625
0 0.6949404765625 0.130704365625 0.702380953125 0.13368055625 0.7053571421875 0.1470734125 0.70634920625 0.1483134921875 0.7177579359374999 0.1520337296875 0.719494046875 0.15947420625 0.7237103171875 0.1679067453125 0.724454365625 0.1741071421875 0.72842261875 0.1760912703125 0.755704365625 0.1654265875 0.7832341265625 0.1525297625 0.81572420625 0.13888888906250002 0.8325892859374999 0.1304563484375 0.8368055562500001 0.1292162703125 0.840773809375 0.1262400796875 0.840773809375 0.125 0.69717261875 0.125 0.6941964281249999 0.1287202375 0.6949404765625 0.130704365625
0 0.3102678578125 0.2609126984375 0.3102678578125 0.2638888890625 0.3174603171875 0.268105159375 0.3201884921875 0.2708333328125 0.32217261875 0.27529761875 0.3328373015625 0.28472222187499996 0.333829365625 0.287450396875 0.32911706406249996 0.290674603125 0.327380953125 0.294146825 0.31845238125 0.29637896874999997 0.31150793593750004 0.3008432546875 0.297123015625 0.3020833328125 0.29637896874999997 0.306299603125 0.293898809375 0.30803571406249997 0.296130953125 0.3102678578125 0.2953869046875 0.31200396874999997 0.29092261875 0.3112599203125 0.2896825390625 0.3137400796875 0.2896825390625 0.3172123015625 0.29092261875 0.3189484125 0.2946428578125 0.3204365078125 0.3125 0.3328373015625 0.3144841265625 0.3365575390625 0.32217261875 0.34375 0.330605159375 0.3477182546875 0.3397817453125 0.3479662703125 0.3459821421875 0.344494046875 0.36259920625 0.3382936515625 0.390873015625 0.3258928578125 0.40947420625 0.3167162703125 0.41468253906249997 0.31299603125000003 0.42237103125 0.3110119046875 0.428075396875 0.306795634375 0.43526785781250005 0.3053075390625 0.43665699375000006 0.295962053125 0.43728968281249997 0.285840278125 0.43526785781250005 0.2775297625 0.4298115078125 0.2698412703125 0.43030753906249997 0.2671130953125 0.4268353171875 0.26512896874999997 0.42261904687499996 0.2601686515625 0.41815476250000005 0.2579365078125 0.40625 0.2477678578125 0.39657738125 0.24280753906250002 0.3613591265625 0.23759920625 0.35838293593750004 0.23611111093749998 0.3390376984375 0.2356150796875 0.3261408734375 0.23635912656250002 0.32217261875 0.23759920625 0.322420634375 0.23958333281250002 0.3199404765625 0.24181547656250002 0.310019840625 0.24280753906250002 0.3082837296875 0.2435515875 0.3050595234375 0.24751984062500001 0.299851190625 0.24950396874999997 0.30009920625 0.252728175 0.30282738125 0.2552083328125 0.3040674609375 0.2579365078125 0.3102678578125 0.2609126984375
5 0.0841252484375 0.48717708281250005 0.0824427078125 0.4993759921875 0.0898040671875 0.5103127484375001 0.14364682499999998 0.5334484125000001 0.1627862109375 0.5405994546875 0.172881696875 0.542912946875 0.19096949375 0.538075396875 0.19265228125 0.5294521328124999 0.19181101250000002 0.5244045140625 0.2063231640625 0.531976190625 0.20590252968749997 0.5353412703125 0.20758506875 0.538706596875 0.21473611093749997 0.5439645343749999 0.22041493124999997 0.5456470734375001 0.2298794640625 0.538706596875 0.23534796562500002 0.5305039687499999 0.24144717187500003 0.5201979171875 0.2422884421875 0.512209821875 0.23450669687499998 0.506110615625 0.23219295624999997 0.5056899796875001 0.22651438437500002 0.5088447421875 0.21831175625000002 0.5126304562499999 0.21473611093749997 0.5092653765625 0.205271578125 0.5098963296875 0.19959275781250002 0.506951884375 0.2014858625 0.5004317953124999 0.20001364062500002 0.49433234062500003 0.1930729171875 0.48591939531249995 0.18087400781250002 0.4802408234375 0.164889384375 0.47918923593749996 0.10978472187499999 0.47182787656249997 0.103054315625 0.4722442953125 0.093169146875 0.4768712796875 0.0841252484375 0.48717708281250005