1 0.2095734125 0.4516369046875 0.21279761874999997 0.45882936562500004 0.21676587343749998 0.46279761875 0.21825396874999997 0.4670138890625 0.234623015625 0.4935515875 0.23635912656250002 0.497519840625 0.23685515937499999 0.5136408734375 0.24429563437500001 0.52529761875 0.2485119046875 0.5292658734375 0.2604166671875 0.53720238125 0.2678571421875 0.5396825390625 0.2695932546875 0.5419146828125 0.2733134921875 0.5424107140625 0.2757936515625 0.5446428578125 0.28174603125000003 0.5451388890625 0.2834821421875 0.5424107140625 0.2951388890625 0.5458829359374999 0.296130953125 0.5488591265625 0.2983630953125 0.5509672625 0.2991071421875 0.5548115078125 0.3015873015625 0.5533234125 0.30555555624999997 0.5543154765625 0.3105158734375 0.55282738125 0.31349206406249996 0.5538194437499999 0.3172123015625 0.553075396875 0.3196924609375 0.5558035718750001 0.3229166671875 0.55282738125 0.325644840625 0.5533234125 0.32911706406249996 0.5508432546875001 0.33159722187499996 0.5513392859375 0.33482142812500004 0.550347221875 0.3373015875 0.54737103125 0.340773809375 0.5488591265625 0.343005953125 0.54365079375 0.3459821421875 0.54365079375 0.34697420625 0.5456349203124999 0.3521825390625 0.546875 0.3581349203125 0.54365079375 0.3635912703125 0.5431547625 0.37549603125000003 0.537450396875 0.3943452375 0.5198412703125 0.412450396875 0.49776785781250005 0.4208829359375 0.4856150796875 0.419394840625 0.46651785781250005 0.41790674531249994 0.46304563437499996 0.41741071406249997 0.45510912656249997 0.4139384921875 0.43700396875 0.4109623015625 0.43427579375 0.41021825468750006 0.43154761875 0.4077380953125 0.4295634921875 0.403769840625 0.4236111109375 0.403769840625 0.41989087343750003 0.3985615078125 0.40972222187499996 0.387648809375 0.3821924609375 0.3797123015625 0.36904761875 0.372271825 0.3616071421875 0.3633432546875 0.3556547625 0.346230159375 0.3484623015625 0.3196924609375 0.3457341265625 0.30580357187499996 0.34821428593750003 0.296130953125 0.34821428593750003 0.29017857187499996 0.349454365625 0.287450396875 0.3511904765625 0.281498015625 0.3516865078125 0.2772817453125 0.35342261875 0.2760416671875 0.3551587296875 0.2671130953125 0.3573908734375 0.26512896874999997 0.36036706406249996 0.2537202375 0.365079365625 0.24280753906250002 0.372023809375 0.23759920625 0.37599206406249996 0.22544642812500001 0.3883928578125 0.21825396874999997 0.3985615078125 0.21378968281250002 0.4077380953125 0.21006944375 0.4228670640625 0.209325396875 0.43551587343750003 0.2070932546875 0.4387400796875 0.2073412703125 0.4449404765625 0.2095734125 0.4516369046875
1 0.2956349203125 0.7579365078125 0.299355159375 0.7586805562500001 0.3060515875 0.7564484125 0.318700396875 0.749751984375 0.3358134921875 0.7420634921875 0.34052579375 0.7408234125 0.35243055624999997 0.73487103125 0.36383928593750003 0.730902778125 0.3856646828125 0.7197420640625001 0.393353175 0.7175099203124999 0.40575396875 0.7103174609375 0.41815476250000005 0.7053571421875 0.437251984375 0.6951884921875 0.44320436562500004 0.693204365625 0.4610615078125 0.68427579375 0.46527777812500004 0.6837797625 0.468998015625 0.6857638890625 0.47098214218749995 0.6884920640625001 0.47197420625 0.693204365625 0.4737103171875 0.693700396875 0.474950396875 0.6964285718750001 0.474950396875 0.6919642859375 0.47296627031250005 0.6889880953125 0.47296627031250005 0.685019840625 0.47197420625 0.6830357140625 0.468501984375 0.6803075390625 0.46651785781250005 0.67509920625 0.46279761875 0.67237103125 0.46279761875 0.6698908734375 0.46031746093750003 0.6681547625 0.4546130953125 0.6666666671875 0.4513888890625 0.6579861109375 0.44990079375 0.6607142859375 0.4449404765625 0.6584821421875 0.434523809375 0.6574900796875001 0.4283234125 0.6550099203124999 0.42534722187499996 0.6552579359374999 0.419394840625 0.6577380953125 0.4130084328125 0.6584821421875 0.40699404687499996 0.6582341265625 0.4050099203125 0.656994046875 0.3926091265625 0.6572420640625001 0.3695436515625 0.658730159375 0.3673115078125 0.6602182546875001 0.3633432546875 0.6574900796875001 0.35838293593750004 0.662450396875 0.3489583328125 0.6626984125 0.3457341265625 0.6636904765625 0.343005953125 0.6614583328125 0.3415178578125 0.6666666671875 0.3301091265625 0.671875 0.32366071406249997 0.6773313484375 0.318700396875 0.6793154765625 0.3167162703125 0.6820436515625 0.3137400796875 0.6835317453124999 0.30927579375 0.687748015625 0.30902777812500004 0.6892361109375 0.306299603125 0.690228175 0.3018353171875 0.687748015625 0.3005952375 0.6966765875 0.296626984375 0.70362103125 0.29588293593750004 0.7132936515625 0.294394840625 0.718998015625 0.2946428578125 0.7537202375 0.2956349203125 0.7579365078125
1 0.5019841265625 0.9831349203125 0.5019841265625 0.9650297625 0.4985119046875 0.9174107140625001 0.49578372968749995 0.911954365625 0.49553571406249997 0.908978175 0.4920634921875 0.90947420625 0.48859127031250005 0.9136904765624999 0.48387896875 0.9151785718750001 0.4779265875 0.9198908734375 0.4513888890625 0.9454365078125001 0.44196428593750003 0.95262896875 0.430803571875 0.9623015875 0.4273313484375 0.9670138890625 0.419146825 0.9732142859374999 0.41617063437499996 0.9779265875 0.4136904765625 0.9791666671874999 0.4015376984375 0.990079365625 0.3983134921875 0.99404761875 0.4007936515625 0.999751984375 0.500248015625 0.999751984375 0.5019841265625 0.9831349203125
1 0.67137896875 0.7795138890625 0.678075396875 0.7867063484375 0.6795634921875 0.794394840625 0.6912202375 0.813244046875 0.6946924609375 0.8211805562500001 0.6986607140625 0.8266369046875001 0.703373015625 0.8382936515624999 0.7021329359374999 0.843005953125 0.6986607140625 0.846726190625 0.693700396875 0.8514384921874999 0.690476190625 0.853174603125 0.6855158734375 0.87177579375 0.6701388890625 0.8980654765624999 0.6679067453124999 0.900049603125 0.66865079375 0.9040178578125 0.65947420625 0.906001984375 0.6483134921875 0.9164186515624999 0.622271825 0.9141865078125001 0.61904761875 0.91592261875 0.618799603125 0.9179067453125 0.6140873015625 0.9231150796875 0.60987103125 0.925347221875 0.6041666671875 0.93154761875 0.6026785718750001 0.9352678578125 0.597222221875 0.9387400796875 0.59375 0.9422123015625001 0.5927579359374999 0.9446924609374999 0.5885416671875 0.946924603125 0.5858134921875 0.9508928578125 0.5863095234375 0.9548611109375 0.5917658734375 0.9573412703124999 0.594494046875 0.9603174609374999 0.6029265875 0.9642857140625001 0.6272321421875 0.9791666671874999 0.6475694437499999 0.97470238125 0.6498015875 0.971230159375 0.652777778125 0.9702380953124999 0.6741071421875 0.9672619046875001 0.6760912703125 0.9623015875 0.6832837296875 0.959325396875 0.6855158734375 0.9570932546875 0.6917162703125 0.9553571421875 0.6964285718750001 0.95262896875 0.6979166671875 0.952380953125 0.700644840625 0.9541170640625 0.70362103125 0.95362103125 0.70907738125 0.9494047625 0.7177579359374999 0.935019840625 0.724950396875 0.9285714281249999 0.7395833328125 0.9072420640625 0.7445436515625 0.8950892859374999 0.749751984375 0.8727678578125 0.7490079359374999 0.8454861109375 0.7460317453124999 0.83407738125 0.7445436515625 0.82217261875 0.7331349203124999 0.797619046875 0.7294146828125 0.7929067453124999 0.7271825390625 0.7881944437499999 0.70907738125 0.76884920625 0.6922123015625 0.7564484125 0.6773313484375 0.74950396875 0.6651785718750001 0.75049603125 0.6631944437499999 0.752480159375 0.66220238125 0.755704365625 0.6626984125 0.7636408734375 0.66592261875 0.7678571421875 0.67137896875 0.7795138890625
1 0.27744915625 0.7089141859375 0.29103372968749996 0.721492559375 0.2955620046875 0.7134424609375001 0.30210267812499997 0.6923107640625 0.3393345734375 0.675204365625 0.3795853171875 0.6565882937499999 0.4268797125 0.65809771875 0.451030009375 0.6560853171875001 0.46763343281249997 0.6666510421875 0.4600865578125 0.6314317953125 0.4560615078125 0.629419146875 0.4439861109375 0.577596478125 0.4349298109375 0.56350868125 0.40574801562499996 0.54841493125 0.347887896875 0.5499241078125 0.3252467765625 0.5579744546875001 0.3086436015625 0.5630057046875 0.2880151296875 0.5745776296875 0.2784556046875 0.5876592265625 0.2784556046875 0.5916842765625 0.27744915625 0.5997343749999999 0.28147420625 0.6565882937499999 0.2709084828125 0.6646383921875 0.27241790625 0.6908013390625001 0.27744915625 0.7089141859375
1 0.32122172656250003 0.5549556046874999 0.297574653125 0.5539491562500001 0.2875119046875 0.55093055625 0.28298363125 0.5448928578125 0.27342410781250004 0.55042733125 0.27443055625 0.584137153125 0.2799650296875 0.5886654265625 0.3005932546875 0.5625024796875 0.32122172656250003 0.5549556046874999
1 0.4163139875 0.5443896328125 0.4349298109375 0.5599868546875 0.42386086250000005 0.534830109375 0.4188296125 0.5162142859375 0.4218484625 0.4986046625 0.4253702875 0.4895483625 0.42386086250000005 0.48149826406249996 0.4027294140625 0.5096736109375 0.3805915171875 0.5408678078125 0.3574474203125 0.54891790625 0.4163139875 0.5443896328125
1 0.4314079859375 0.5418740078125001 0.43845188437499993 0.55042733125 0.4314079859375 0.49709523750000006 0.4304015375 0.5041391375 0.42838913749999996 0.521748759375 0.4314079859375 0.5418740078125001
1 0.5300218250000001 0.5066547625 0.5672537203125 0.49709523750000006 0.5813415171874999 0.49558581406249996 0.589894840625 0.4895483625 0.5903978171875 0.476466765625 0.5803353171875 0.44728521875 0.57681324375 0.4372224703125 0.5612162703125 0.49457961250000004 0.4646145828125 0.4684166671875 0.450527034375 0.47747296562499997 0.4414704859375 0.484516865625 0.444992559375 0.49457961250000004 0.4646145828125 0.55193675625 0.4872557046875 0.5252705859375 0.5023497031249999 0.5157110609375 0.5300218250000001 0.5066547625
1 0.509896578125 0.6339474203125001 0.533040675 0.6082876984375 0.56675074375 0.5921872515625 0.58486334375 0.5886654265625 0.6090138890625 0.575080853125 0.6210890375 0.567533978125 0.6276297125 0.5599868546875 0.6311515375 0.55294295625 0.602472965625 0.5051453375 0.5878821921874999 0.49759846249999995 0.5612162703125 0.4996108625 0.5259967765625 0.5046423609375 0.4862495046875 0.523761409375 0.46964608124999996 0.55042733125 0.46813665625 0.5549556046874999 0.4666272328125 0.568540178125 0.48323065468750004 0.6414942953125 0.4932931546875 0.65558209375 0.49782142812499997 0.6560853171875001 0.509896578125 0.6339474203125001
1 0.6502705859375 0.5745776296875 0.648761409375 0.568540178125 0.6407110609375 0.5625024796875 0.594926090625 0.5886654265625 0.6341703875 0.5921872515625 0.648258184375 0.5826277281250001 0.6502705859375 0.5745776296875
1 0.654798859375 0.5871560015624999 0.6412142859375 0.59621255 0.651780009375 0.603759425 0.654798859375 0.5871560015624999
1 0.659830109375 0.6208658234375 0.6442331343750001 0.5997343749999999 0.6180701890625 0.5921872515625 0.5737943953125 0.595709325 0.5521597218750001 0.6012438 0.5345500984375 0.6123127484374999 0.5103998015625 0.630928571875 0.5038591265625 0.64803521875 0.49731820468750004 0.6596071421875 0.4932931546875 0.6691666671875 0.5139216265625 0.732058284375 0.5114060015625 0.7506741078125 0.5174437000000001 0.7702963796875 0.5335438984375 0.777340278125 0.6105233140624999 0.7159580859375 0.6351768359375 0.7084109625 0.652283234375 0.7385989578125 0.6608365578125001 0.7048891375 0.6608365578125001 0.6741979171875 0.6618427578125 0.635959821875 0.659830109375 0.6208658234375
1 0.700080853125 0.7124360125 0.7086341765624999 0.6988514390625 0.7076277281250001 0.6902983625 0.6960558031249999 0.6691666671875 0.6789491562500001 0.6586009421875 0.67542733125 0.6500476187500001 0.6683834328125 0.6404880953125 0.6658678078125 0.7355801093750001 0.66385540625 0.7481584828125001 0.6869995046875 0.729039434375 0.700080853125 0.7124360125