5 0.326132440625 0.2314670140625 0.3722938984375 0.24993179531249998 0.3854828875 0.2360833328125 0.3630615078125 0.1635436515625 0.2905220734375 0.127933284375 0.23974429531250002 0.1780515875 0.181712796875 0.2519099703125 0.1922638890625 0.352146578125 0.2898625984375 0.264439484375 0.326132440625 0.2314670140625
5 0.266122271875 0.4253454859375 0.3749317953125 0.385778521875 0.417136409375 0.33236309531249997 0.398671875 0.2618018359375 0.3248134921875 0.2314670140625 0.2766736109375 0.28092584375 0.1942423109375 0.356103175 0.20281522812500002 0.36929216249999997 0.21138789687499998 0.412815971875 0.266122271875 0.4253454859375
5 0.344751984375 0.45064136875000005 0.3691688984375 0.42750967187500005 0.35803124999999997 0.3928120046875 0.291634425 0.4185138890625 0.29720337343750003 0.437362103125 0.344751984375 0.45064136875000005
5 0.35787425625 0.390001984375 0.36256944375 0.4034610609375 0.37728050625 0.41066021875000003 0.3894875984375 0.4131641859375 0.403259671875 0.4134771828125 0.41703199375000005 0.4097209828125 0.43393402812500004 0.3962619046875 0.44301116093750004 0.379046875 0.4467671125 0.35807564531249997 0.4467671125 0.34054737031250004 0.43862921562499996 0.3239583328125 0.4333080359375 0.31237723281249996 0.42329191406250005 0.29797891875000004 0.410771825 0.28952777812499997 0.406076884375 0.287023809375 0.4189099703125 0.33209622968749997 0.37634151718750003 0.3831158234375 0.37415054531249997 0.38248983124999997 0.35787425625 0.390001984375
5 0.47399851249999997 0.44978546562500005 0.48244965312500004 0.44759449375000004 0.48464062500000005 0.44321255 0.4877705859375 0.43632638906250004 0.48338864062500003 0.4316312 0.4818236609375 0.4228673109375 0.4683643359375 0.41942410781249995 0.35505729218750004 0.44665550625000006 0.3935567953125 0.4648095234375 0.46366939531250007 0.453228421875 0.47399851249999997 0.44978546562500005
5 0.428926090625 0.4025220734375 0.4113978171875 0.41441617031250005 0.383540675 0.43507440468749997 0.4624174109375 0.4181721234375 0.4746245046875 0.41942410781249995 0.501542659375 0.36339657812500004 0.496534721875 0.3602666171875 0.447080109375 0.374038690625 0.44207217187500003 0.3859327875 0.4367509921875 0.3953229171875 0.428926090625 0.4025220734375
5 0.4565751484375 0.1747490078125 0.48261954375 0.145904265625 0.46469667656249997 0.096616071875 0.42128943437500005 0.072251984375 0.3930047125 0.0999766859375 0.350717509375 0.1534655265625 0.3621994046875 0.1635471234375 0.3851634421875 0.234119046875 0.4565751484375 0.1747490078125
5 0.3291540171875 0.1447842265625 0.3521178078125 0.15122519843749999 0.391884425 0.101376984375 0.35771875 0.0854141859375 0.337275296875 0.07729290625 0.312351190625 0.0719719734375 0.28434647812499997 0.067211309375 0.2527013890625 0.0691716265625 0.227777034375 0.075892609375 0.22609672656250002 0.0851341765625 0.2882671125 0.120980159375 0.3291540171875 0.1447842265625
5 0.27230456406250003 0 0.2703442453125 0.0389265875 0.2711842765625 0.05880977187500001 0.27398487031249996 0.0646907234375 0.3260734125 0.07253199375 0.33447495 0.07057167656249999 0.3473571421875 0.06525074374999999 0.364719990625 0.045367559375 0.3630396828125 0.0226837796875 0.354358134375 0.003640625 0.35099752031250003 0 0.27230456406250003 0
5 0.368920634375 0.0744923109375 0.343436259375 0.0677713296875 0.32831374062499996 0.0744923109375 0.386003471875 0.099136409375 0.368920634375 0.0744923109375
5 0.46847594218750005 0.1004588296875 0.479390625 0.0833072921875 0.47359920625 0.060587301562499994 0.44575570468750003 0.04610863125 0.4281587296875 0.06125545624999999 0.4319454359375 0.0772931546875 0.44597867031250005 0.0835302578125 0.4613482140625 0.0942219734375 0.46847594218750005 0.1004588296875
5 0.4268489578125 0.5992393359375 0.22844022812500003 0.5707041171875 0.172261409375 0.6264370046875001 0.43710391875 0.73522743125 0.44914211249999997 0.7503869046875 0.495065971875 0.6915329859375 0.4268489578125 0.5992393359375
5 0.31714905781249997 0.706246528125 0.335429315625 0.7205141375 0.3590600203125 0.7543995531250001 0.3635186015625 0.79140625 0.3572765375 0.822170634375 0.5846666671875 0.9831272328124999 0.6082973703125 0.9545920140625 0.43799553593749996 0.73522743125 0.1932170140625 0.6366919640625001 0.181178571875 0.64516319375 0.2672123015625 0.6799404765625 0.29351835312499996 0.6870744046875 0.31714905781249997 0.706246528125
5 0.32428273750000003 0.8930627484375 0.29663938437500004 0.9198147328124999 0.3260662203125 0.9545920140625 0.42906051562499997 0.942553571875 0.43173561562499996 0.92115228125 0.34523834375 0.8573938484375001 0.3403338296875 0.8631899796875 0.337212796875 0.8747824906250001 0.32428273750000003 0.8930627484375
5 0.1981036703125 0.9661842765624999 0.20389980156249998 0.9670761406249999 0.2293139875 0.9621716265625 0.23154340312500002 0.95280853125 0.23823139843750002 0.9407700890624999 0.23377256875 0.9233814484374999 0.1347911703125 0.7873933531249999 0.1263196921875 0.86051488125 0.18695709375 0.95280853125 0.1981036703125 0.9661842765624999
5 0.22886805625 0.912680803125 0.2400146328125 0.9327445437499999 0.2355560515625 0.9452286703125001 0.2569575890625 0.9421076390625001 0.2698874015625 0.9345280265625 0.29128893906250003 0.9193688 0.3019895828125 0.9082222218749999 0.3260662203125 0.885483134375 0.343008928125 0.8542728171875 0.35772247031250004 0.8123616078125 0.35772247031250004 0.8043363093749999 0.35549305625 0.7847182546875 0.35593898749999997 0.7686671625 0.34256324375 0.73388988125 0.3207157734375 0.7102591765625 0.300652034375 0.6955456343749999 0.125 0.6228700390624999 0.125 0.77446329375 0.13122420625 0.7793678078124999 0.22886805625 0.912680803125
5 0.142816715625 0.9345280265625 0.15753025781250002 0.9416619546874999 0.1798231640625 0.9474580859374999 0.126765625 0.8712155265625 0.125 0.9224898312500001 0.1294407234375 0.9269484125 0.142816715625 0.9345280265625