5 0.6248911203125 0.8213358140624999 0.7375927578125 0.695049603125 0.74966790625 0.639201884375 0.5408678078125 0.8228452374999999 0.484516865625 0.8741649312499999 0.5252705859375 0.874751984375 0.6248911203125 0.7881292156249999 0.6248911203125 0.8213358140624999
5 0.5373459828125 0.7508973218749999 0.3682931546875 0.87466790625 0.47596378906250003 0.8731584828125 0.580615328125 0.7755508437499999 0.5373459828125 0.7508973218749999
5 0 0.651780009375 0.6847638890625001 0.533040675 0.6686634421875 0.529015625 0 0.6165607640624999 0 0.651780009375
4 0 0.2671130953125 0.002480159375 0.2678571421875 0.00595238125 0.271825396875 0.02430555625 0.2757936515625 0.028273809374999997 0.27529761875 0.04365079375 0.278769840625 0.0607638890625 0.28075396874999997 0.06795634843750001 0.2834821421875 0.0744047625 0.2832341265625 0.077876984375 0.28447420625 0.0796130953125 0.287450396875 0.0917658734375 0.2886904765625 0.0987103171875 0.290674603125 0.10367063437499999 0.2904265875 0.1113591265625 0.294146825 0.12053571406250001 0.2953869046875 0.1272321421875 0.2981150796875 0.372271825 0.35838293593750004 0.3767361109375 0.36036706406249996 0.46279761875 0.3826884921875 0.47247023749999995 0.38392857187499996 0.48363095312500004 0.387896825 0.4925595234375 0.3893849203125 0.506200396875 0.39384920625 0.5228174609375 0.3970734125 0.5295138890625 0.3998015875 0.5379464281249999 0.4010416671875 0.5555555562500001 0.40625 0.5672123015625 0.4072420640625 0.5796130953125 0.412450396875 0.5850694437499999 0.41046627031250005 0.5860615078125 0.36607142812500004 0.5848214281249999 0.3606150796875 0.5865575390625 0.3581349203125 0.5858134921875 0.3495783734375 0.5870535718750001 0.32862103125000003 0.5865575390625 0.3142361109375 0.588045634375 0.30927579375 0.5873015875 0.30009920625 0.58779761875 0.29017857187499996 0.5892857140625 0.2854662703125 0.5900297625 0.2708333328125 0.593005953125 0.2554563484375 0.5920138890625 0.252480159375 0.5166170640625001 0.20634920625 0.434771825 0.15302579375 0.4228670640625 0.1470734125 0.4203869046875 0.14384920625 0.403769840625 0.13343253906250002 0.393105159375 0.127728175 0.3886408734375 0.1264880953125 0.3883928578125 0.125 0.3712797625 0.125 0.369295634375 0.1269841265625 0.3670634921875 0.1264880953125 0.3668154765625 0.125 0.2070932546875 0.125 0.20560515937499999 0.1264880953125 0.2027115578125 0.12673611093749998 0.05208333281250001 0.12673611093749998 0.049603175 0.12748015937499999 0.0421626984375 0.1272321421875 0.0376984125 0.125 0.0354662703125 0.125 0.033134920312499996 0.12673611093749998 0.0275297625 0.1269841265625 0.016369046875 0.12673611093749998 0.015625 0.125 0.0049603171875 0.125 0 0.1272321421875 0 0.2671130953125
4 0.71279761875 0.446428571875 0.724454365625 0.4476686515625 0.7388392859375 0.450644840625 0.743799603125 0.45262896875 0.765625 0.45535714218749995 0.7676091265625 0.45510912656249997 0.7695932546875001 0.4518849203125 0.7710813484375 0.4456845234375 0.7720734125 0.40228174531249994 0.771329365625 0.39012896874999997 0.7666170640625001 0.387648809375 0.7638888890625 0.38392857187499996 0.7113095234375 0.33482142812500004 0.68700396875 0.314980159375 0.6706349203124999 0.3033234125 0.6507936515625 0.29092261875 0.646329365625 0.28571428593750003 0.6386408734375 0.2800099203125 0.6267361109375 0.27529761875 0.62177579375 0.2698412703125 0.6103670640625001 0.264880953125 0.6071428578125 0.26116071406249997 0.6016865078125 0.2581845234375 0.5957341265625 0.25669642812500004 0.59325396875 0.26116071406249997 0.591021825 0.2849702375 0.5865575390625 0.377976190625 0.5870535718750001 0.38467261875 0.5853174609375 0.415674603125 0.587549603125 0.41765872968749995 0.71279761875 0.446428571875
4 0 0.87432266875 0.28947569375 0.874751984375 0.57843353125 0.7039513890625 0.573773065625 0.55584771875 0 0.6511312 0 0.87432266875
4 0.5737827375 0.552950396875 0.579049603125 0.7030622515625 0.5767452875 0.710304315625 0.7610932546875 0.59113665625 0.7689938 0.5496584828125 0.7729441968749999 0.5164099703125 0.5737827375 0.552950396875
4 0.49247197343750004 0.5516334328125 0.670565228125 0.52760243125 0.6860372031249999 0.5295776296875 0.7294908234374999 0.5220062000000001 0.739695684375 0.5220062000000001 0.7689938 0.5137762890625 0.76438516875 0.5062048609375001 0.6169067453125 0.51838516875 0.4937889390625 0.52760243125 0.49247197343750004 0.5516334328125
4 0 0.616178075 0.49253100156249996 0.550890625 0.4928692953125 0.5241666671874999 0 0.5525818453125 0 0.616178075
4 0.6268015874999999 0.874751984375 0.727263640625 0.7441326890625 0.737233134375 0.6950518359375 0.6247564484375 0.8220994546875 0.6268015874999999 0.874751984375
4 0.5288955859375 0.874751984375 0.6237338796875 0.8739920640625 0.62322271875 0.7901458328125 0.5288955859375 0.874751984375
4 0.5770587796875 0.12558854218749999 0.780603421875 0.3472239578125 0.764990575 0.27739186562499996 0.6584561015625 0.1276202875 0.5770587796875 0.12558854218749999