0 0.5116567453124999 0.43526785781250005 0.5176091265625 0.44320436562500004 0.5203373015625 0.4449404765625 0.5275297625 0.453125 0.5404265875 0.4613095234375 0.5540674609375 0.46676587343750003 0.5734126984375 0.4697420640625 0.5865575390625 0.468998015625 0.6039186515625 0.46453372968749995 0.61259920625 0.4605654765625 0.624751984375 0.452876984375 0.6331845234375 0.4451884921875 0.6359126984375 0.44097222187499996 0.640376984375 0.437251984375 0.6515376984375 0.41592261875 0.6540178578125 0.4079861109375 0.65625 0.390873015625 0.65575396875 0.3769841265625 0.6520337296875 0.3613591265625 0.643353175 0.34424603125000003 0.637152778125 0.3358134921875 0.6272321421875 0.3258928578125 0.62177579375 0.321924603125 0.609623015625 0.315476190625 0.5954861109375 0.3102678578125 0.57762896875 0.3087797625 0.56572420625 0.309523809375 0.556299603125 0.3112599203125 0.5381944437499999 0.31944444375000003 0.5265376984375 0.32762896874999997 0.5176091265625 0.3365575390625 0.5066964281249999 0.35342261875 0.499751984375 0.3730158734375 0.4982638890625 0.38392857187499996 0.49801587343750003 0.3955853171875 0.4990079359375 0.4045138890625 0.50322420625 0.419394840625 0.5116567453124999 0.43526785781250005
0 0.652777778125 0.5870535718750001 0.658978175 0.5992063484375 0.6681547625 0.609375 0.6760912703125 0.615079365625 0.6857638890625 0.61904761875 0.70362103125 0.6232638890625 0.721230159375 0.62177579375 0.7232142859375 0.6197916671875 0.734375 0.615079365625 0.7366071421875 0.6111111109375 0.7358630953125 0.6006944437499999 0.7385912703125 0.6001984125 0.7393353171875 0.5982142859375 0.7430555562500001 0.5957341265625 0.7457837296875 0.5922619046875 0.756200396875 0.5868055562500001 0.7738095234375 0.5679563484375 0.781001984375 0.5523313484375 0.7832341265625 0.5446428578125 0.78447420625 0.533978175 0.7834821421875 0.525049603125 0.7797619046875 0.5101686515625 0.7745535718750001 0.499751984375 0.7698412703125 0.49305555625 0.7616567453124999 0.484375 0.7586805562500001 0.4828869046875 0.7569444437499999 0.48015872968749995 0.749751984375 0.4739583328125 0.7408234125 0.47098214218749995 0.7356150796875001 0.4675099203125 0.7321428578125 0.46825396875 0.7254464281249999 0.46676587343750003 0.7209821421875 0.4640376984375 0.709325396875 0.4623015875 0.68799603125 0.46279761875 0.6857638890625 0.46180555625 0.6790674609375 0.46279761875 0.6741071421875 0.466269840625 0.6654265875 0.46875 0.66220238125 0.47247023749999995 0.6550099203124999 0.47594246093750003 0.6478174609375 0.48090277812500004 0.6329365078125 0.5 0.6302083328125 0.5049603171875 0.62450396875 0.5210813484375 0.6237599203124999 0.527777778125 0.624255953125 0.5451388890625 0.6292162703125 0.560019840625 0.6416170640625001 0.57762896875 0.652777778125 0.5870535718750001
0 0.341021825 0.84697420625 0.3474702375 0.8611111109375 0.3519345234375 0.8643353171875001 0.36036706406249996 0.8668154765624999 0.365079365625 0.8660714281249999 0.36904761875 0.8675595234375001 0.4072420640625 0.87177579375 0.4454365078125 0.878472221875 0.4635416671875 0.8787202375 0.466021825 0.8799603171875001 0.4697420640625 0.8797123015625001 0.471726190625 0.880704365625 0.5047123015625 0.8826884921874999 0.5248015875 0.8869047625 0.5625 0.890873015625 0.5868055562500001 0.8923611109375 0.606646825 0.8950892859374999 0.6160714281249999 0.8953373015625001 0.6294642859375 0.8983134921874999 0.7242063484375 0.908730159375 0.791170634375 0.9176587296875001 0.8035714281249999 0.9181547625 0.811755953125 0.9198908734375 0.858630953125 0.924603175 0.862103175 0.9241071421875 0.8645833328125001 0.9258432546875 0.8700396828124999 0.9268353171875001 0.874751984375 0.924603175 0.874751984375 0.8335813484375001 0.8705357140625001 0.8320932546875 0.794394840625 0.8263888890625 0.7574404765625 0.825396825 0.7477678578125 0.8244047625 0.7445436515625 0.8226686515624999 0.7393353171875 0.8216765875 0.7239583328125 0.8214285718750001 0.5257936515625 0.806299603125 0.502976190625 0.8053075390625001 0.4918154765625 0.80654761875 0.48387896875 0.8060515875 0.4833829359375 0.8107638890625 0.4766865078125 0.8167162703124999 0.47470238125 0.8196924609374999 0.47197420625 0.8201884921874999 0.46924603125 0.822420634375 0.46676587343750003 0.8258928578125 0.4670138890625 0.827876984375 0.4513888890625 0.843005953125 0.44469246093750003 0.844494046875 0.43799603125 0.84970238125 0.434523809375 0.8511904765624999 0.42509920625 0.8541666671874999 0.419394840625 0.8546626984374999 0.41617063437499996 0.8524305562500001 0.41344246093750003 0.8519345234375001 0.41046627031250005 0.8487103171875001 0.4074900796875 0.847222221875 0.4050099203125 0.843501984375 0.4010416671875 0.84052579375 0.3988095234375 0.8360615078125001 0.3943452375 0.8328373015625001 0.3926091265625 0.8296130953124999 0.3888888890625 0.8271329359375 0.3856646828125 0.8214285718750001 0.3841765875 0.8204365078125001 0.381200396875 0.8206845234375001 0.37822420625 0.814980159375 0.374751984375 0.8142361109375 0.372271825 0.815476190625 0.37152777812500004 0.8174603171875001 0.3640873015625 0.81572420625 0.36383928593750003 0.8139880953124999 0.3576388890625 0.8139880953124999 0.3487103171875 0.8167162703124999 0.3452380953125 0.8191964281249999 0.34027777812500004 0.8194444437499999 0.3373015875 0.8226686515624999 0.3360615078125 0.828125 0.334325396875 0.8301091265625 0.3355654765625 0.841021825 0.341021825 0.84697420625
0 0.31336805624999997 0.8764880953124999 0.322420634375 0.8792162703124999 0.3234126984375 0.880704365625 0.325644840625 0.8814484125 0.34821428593750003 0.88467261875 0.3573908734375 0.887152778125 0.36036706406249996 0.8864087296875001 0.372271825 0.889880953125 0.39161706406249996 0.8921130953124999 0.3988095234375 0.894097221875 0.4052579359375 0.8943452375 0.4079861109375 0.8923611109375 0.409226190625 0.8943452375 0.412946428125 0.896329365625 0.4164186515625 0.8953373015625001 0.41840277812500004 0.8978174609374999 0.419146825 0.90625 0.424851190625 0.9082341265625 0.43948412656249997 0.90947420625 0.44866071406249997 0.911954365625 0.502480159375 0.915674603125 0.521329365625 0.918402778125 0.52529761875 0.9179067453125 0.5448908734375 0.922619046875 0.78720238125 0.966021825 0.803075396875 0.9699900796875 0.8201884921874999 0.97197420625 0.8236607140625001 0.9734623015625001 0.8427579359375 0.9766865078125001 0.861855159375 0.978670634375 0.868799603125 0.98115079375 0.8702876984374999 0.9826388890625 0.87177579375 0.981894840625 0.8732638890625 0.978174603125 0.874751984375 0.9779265875 0.874751984375 0.9300595234375001 0.8735119046875001 0.9300595234375001 0.8705357140625001 0.9263392859374999 0.846726190625 0.924603175 0.84424603125 0.9233630953124999 0.8298611109375 0.92137896875 0.783730159375 0.9179067453125 0.7795138890625 0.915674603125 0.7730654765625 0.9144345234375001 0.7177579359374999 0.909226190625 0.70362103125 0.906994046875 0.684523809375 0.906001984375 0.6445932546875001 0.90029761875 0.563244046875 0.890625 0.5386904765625 0.8896329359375 0.5327380953125 0.887896825 0.5178571421875 0.8866567453125 0.5049603171875 0.8841765875 0.4737103171875 0.8819444437499999 0.4578373015625 0.8794642859374999 0.4516369046875 0.880704365625 0.4424603171875 0.8797123015625001 0.43948412656249997 0.878472221875 0.430803571875 0.877728175 0.4141865078125 0.8740079359375 0.3990575390625 0.8730158734375 0.3573908734375 0.8673115078125001 0.3492063484375 0.8648313484375001 0.340773809375 0.860119046875 0.334325396875 0.8484623015625001 0.334325396875 0.83779761875 0.325148809375 0.8353174609374999 0.322420634375 0.8325892859374999 0.3137400796875 0.830853175 0.3050595234375 0.830853175 0.2986111109375 0.8368055562500001 0.2948908734375 0.8417658734375 0.293898809375 0.8457341265625 0.28993055624999997 0.8492063484375001 0.2891865078125 0.8546626984374999 0.29017857187499996 0.865575396875 0.29340277812500004 0.872519840625 0.296130953125 0.875 0.31336805624999997 0.8764880953124999
0 0.1540178578125 0.315228175 0.15575396875 0.318204365625 0.1731150796875 0.334325396875 0.1770833328125 0.3363095234375 0.181299603125 0.3417658734375 0.1984126984375 0.3576388890625 0.203125 0.3608630953125 0.2073412703125 0.36607142812500004 0.2232142859375 0.38095238125 0.22767857187499999 0.38392857187499996 0.23164682499999997 0.3888888890625 0.2353670640625 0.39112103125000003 0.2490079359375 0.4050099203125 0.2904265875 0.44345238125 0.297619046875 0.44866071406249997 0.3077876984375 0.459325396875 0.34325396874999997 0.49131944375 0.3457341265625 0.4925595234375 0.3479662703125 0.4918154765625 0.3477182546875 0.486855159375 0.344494046875 0.47867063437499996 0.341269840625 0.465773809375 0.341269840625 0.446428571875 0.34474206406249996 0.435019840625 0.35069444375000003 0.42385912656249997 0.349454365625 0.41989087343750003 0.3449900796875 0.415178571875 0.328125 0.39955357187499996 0.325148809375 0.3978174609375 0.21602182499999997 0.2929067453125 0.18774801562500001 0.268353175 0.1822916671875 0.268105159375 0.17534722187500001 0.27008928593750003 0.1671626984375 0.2708333328125 0.16468253906250002 0.2735615078125 0.1614583328125 0.27455357187499996 0.158978175 0.278769840625 0.15451388906250002 0.2829861109375 0.14657738125 0.2981150796875 0.1448412703125 0.302579365625 0.14657738125 0.3050595234375 0.14781746093749998 0.309771825 0.1540178578125 0.315228175
0 0.3493298609375 0.4898313484375 0.35205803593749996 0.49305555625 0.35429017812499997 0.49801587343750003 0.3609866078125 0.5064484125 0.36272271875 0.5071924609375 0.3686750984375 0.5136408734375 0.3751235125 0.518105159375 0.3776036703125 0.521329365625 0.39124454375 0.53125 0.41530208281250003 0.5364583328125 0.4331592265625 0.5359623015625 0.45200843281249997 0.531498015625 0.463169146875 0.5238095234375 0.4706096234375 0.515873015625 0.47730605156249994 0.506200396875 0.4805302578125 0.4987599203125 0.49937946406249994 0.4670138890625 0.50061954375 0.46279761875 0.5038437499999999 0.4585813484375 0.506571925 0.45089285781250005 0.510044146875 0.43551587343750003 0.5080600203125 0.43377976250000005 0.504587796875 0.424603175 0.503099703125 0.4231150796875 0.4964032734375 0.4007936515625 0.49293105156249994 0.393601190625 0.48821875 0.389880953125 0.4867306546875 0.38715277812500004 0.4704806546875 0.374456596875 0.46972293125000003 0.37596353437499996 0.463665178125 0.374751984375 0.46118502031249997 0.3727678578125 0.456720734375 0.37152777812500004 0.45076835312499997 0.372023809375 0.44605605156249994 0.3700396828125 0.4331592265625 0.3700396828125 0.41381398750000004 0.372519840625 0.41158184531249997 0.37450396874999997 0.4078616078125 0.37549603125000003 0.38678025781250003 0.3923611109375 0.38206795625 0.4007936515625 0.372147321875 0.40575396875 0.36321875000000003 0.41195436562500004 0.35205803593749996 0.4231150796875 0.3493298609375 0.42757936562500004 0.3458576390625 0.435019840625 0.3428814484375 0.4466765875 0.3421374015625 0.4543650796875 0.34263343281249997 0.466269840625 0.344617559375 0.47197420625 0.344617559375 0.474950396875 0.3493298609375 0.4898313484375
0 0.41319444375 0.5543154765625 0.419394840625 0.5612599203124999 0.42261904687499996 0.56299603125 0.443700396875 0.583829365625 0.44742063437499996 0.5858134921875 0.4608134921875 0.59970238125 0.4734623015625 0.6103670640625001 0.4779265875 0.615575396875 0.512896825 0.6475694437499999 0.51612103125 0.6490575390625 0.518601190625 0.6483134921875 0.541170634375 0.6326884921875 0.5421626984375 0.630704365625 0.541170634375 0.627480159375 0.5359623015625 0.6235119046875 0.5265376984375 0.612847221875 0.5235615078125 0.6001984125 0.5230654765625 0.5882936515625 0.521825396875 0.5828373015625 0.4632936515625 0.5267857140625 0.456101190625 0.5292658734375 0.44866071406249997 0.5354662703125 0.4451884921875 0.5362103171875 0.43948412656249997 0.5352182546875001 0.415178571875 0.5367063484375 0.3923611109375 0.5322420640625001 0.391369046875 0.5332341265625 0.3943452375 0.536954365625 0.40947420625 0.552579365625 0.41319444375 0.5543154765625
0 0.6041666671875 0.7299107140625 0.6071428578125 0.7279265875 0.610119046875 0.7274305562500001 0.6116071421875 0.7254464281249999 0.6116071421875 0.7202380953125 0.6130952375 0.7167658734375 0.625744046875 0.708829365625 0.62177579375 0.70362103125 0.612351190625 0.6949404765625 0.60987103125 0.6939484125 0.580605159375 0.706597221875 0.578373015625 0.708829365625 0.581101190625 0.71279761875 0.6009424609375 0.7301587296875 0.6041666671875 0.7299107140625
0 0.7123015875 0.7881944437499999 0.706101190625 0.7889384921875 0.678435515625 0.8009590781249999 0.6946924609375 0.8172123015625001 0.697420634375 0.818204365625 0.7443673109375 0.8205151296875 0.7123015875 0.7881944437499999
0 0.5529975203124999 0.7624057546875 0.5541150796875 0.775256696875 0.560261409375 0.786431546875 0.5703187 0.7984446921874999 0.6315009921875 0.762964534375 0.6370885421875 0.770228175 0.8184007937500001 0.6693747515624999 0.79912425625 0.6408789687499999 0.7558216765625 0.636408978125 0.6150181046875 0.7154712296875 0.614180059375 0.719382440625 0.614180059375 0.725528521875 0.5529975203124999 0.7624057546875
0 0.59294766875 0.80403199375 0.598814484375 0.8177212296875 0.6032844734375 0.8207943953125 0.6661431046875 0.7945334828124999 0.671171875 0.8034732140624999 0.874751984375 0.724131696875 0.8739903281249999 0.6621111109375 0.747434771875 0.7101631937499999 0.652174603125 0.7626850203125 0.6368092765625 0.7699486609374999 0.6315009921875 0.7640818453125 0.5873603671875001 0.789225446875 0.59294766875 0.80403199375
5 0.12748015937499999 0.5453869046875 0.13095238125 0.5508432546875001 0.15376984062500001 0.5758928578125 0.1733630953125 0.5947420640625001 0.17633928593749998 0.599454365625 0.2251984125 0.65029761875 0.22718253906250002 0.653521825 0.28447420625 0.7118055562500001 0.28794642812500004 0.7167658734375 0.3363095234375 0.7678571421875 0.3385416671875 0.77157738125 0.34375 0.775545634375 0.346230159375 0.7795138890625 0.3521825390625 0.7834821421875 0.3700396828125 0.8048115078125001 0.3769841265625 0.810019840625 0.39756944375000003 0.8301091265625 0.4050099203125 0.8397817453125 0.4164186515625 0.849950396875 0.421875 0.8514384921874999 0.4273313484375 0.8511904765624999 0.4298115078125 0.849454365625 0.4300595234375 0.846478175 0.4325396828125 0.8449900796875 0.43948412656249997 0.84424603125 0.4513888890625 0.8387896828124999 0.4546130953125 0.833829365625 0.45386904687499996 0.83134920625 0.456101190625 0.8291170640625 0.4613095234375 0.827876984375 0.46279761875 0.8266369046875001 0.465773809375 0.8189484125 0.474950396875 0.8110119046875001 0.47991071406249997 0.802579365625 0.48363095312500004 0.794394840625 0.4853670640625 0.787450396875 0.484623015625 0.7792658734375 0.4826388890625 0.77529761875 0.4764384921875 0.7695932546875001 0.428075396875 0.71552579375 0.42584325468750006 0.7142857140625 0.40550595312500004 0.689980159375 0.200148809375 0.46006944375 0.196924603125 0.45709325468750006 0.18998015937499999 0.4546130953125 0.1820436515625 0.455605159375 0.17361111093749998 0.4605654765625 0.1703869046875 0.46502976250000005 0.15277777812499999 0.474950396875 0.1498015875 0.47991071406249997 0.146825396875 0.4796626984375 0.1388063 0.48842584375 0.12946428593749998 0.493303571875 0.1272321421875 0.497519840625 0.1269841265625 0.5176091265625 0.125 0.521329365625 0.125 0.5391865078125 0.12673611093749998 0.54092261875 0.12748015937499999 0.5453869046875
5 0.44593253906249997 0.7048611109375 0.4541170640625 0.7137896828125 0.46552579375 0.724454365625 0.4739583328125 0.7306547625 0.48363095312500004 0.74032738125 0.4923115078125 0.74677579375 0.49578372968749995 0.746527778125 0.5071924609375 0.7425595234375 0.5225694437499999 0.735119046875 0.5243055562500001 0.7333829359374999 0.533730159375 0.7296626984375 0.53720238125 0.7271825390625 0.5404265875 0.7264384921875 0.5771329359374999 0.70907738125 0.591269840625 0.70362103125 0.596230159375 0.69990079375 0.606894840625 0.6954365078125 0.60987103125 0.6951884921875 0.6455853171875 0.677579365625 0.65029761875 0.674603175 0.653273809375 0.6701388890625 0.6582341265625 0.6582341265625 0.6582341265625 0.6540178578125 0.65575396875 0.6493055562500001 0.6448412703125 0.64012896875 0.60615079375 0.6029265875 0.6009424609375 0.59970238125 0.5979662703125 0.599950396875 0.590773809375 0.6029265875 0.580605159375 0.6103670640625001 0.5664682546875001 0.6183035718750001 0.5637400796875001 0.6212797625 0.5602678578125 0.622519840625 0.546130953125 0.6316964281249999 0.5421626984375 0.6326884921875 0.5334821421875 0.638144840625 0.53125 0.640625 0.5265376984375 0.6423611109375 0.5235615078125 0.6455853171875 0.519097221875 0.6470734125 0.5173611109375 0.65029761875 0.518105159375 0.653273809375 0.515376984375 0.6550099203124999 0.5109126984375 0.65575396875 0.5042162703125 0.6552579359374999 0.4985119046875 0.656994046875 0.49627976250000005 0.659226190625 0.466269840625 0.6765873015625 0.46031746093750003 0.6805555562500001 0.45510912656249997 0.6857638890625 0.4543650796875 0.6912202375 0.450644840625 0.7008928578125 0.44866071406249997 0.700644840625 0.44593253906249997 0.7048611109375
3 0.5994995046875 0.597607390625 0.6046721234375 0.5982971234375001 0.623983134375 0.6186426093749999 0.8277904265625 0.6441607140625 0.8305491078125 0.6393330859375 0.8664193953125 0.47829290625 0.8481428578125 0.44622271874999997 0.6467564484375 0.43208432500000005 0.6108931046875 0.46346478125 0.6529635421875 0.4741547625 0.66572271875 0.46518898750000004 0.6929650296875 0.45622296562500003 0.7122760421875001 0.45725768906250003 0.7295181046875 0.4613955859375 0.7457254468750001 0.46829241093749996 0.7546912203125 0.47346502968750004 0.7688298609374999 0.487603421875 0.7791748515625 0.50105233125 0.7833129953125 0.517259671875 0.785726934375 0.531398065625 0.7860716765625 0.5424330359375 0.7833129953125 0.5538127484375 0.7740022328125 0.5700203375 0.7626225203125 0.5848482140625 0.7540017359375 0.5934692453125 0.7477943953125 0.5982971234375001 0.741242559375 0.6014005453125 0.7384838796875 0.6051939484375 0.7381388890625 0.614159721875 0.722966021875 0.6245049609375 0.6936547625 0.623815228125 0.6660674609375 0.6131252484374999 0.653998015625 0.5962279265625 0.651584078125 0.5855379468749999 0.6371009421875 0.5745032234375 0.624341765625 0.5520885421874999 0.622617559375 0.531398065625 0.6257212296875 0.50794915625 0.637790675 0.48174131875 0.6495151296875 0.47484449375000004 0.607789434375 0.46518898750000004 0.585375 0.4703616078125 0.5712366078125 0.4703616078125 0.5519255953125 0.4672579359375 0.53123511875 0.45656795624999996 0.5253591265625001 0.45346428593750004 0.5239796625 0.603814484375 0.52846255 0.6114010421875 0.5774298109375 0.6120907734375 0.5994995046875 0.597607390625