1 0.1698908734375 0.481398809375 0.17361111093749998 0.48214285781250005 0.17881944375 0.4856150796875 0.1862599203125 0.48759920625 0.19072420625 0.490575396875 0.20064484062500001 0.490575396875 0.206101190625 0.48859127031250005 0.2147817453125 0.481646825 0.2197420640625 0.4751984125 0.2224702375 0.46800595312500004 0.2234623015625 0.46304563437499996 0.2229662703125 0.4585813484375 0.22048611093749998 0.45262896875 0.2175099203125 0.44866071406249997 0.17435515937499999 0.42534722187499996 0.1703869046875 0.42559523749999995 0.162450396875 0.43030753906249997 0.1483134921875 0.4449404765625 0.147321428125 0.44742063437499996 0.1480654765625 0.46651785781250005 0.1488095234375 0.4672619046875 0.15873015937499999 0.474950396875 0.1698908734375 0.481398809375
1 0.3078067953125 0.8741830359374999 0.311601934375 0.88430381875 0.3112857140625 0.8931594734375 0.3078067953125 0.9042291671875 0.3030625 0.9118196921875 0.298951140625 0.9165637406249999 0.281555803125 0.9197264390625 0.274597965625 0.9156150796875 0.272383928125 0.909289434375 0.26953744999999996 0.9010662203124999 0.2543563984375 0.8918943453124999 0.2537237109375 0.9045453875 0.2565701890625 0.9162475203125 0.26384449375 0.9251031749999999 0.2771279765625 0.9336426093749999 0.2869325390625 0.9368053078124999 0.305908978125 0.9342750499999999 0.3144484125 0.9263683031250001 0.3242529765625 0.9115034718749999 0.3270994546875 0.8985362109375 0.32899702343750004 0.8874665171875 0.325201884375 0.8792433031250001 0.32014136875 0.8713365578125 0.313183284375 0.86311334375 0.30179761875 0.8580530749999999 0.2926254953125 0.8561552578124999 0.27523040625 0.8615319937500001 0.2635282734375 0.8697552078124999 0.26099801562499997 0.873866815625 0.25688640937499996 0.8824062500000001 0.25467261875 0.8877827375 0.2559377484375 0.8912619046874999 0.264793403125 0.8963221718750001 0.26953744999999996 0.8972710812500001 0.280290921875 0.8817735609374999 0.2923092765625 0.87291790625 0.30337896875000003 0.8716527781250001 0.3078067953125 0.8741830359374999
1 0.3264670140625 0.7679146828125 0.3422807546875 0.7767703375 0.363787203125 0.778035465625 0.3985776296875 0.768230903125 0.4267259421875 0.7524171625 0.437162946875 0.7394499015625 0.44791641875000004 0.72078993125 0.4118611109375 0.6259074906250001 0.400158978125 0.6186331843749999 0.38371255 0.61199131875 0.380866071875 0.6025032234375 0.386559028125 0.5964938 0.38782415625 0.5889032734375 0.3675825890625 0.53513665625 0.3618896328125 0.5297599203125001 0.3584107140625 0.5278623515625 0.353033978125 0.513313740625 0.33943427656249997 0.5088859125 0.32235540625 0.5069880953125 0.308123015625 0.5114159218750001 0.2976860125 0.5171088796875 0.289146578125 0.5278623515625 0.28535119062500003 0.53671800625 0.2885138890625 0.5468387890625 0.29041170625 0.5534806546875 0.28535119062500003 0.565815228125 0.2992673609375 0.623693453125 0.307490328125 0.62717261875 0.311601934375 0.624009671875 0.31602976250000003 0.6353955859375 0.302430059375 0.6581674109375 0.298951140625 0.6667068453125 0.3264670140625 0.7679146828125
1 0.37707093281250004 0.5088859125 0.3821312 0.5063556546875 0.38624280781250003 0.49844866093749995 0.3811825390625 0.49180704375 0.374540675 0.47820709375000003 0.3685314984375 0.46144469218750006 0.36094097187499996 0.444049603125 0.356512896875 0.44183556562500004 0.343862103125 0.44689608124999997 0.34449454375 0.4655563 0.3397504953125 0.46998412656250005 0.325834325 0.477574653125 0.311918403125 0.4835838296875 0.27681175625 0.5041416171875001 0.26763988125 0.5028767359375 0.2543563984375 0.5129975203125 0.25498883906250003 0.520271825 0.26099801562499997 0.535769096875 0.268905009375 0.538615575 0.2834536203125 0.537983134375 0.28661631875000004 0.5291274796875001 0.292941715625 0.5199553578125 0.302430059375 0.5139461812499999 0.3134997515625 0.5098345734375 0.3334248515625 0.506671875 0.35746180625 0.49749999999999994 0.3618896328125 0.49908134843749996 0.3656850203125 0.5047743062500001 0.37707093281250004 0.5088859125
1 0.338169146875 0.4500587796875 0.345759671875 0.44689608124999997 0.3413318453125 0.44436582343750003 0.33089484062499996 0.4408869046875 0.32393675625 0.44310069375000005 0.3236205359375 0.459546875 0.33152728124999997 0.47030034687500005 0.3403829359375 0.4665049609375 0.34354563437499996 0.46397495 0.34069915625 0.4579655265625 0.338169146875 0.4500587796875
1 0.4324188984375 0.4573330859375 0.42071676562500004 0.43709151718749994 0.41470758906249994 0.42728695468750005 0.40490302656250005 0.4250731640625 0.3966798109375 0.42791964218749995 0.3909868546875 0.430449653125 0.3856103671875 0.43392881875 0.40996329375 0.475360615625 0.42261433593750003 0.4725141375 0.435581596875 0.46523983125 0.4324188984375 0.4573330859375
1 0.55303819375 0.485454365625 0.5596411203125 0.4851674109375 0.561363590625 0.483444940625 0.5653826890625 0.48287078437500003 0.5702631453125 0.4843060515625 0.5702631453125 0.49090897812499995 0.574569196875 0.49492807499999997 0.599258184375 0.5058373015625001 0.6093060515625 0.509569196875 0.620215278125 0.51358829375 0.6256696421875 0.5089950390625 0.6328467265625 0.497224703125 0.640597965625 0.4894734625 0.64289459375 0.47598065468749995 0.6451912203125 0.46248784687500005 0.64289459375 0.45645932499999997 0.6400238093749999 0.455597965625 0.6362916671875001 0.45157886875 0.631985615625 0.448133928125 0.59581324375 0.43377976250000005 0.586913690625 0.443253471875 0.5823204359374999 0.44411483125 0.58088516875 0.4380860609375 0.575143353125 0.430334821875 0.5567703374999999 0.42258358124999995 0.5501674109375 0.430908978125 0.545 0.42803819374999996 0.536674603125 0.4217224703125 0.521459325 0.4168420140625 0.5094017859375 0.4211483140625 0.5025119046875 0.43435391875 0.49906696406249995 0.44698561562499994 0.5005022328125001 0.454449653125 0.508253471875 0.459904265625 0.5191626984375 0.4656458328125 0.5266267359375 0.466794146875 0.5352390875 0.46621999062499997 0.531794146875 0.4728229171875 0.5418420140625 0.479712796875 0.55303819375 0.485454365625
1 0.5114114578125 0.6028707843750001 0.5188754953125 0.6094734625 0.5283492062499999 0.6175119046875001 0.5383970734375 0.616363590625 0.5536123515625 0.6008611109374999 0.5590669640625 0.58650694375 0.5610763890625 0.5787559531250001 0.5521768359375 0.565262896875 0.5415548109375 0.5658373015625 0.5329424609375 0.56181795625 0.48930605156249996 0.5331098703125 0.48557415625000006 0.5256458328125 0.48672247031250004 0.5173204359375 0.4781098703125 0.5153107640625 0.47294246093750003 0.5270811015625 0.4588754953125 0.540573909375 0.45686582343750004 0.5488993062499999 0.455143353125 0.556363590625 0.44968898749999997 0.5644017859375 0.4494017859375 0.5692822421875 0.46720089218750005 0.5744496531250001 0.4872966265625 0.5830620046874999 0.50366021875 0.5945453875 0.5114114578125 0.6028707843750001
1 0.42011954375 0.4731098703125 0.409210565625 0.48086111093749995 0.400597965625 0.4891865078125 0.3914114578125 0.50181795625 0.384521578125 0.5130141375 0.37964112031249997 0.5302390875 0.37935391875 0.5345453874999999 0.39715302656249996 0.5457415671875 0.406913690625 0.5124399796875 0.43102852187499996 0.48287078437500003 0.4307415671875 0.48057415625 0.42011954375 0.4731098703125
1 0.62428670625 0.8086274796874999 0.6336937 0.7988588796875 0.6358643359375 0.78040699375 0.6412914187500001 0.7735327375 0.6503365578125 0.7814923109375 0.660105159375 0.7847485125 0.670959325 0.7858338296875 0.6879637890625 0.7833013390625 0.6933908734374999 0.7782361109375 0.7009888390625 0.7720855656250001 0.7143754953125 0.7757033734375 0.707501240625 0.808265625 0.7154608140625001 0.81188368125 0.7237822421875 0.8017532234375 0.7255912703125 0.78366319375 0.7252294140625 0.7717237109374999 0.7270384421875 0.7471210312500001 0.7252294140625 0.7333727671875 0.7201641859375 0.721433284375 0.7154608140625001 0.715282490625 0.6373115078125 0.7102172625 0.622477678125 0.711302828125 0.618498015625 0.7293928578125 0.6137943953125 0.731925346875 0.5367306546874999 0.728669146875 0.5309419640625 0.7236039187500001 0.510319196875 0.72686011875 0.5048921125 0.74060863125 0.5019977671875 0.761955109375 0.5038067953125 0.77461805625 0.518640625 0.778597965625 0.527685515625 0.7775124015625 0.533836309375 0.7757033734375 0.5493938484374999 0.7782361109375 0.5671220234375001 0.778959821875 0.5721872515624999 0.77715079375 0.59027728125 0.77787425625 0.619221478125 0.7843866562499999 0.618498015625 0.7887284218749999 0.619221478125 0.7937936515625 0.62428670625 0.8086274796874999
1 0.79686631875 0.5806922125 0.8004843749999999 0.5810540671875 0.806273065625 0.5741798109375 0.8088058031250001 0.5716470734375 0.8102529765625001 0.5647728171875 0.816403521875 0.5607931546875 0.8189362593749999 0.55030084375 0.8370262890625 0.523889384375 0.836664434375 0.5159295640625 0.8493276296875001 0.49458333281250005 0.8457095734375001 0.487347221875 0.8341319437499999 0.480834821875 0.8254486609375 0.480472965625 0.823277778125 0.4830057046875 0.8069967765625 0.50181944375 0.799398809375 0.5029047624999999 0.779137896875 0.5271455859375 0.7722638890625 0.53582886875 0.76683680625 0.5412557046875001 0.7617715781250001 0.5423412703125 0.7570682046874999 0.5499389875 0.7552591765625001 0.555366071875 0.7552591765625001 0.5578985609375 0.7643040671875 0.5593459828125 0.7776907234375 0.5669437 0.78709771875 0.57635069375 0.792162946875 0.5796068953125 0.79686631875 0.5806922125
1 0.8174890874999999 0.42801165625 0.8149563484375 0.4204139390625 0.80735863125 0.4153487109375 0.7979516375 0.413177828125 0.78782118125 0.4153487109375 0.782032490625 0.41788119999999995 0.775881696875 0.4236701390625 0.7747963796875 0.432353421875 0.7787762890625001 0.4439310515625 0.7867358624999999 0.44754910781249996 0.7990372031249999 0.45008159687499993 0.8080820937500001 0.44791096250000006 0.8156800593750001 0.43886582343749997 0.8174890874999999 0.42801165625
1 0.7169079859374999 0.41751959375 0.7143754953125 0.42728819375000004 0.7122046125 0.43126810468750004 0.7187170140625 0.4319915671875 0.7255912703125 0.42909722187500005 0.73282738125 0.42294642812500005 0.734274553125 0.4186049109375 0.7368072921875 0.4110071921875 0.7357217265625 0.40123834374999995 0.7306564984375 0.39436408749999996 0.727400296875 0.39327877031249997 0.7201641859375 0.392193453125 0.714013640625 0.38929885937500003 0.700626984375 0.392555059375 0.69230555625 0.401962053125 0.6977326390624999 0.40051488125 0.7089484125000001 0.40521825468749995 0.7143754953125 0.4106453375 0.7161845234374999 0.4142633921875 0.7169079859374999 0.41751959375