3 0.9823908734375 0.8727678578125 0.999751984375 0.8663194437499999 0.999751984375 0.8291170640625 0.9823908734375 0.82762896875 0.9670138890625 0.8234126984374999 0.950644840625 0.8209325390625001 0.943204365625 0.818700396875 0.9263392859374999 0.8174603171875001 0.9084821421875 0.8209325390625001 0.8804563484375001 0.828373015625 0.8330853171875001 0.84325396875 0.8196924609374999 0.846478175 0.8107638890625 0.8504464281249999 0.8048115078125001 0.8509424609374999 0.7921626984375 0.85615079375 0.783978175 0.8573908734375 0.744295634375 0.8705357140625001 0.743799603125 0.874751984375 0.9672619046875001 0.874751984375 0.971726190625 0.8727678578125 0.9823908734375 0.8727678578125
3 0.3400297625 0.6738591265625 0.33928571406249997 0.6768353171875 0.3395337296875 0.6889880953125 0.341269840625 0.6917162703125 0.341269840625 0.6951884921875 0.343501984375 0.697420634375 0.35342261875 0.700396825 0.361855159375 0.7013888890625 0.3923611109375 0.709325396875 0.5173611109375 0.73387896875 0.543898809375 0.737351190625 0.5481150796875001 0.7390873015625 0.568700396875 0.7425595234375 0.572420634375 0.74404761875 0.599454365625 0.7490079359374999 0.6029265875 0.75049603125 0.6297123015625 0.7547123015625 0.6483134921875 0.759424603125 0.6822916671875 0.76612103125 0.708829365625 0.7710813484375 0.7227182546875001 0.7723214281249999 0.72842261875 0.7743055562500001 0.7480158734375 0.7775297625 0.7519841265625 0.7797619046875 0.884424603125 0.8053075390625001 0.903521825 0.8077876984374999 0.9077380953124999 0.809523809375 0.919146825 0.8110119046875001 0.9228670640625 0.812748015625 0.9320436515624999 0.8147321421875 0.9548611109375 0.8179563484375001 0.9623015875 0.8204365078125001 0.999751984375 0.8258928578125 0.999751984375 0.769097221875 0.9880952375 0.768105159375 0.98387896875 0.7668650796875001 0.9823908734375 0.76512896875 0.97470238125 0.7636408734375 0.9610615078125001 0.76240079375 0.9476686515624999 0.759920634375 0.9414682546875 0.7576884921875 0.877976190625 0.7462797625 0.8712797625 0.7460317453124999 0.8382936515624999 0.74032738125 0.8298611109375 0.73759920625 0.8234126984374999 0.737351190625 0.7988591265625 0.7321428578125 0.7924107140625 0.731894840625 0.7802579359374999 0.7289186515625 0.759920634375 0.7261904765625 0.7519841265625 0.7237103171875 0.7296626984375 0.7207341265625 0.6460813484375 0.7053571421875 0.6339285718750001 0.7041170640625001 0.578125 0.6927083328125 0.5362103171875 0.6865079359374999 0.5198412703125 0.6830357140625 0.5091765875 0.6820436515625 0.4982638890625 0.6788194437499999 0.490575396875 0.678075396875 0.48214285781250005 0.6755952375 0.4742063484375 0.67509920625 0.44122023749999995 0.6676587296875 0.43948412656249997 0.6651785718750001 0.43824404687499996 0.6681547625 0.43154761875 0.6696428578125 0.424355159375 0.668898809375 0.42113095312500004 0.6666666671875 0.41195436562500004 0.6636904765625 0.393353175 0.6631944437499999 0.3851686515625 0.6617063484375 0.38194444375000003 0.66220238125 0.37450396874999997 0.65947420625 0.37152777812500004 0.659722221875 0.37177579375 0.6612103171875 0.3700396828125 0.661954365625 0.36383928593750003 0.6629464281249999 0.35838293593750004 0.6604662703125 0.359623015625 0.6582341265625 0.3635912703125 0.65674603125 0.3452380953125 0.6542658734375 0.3415178578125 0.6515376984375 0.3395337296875 0.653769840625 0.3382936515625 0.659722221875 0.3397817453125 0.6646825390625 0.3390376984375 0.671130953125 0.3400297625 0.6738591265625
3 0.34027777812500004 0.6617063484375 0.3400297625 0.67137896875 0.3415178578125 0.6736111109375 0.34275793593750004 0.67237103125 0.343501984375 0.66865079375 0.3422619046875 0.65625 0.34474206406249996 0.653521825 0.3484623015625 0.6542658734375 0.353670634375 0.653521825 0.362351190625 0.655505953125 0.36904761875 0.655505953125 0.3767361109375 0.658730159375 0.3856646828125 0.6604662703125 0.40426587343750003 0.659722221875 0.40699404687499996 0.662450396875 0.4117063484375 0.6634424609375 0.41815476250000005 0.6626984125 0.4325396828125 0.6582341265625 0.4360119046875 0.659722221875 0.4375 0.662450396875 0.4439484125 0.6651785718750001 0.44469246093750003 0.668402778125 0.44717261875 0.669394840625 0.4893353171875 0.6768353171875 0.4945436515625 0.6765873015625 0.5017361109375 0.6793154765625 0.5515873015625 0.6875 0.6054067453124999 0.6914682546875001 0.6741071421875 0.6984126984375 0.77529761875 0.70634920625 0.7834821421875 0.706101190625 0.79092261875 0.7075892859375 0.837549603125 0.7120535718750001 0.8678075390625001 0.712549603125 0.8732638890625 0.713045634375 0.8767361109375 0.7145337296875 0.924355159375 0.718005953125 0.965773809375 0.7227182546875001 0.999751984375 0.724950396875 0.999751984375 0.6428571421875 0.9826388890625 0.64112103125 0.8167162703124999 0.6326884921875 0.7834821421875 0.6314484125 0.7748015875 0.6319444437499999 0.7676091265625 0.63095238125 0.7591765875 0.631200396875 0.7564484125 0.6302083328125 0.743799603125 0.6304563484375 0.736855159375 0.6289682546875001 0.681795634375 0.6262400796875001 0.6664186515625 0.627728175 0.6577380953125 0.6269841265625 0.6542658734375 0.625 0.6259920640625001 0.6227678578125 0.6073908734375 0.6183035718750001 0.6026785718750001 0.618799603125 0.599454365625 0.6173115078125 0.5949900796875001 0.6178075390625 0.583829365625 0.615575396875 0.528769840625 0.6178075390625 0.505704365625 0.6207837296875 0.5009920640625001 0.6207837296875 0.49776785781250005 0.6195436515625 0.49603174531249994 0.621527778125 0.4985119046875 0.6264880953125 0.497519840625 0.6287202375 0.493799603125 0.630704365625 0.49007936562500004 0.6302083328125 0.48784722187499996 0.6336805562500001 0.4856150796875 0.6319444437499999 0.4853670640625 0.6302083328125 0.4826388890625 0.628472221875 0.468998015625 0.627480159375 0.468501984375 0.624255953125 0.46676587343750003 0.6230158734375 0.3990575390625 0.628472221875 0.3789682546875 0.6287202375 0.3477182546875 0.6316964281249999 0.3420138890625 0.6331845234375 0.3390376984375 0.641369046875 0.3385416671875 0.6483134921875 0.34027777812500004 0.6579861109375 0.3395337296875 0.65947420625 0.34027777812500004 0.6617063484375
3 0.915674603125 0.7333829359374999 0.9412202375 0.73759920625 0.9704861109375 0.7452876984375 0.999751984375 0.7514880953125 0.999751984375 0.724950396875 0.89657738125 0.716021825 0.849950396875 0.7137896828125 0.8447420640625 0.7145337296875 0.8447420640625 0.71552579375 0.872519840625 0.7239583328125 0.8973214281249999 0.728670634375 0.915674603125 0.7333829359374999
3 0.7790178578125 0.7239583328125 0.7792658734375 0.7264384921875 0.7829861109375 0.7276785718750001 0.791170634375 0.7274305562500001 0.79365079375 0.7251984125 0.7956349203124999 0.7259424609375 0.79737103125 0.7294146828125 0.802579365625 0.7304067453124999 0.8050595234375001 0.728174603125 0.8075396828124999 0.7276785718750001 0.809523809375 0.7242063484375 0.8144841265625 0.7261904765625 0.8179563484375001 0.7239583328125 0.8137400796875 0.721230159375 0.81200396875 0.7165178578125 0.8105158734375 0.715277778125 0.806795634375 0.718005953125 0.799851190625 0.718005953125 0.79737103125 0.721230159375 0.7931547625 0.7234623015625 0.7862103171875 0.7227182546875001 0.7790178578125 0.7239583328125
3 0.9238591265625 0.7537202375 0.93154761875 0.756200396875 0.9476686515624999 0.7576884921875 0.962549603125 0.7619047625 0.999751984375 0.766369046875 0.999751984375 0.7519841265625 0.9737103171875001 0.7452876984375 0.965773809375 0.7445436515625 0.96279761875 0.7430555562500001 0.9241071421875 0.73387896875 0.9134424609374999 0.7328869046875 0.881200396875 0.7256944437499999 0.868799603125 0.7237103171875 0.8645833328125001 0.7259424609375 0.856894840625 0.7264384921875 0.8511904765624999 0.7299107140625 0.831597221875 0.73487103125 0.830853175 0.7358630953125 0.83407738125 0.7385912703125 0.8415178578125 0.7408234125 0.9238591265625 0.7537202375
3 0.3735119046875 0.872519840625 0.3767361109375 0.874751984375 0.5384424609375 0.874751984375 0.5429067453124999 0.8730158734375 0.552579365625 0.872023809375 0.5667162703125 0.8675595234375001 0.580605159375 0.861855159375 0.6170634921875 0.8509424609374999 0.66592261875 0.83407738125 0.703869046875 0.8239087296875001 0.7137896828125 0.8234126984374999 0.71875 0.8209325390625001 0.722222221875 0.8169642859374999 0.72842261875 0.8177083328125001 0.7323908734375 0.8167162703124999 0.736855159375 0.8115079359375 0.7398313484375 0.8105158734375 0.7460317453124999 0.8105158734375 0.7552083328125 0.8058035718750001 0.7638888890625 0.8053075390625001 0.76612103125 0.80654761875 0.765625 0.80927579375 0.7668650796875001 0.8110119046875001 0.7708333328125 0.8075396828124999 0.775545634375 0.810019840625 0.7792658734375 0.8080357140625001 0.781498015625 0.8048115078125001 0.78125 0.7983630953125 0.7827380953125 0.7946428578125 0.7904265875 0.7921626984375 0.7946428578125 0.7929067453124999 0.7958829359374999 0.7914186515625 0.7792658734375 0.7857142859375 0.755704365625 0.781498015625 0.7380952375 0.7800099203124999 0.7326388890625 0.7767857140625 0.7234623015625 0.775049603125 0.702876984375 0.7733134921875 0.6959325390625 0.7723214281249999 0.69345238125 0.7710813484375 0.6889880953125 0.771329365625 0.6857638890625 0.7695932546875001 0.6696428578125 0.7668650796875001 0.66220238125 0.7646329359374999 0.6507936515625 0.7646329359374999 0.365575396875 0.8521825390625001 0.3613591265625 0.8541666671874999 0.35838293593750004 0.8544146828124999 0.353670634375 0.856894840625 0.35267857187499996 0.8583829359375 0.35243055624999997 0.865575396875 0.353670634375 0.8695436515624999 0.3611111109375 0.8727678578125 0.3735119046875 0.872519840625
3 0.34821428593750003 0.803075396875 0.35069444375000003 0.8258928578125 0.3511904765625 0.8454861109375 0.3519345234375 0.853174603125 0.353174603125 0.8546626984374999 0.3544146828125 0.8546626984374999 0.36904761875 0.8506944437499999 0.3767361109375 0.8474702375 0.3893849203125 0.8449900796875 0.40029761875 0.840773809375 0.41046627031250005 0.8387896828124999 0.4861111109375 0.815476190625 0.4945436515625 0.81200396875 0.52802579375 0.803075396875 0.575396825 0.7881944437499999 0.5803571421875 0.7857142859375 0.6029265875 0.7790178578125 0.606646825 0.7770337296875 0.6326884921875 0.7693452375 0.6428571421875 0.7678571421875 0.6458333328125 0.762152778125 0.6386408734375 0.7586805562500001 0.624255953125 0.7576884921875 0.611855159375 0.7544642859375 0.549603175 0.7428075390625 0.543898809375 0.7450396828125 0.5396825390625 0.7450396828125 0.5334821421875 0.747023809375 0.5295138890625 0.7410714281249999 0.5210813484375 0.7413194437499999 0.5146329359374999 0.7435515875 0.509424603125 0.743799603125 0.50595238125 0.7455357140625 0.4898313484375 0.74677579375 0.48239087343750003 0.7487599203124999 0.44940476250000005 0.752728175 0.388144840625 0.764880953125 0.3831845234375 0.7673611109375 0.35838293593750004 0.7705853171875 0.3511904765625 0.7733134921875 0.34821428593750003 0.7795138890625 0.3492063484375 0.78125 0.3474702375 0.7854662703125 0.3484623015625 0.794146825 0.34821428593750003 0.803075396875
3 0.3492063484375 0.7710813484375 0.380704365625 0.76612103125 0.4950396828125 0.7450396828125 0.5178571421875 0.740575396875 0.5233134921875 0.7385912703125 0.521329365625 0.7358630953125 0.5017361109375 0.734126984375 0.4908234125 0.7294146828125 0.47867063437499996 0.7276785718750001 0.47073412656249997 0.724950396875 0.44990079375 0.722222221875 0.4424603171875 0.719494046875 0.3732638890625 0.7075892859375 0.365079365625 0.7078373015625 0.35342261875 0.7100694437499999 0.343005953125 0.7108134921875 0.341269840625 0.7132936515625 0.3415178578125 0.728174603125 0.34474206406249996 0.7678571421875 0.346230159375 0.7698412703125 0.3492063484375 0.7710813484375
3 0.27157738125 0.4895833328125 0.2748015875 0.490575396875 0.43055555625 0.49677579375 0.48363095312500004 0.49652777812500004 0.5548115078125 0.4982638890625 0.5605158734375 0.4982638890625 0.5672123015625 0.49652777812500004 0.5699404765625 0.49553571406249997 0.5709325390625 0.49280753906249997 0.5691964281249999 0.47247023749999995 0.5679563484375 0.4702380953125 0.5696924609375 0.4632936515625 0.5669642859375 0.459821428125 0.5674603171875 0.4484126984375 0.565228175 0.443700396875 0.5669642859375 0.43948412656249997 0.5644841265625 0.434523809375 0.562748015625 0.43948412656249997 0.5642361109375 0.44320436562500004 0.56200396875 0.4456845234375 0.559771825 0.44618055625 0.39955357187499996 0.43154761875 0.3921130953125 0.428075396875 0.3762400796875 0.42609127031250005 0.37177579375 0.424603175 0.3420138890625 0.4228670640625 0.328869046875 0.421626984375 0.3107638890625 0.41840277812500004 0.2864583328125 0.4169146828125 0.27678571406249997 0.419394840625 0.278521825 0.422123015625 0.278521825 0.42509920625 0.28025793593750004 0.428571428125 0.2748015875 0.4300595234375 0.2733134921875 0.42881944375 0.2710813484375 0.4293154765625 0.27008928593750003 0.4422123015625 0.2676091265625 0.450644840625 0.266369046875 0.4613095234375 0.26612103125000003 0.47247023749999995 0.2673611109375 0.4853670640625 0.27008928593750003 0.487103175 0.27157738125 0.4895833328125
3 0.340773809375 0.631200396875 0.3454861109375 0.6297123015625 0.3658234125 0.6292162703125 0.3829365078125 0.6264880953125 0.41344246093750003 0.624751984375 0.42113095312500004 0.6227678578125 0.431299603125 0.62177579375 0.444196428125 0.622271825 0.453125 0.6205357140625 0.5763888890625 0.6138392859375 0.5853174609375 0.612351190625 0.64657738125 0.609126984375 0.80887896875 0.5974702375 0.81845238125 0.5974702375 0.831597221875 0.5952380953125 0.8727678578125 0.59325396875 0.890873015625 0.590277778125 0.97470238125 0.5858134921875 0.97842261875 0.5833333328125 0.999751984375 0.5823412703125 0.999751984375 0.5300099203124999 0.9702380953124999 0.53174603125 0.9672619046875001 0.5327380953125 0.946924603125 0.53447420625 0.9082341265625 0.5364583328125 0.8673115078125001 0.540674603125 0.8373015875 0.5421626984375 0.8191964281249999 0.544394840625 0.7760416671875 0.546875 0.6793154765625 0.5550595234375 0.6264880953125 0.5580357140625 0.548390625 0.5642361109375 0.528273809375 0.5637400796875001 0.51103670625 0.565476190625 0.4429563484375 0.5662202375 0.4362599203125 0.5674603171875 0.41071428593750003 0.568204365625 0.4047619046875 0.5689484125 0.4079861109375 0.5711805562500001 0.41319444375 0.5711805562500001 0.4139384921875 0.5761408734375 0.400049603125 0.575396825 0.3918650796875 0.5766369046875 0.387896825 0.578373015625 0.38616071406249997 0.577380953125 0.3829365078125 0.577380953125 0.3787202375 0.580853175 0.3611111109375 0.5798611109375 0.3576388890625 0.580853175 0.33779761875 0.5818452375 0.3353174609375 0.5833333328125 0.33482142812500004 0.5984623015625 0.3360615078125 0.6237599203124999 0.337549603125 0.6299603171875 0.340773809375 0.631200396875
3 0.74677579375 0.6304563484375 0.75595238125 0.6299603171875 0.762896825 0.631200396875 0.812251984375 0.6321924609375 0.931299603125 0.6383928578125 0.9672619046875001 0.6388888890625 0.9724702375 0.6359126984375 0.97197420625 0.6316964281249999 0.974454365625 0.6302083328125 0.9727182546875 0.630704365625 0.9670138890625 0.627728175 0.968005953125 0.6230158734375 0.971726190625 0.621527778125 0.966021825 0.6175595234375 0.9298115078125001 0.6158234125 0.8973214281249999 0.619295634375 0.8921130953124999 0.6170634921875 0.8893849203125 0.6113591265625 0.8866567453125 0.610119046875 0.718998015625 0.6130952375 0.7016369046875 0.6143353171875 0.6810515875 0.6138392859375 0.67782738125 0.6178075390625 0.6790674609375 0.62450396875 0.6875 0.6262400796875001 0.7395833328125 0.6289682546875001 0.74677579375 0.6304563484375
3 0.653769840625 0.5205853171875 0.6522817453124999 0.5248015875 0.6517857140625 0.53075396875 0.6540178578125 0.534226190625 0.6617063484375 0.5364583328125 0.6646825390625 0.5357142859375 0.6783234125 0.5359623015625 0.6832837296875 0.5349702375 0.69345238125 0.5359623015625 0.69717261875 0.53447420625 0.70907738125 0.5362103171875 0.7132936515625 0.534226190625 0.718005953125 0.5362103171875 0.71825396875 0.536954365625 0.7150297625 0.5394345234375 0.7948908734375 0.5421626984375 0.8544146828124999 0.5394345234375 0.8665674609374999 0.5376984125 0.908730159375 0.53447420625 0.9154265875 0.5334821421875 0.9151785718750001 0.530505953125 0.9171626984374999 0.527777778125 0.91592261875 0.5265376984375 0.9126984125 0.5275297625 0.9074900796875 0.5248015875 0.8836805562500001 0.5225694437499999 0.8348214281249999 0.5114087296875 0.7991071421875 0.505704365625 0.7948908734375 0.5039682546875001 0.771825396875 0.49950396875 0.7514880953125 0.497023809375 0.731646825 0.4920634921875 0.690476190625 0.4858630953125 0.668898809375 0.48090277812500004 0.6607142859375 0.47991071406249997 0.6542658734375 0.48065476250000005 0.6517857140625 0.4895833328125 0.6517857140625 0.4987599203125 0.653273809375 0.5037202375 0.6525297625 0.5136408734375 0.653769840625 0.5205853171875
3 0.3390376984375 0.56845238125 0.35505952343749997 0.5679563484375 0.36284722187499996 0.5689484125 0.408978175 0.5662202375 0.4751984125 0.5642361109375 0.49156746093750003 0.56299603125 0.5012400796875001 0.5607638890625 0.5230654765625 0.560019840625 0.5329861109375 0.560019840625 0.5486111109375 0.562251984375 0.556795634375 0.56200396875 0.6609623015625 0.5540674609375 0.6604662703125 0.5491071421875 0.65811011875 0.5486111109375 0.6522817453124999 0.5416666671875 0.653769840625 0.5396825390625 0.6525297625 0.5367063484375 0.64657738125 0.533978175 0.6426091265625 0.5352182546875001 0.618799603125 0.5359623015625 0.593501984375 0.5352182546875001 0.5882936515625 0.53075396875 0.5848214281249999 0.51884920625 0.5791170640625001 0.512152778125 0.5771329359374999 0.5114087296875 0.536954365625 0.5109126984375 0.5101686515625 0.509424603125 0.3783067953125 0.5079365078125 0.3417658734375 0.5064484125 0.3353174609375 0.5069444437499999 0.33134920625 0.5114087296875 0.330853175 0.5195932546875001 0.3328373015625 0.5602678578125 0.334325396875 0.56572420625 0.3390376984375 0.56845238125
3 0.5858134921875 0.518353175 0.5890376984375 0.525049603125 0.5897817453124999 0.530505953125 0.5949900796875001 0.533978175 0.62450396875 0.53447420625 0.6416170640625001 0.5332341265625 0.650545634375 0.52802579375 0.6510416671875 0.515625 0.650545634375 0.5106646828125 0.6490575390625 0.5076884921875 0.65029761875 0.5039682546875001 0.646329365625 0.4982638890625 0.646329365625 0.4950396828125 0.6443452375 0.49801587343750003 0.6388888890625 0.49950396875 0.6326884921875 0.499751984375 0.5920138890625 0.497271825 0.5798611109375 0.497519840625 0.578869046875 0.4985119046875 0.578869046875 0.502480159375 0.5818452375 0.513144840625 0.5858134921875 0.518353175
3 0.5734126984375 0.4952876984375 0.630704365625 0.499751984375 0.6391369046875 0.49925595312500004 0.64112103125 0.4982638890625 0.643105159375 0.4947916671875 0.646329365625 0.49677579375 0.6485615078125 0.49280753906249997 0.6490575390625 0.48065476250000005 0.6460813484375 0.4779265875 0.5763888890625 0.46155753906249997 0.568204365625 0.462549603125 0.5674603171875 0.4632936515625 0.5677083328125 0.4699900796875 0.5699404765625 0.4925595234375 0.5734126984375 0.4952876984375
3 0.57217261875 0.46279761875 0.591021825 0.4670138890625 0.5957341265625 0.4672619046875 0.6019345234375 0.46924603125 0.6200396828125 0.471478175 0.622271825 0.47247023749999995 0.6272321421875 0.47222222187499996 0.6314484125 0.4702380953125 0.6388888890625 0.47271825468750006 0.9699900796875 0.535523065625 0.9957837296875001 0.5275890375000001 0.639880953125 0.46304563437499996 0.6383928578125 0.4605654765625 0.6351686515625 0.4613095234375 0.6302083328125 0.4595734125 0.6272321421875 0.4608134921875 0.624255953125 0.4595734125 0.6197916671875 0.459325396875 0.61532738125 0.45709325468750006 0.6140873015625 0.453373015625 0.6130952375 0.43675595312500004 0.611855159375 0.43179563437499996 0.6113591265625 0.4139384921875 0.608630953125 0.40972222187499996 0.5917658734375 0.40674603125 0.5890376984375 0.408730159375 0.5801091265625 0.4112103171875 0.5761408734375 0.4136904765625 0.57217261875 0.4231150796875 0.5696924609375 0.44196428593750003 0.5696924609375 0.44990079375 0.568204365625 0.4543650796875 0.568204365625 0.46031746093750003 0.57217261875 0.46279761875
3 0.61904761875 0.453373015625 0.62822420625 0.4583333328125 0.6383928578125 0.4595734125 0.6470734125 0.462053571875 0.6822916671875 0.466021825 0.6894841265625 0.46924603125 0.7008928578125 0.47073412656249997 0.709325396875 0.4734623015625 0.7638888890625 0.48239087343750003 0.791170634375 0.48834325468750006 0.8048115078125001 0.4893353171875 0.809027778125 0.49032738125 0.8142361109375 0.493303571875 0.825148809375 0.4945436515625 0.8457341265625 0.49950396875 0.9623015875 0.521329365625 0.9821428578125 0.5233134921875 0.9897487593750001 0.5225694437499999 0.999751984375 0.5230654765625 0.999751984375 0.4454365078125 0.98487103125 0.44345238125 0.9833829359375 0.4456845234375 0.984126984375 0.4484126984375 0.9732142859374999 0.45634920625 0.9704861109375 0.456101190625 0.9595734125 0.453125 0.94717261875 0.4518849203125 0.9392361109375 0.44915674531249994 0.9102182546875 0.4429563484375 0.9020337296875001 0.439980159375 0.8764880953124999 0.434771825 0.8730158734375 0.43303571406249997 0.862103175 0.43154761875 0.8581349203125 0.4298115078125 0.811755953125 0.4201388890625 0.7981150796875001 0.41592261875 0.7554563484375 0.40699404687499996 0.7390873015625 0.40277777812500004 0.728670634375 0.3978174609375 0.7207341265625 0.3983134921875 0.7167658734375 0.396825396875 0.715773809375 0.3945932546875 0.721726190625 0.3928571421875 0.7142857140625 0.3866567453125 0.7048611109375 0.38169642812500004 0.699652778125 0.3814484125 0.696924603125 0.37822420625 0.693204365625 0.3762400796875 0.690972221875 0.3767361109375 0.6892361109375 0.375248015625 0.6887400796875001 0.372023809375 0.687251984375 0.3697916671875 0.6728670640625001 0.359623015625 0.662450396875 0.3576388890625 0.6542658734375 0.3571428578125 0.6460813484375 0.359126984375 0.640873015625 0.3658234125 0.6207837296875 0.3851686515625 0.6175595234375 0.38715277812500004 0.6111111109375 0.3960813484375 0.6108630953125 0.4109623015625 0.6140873015625 0.4513888890625 0.61532738125 0.452876984375 0.61904761875 0.453373015625
3 0.7204861109375 0.390873015625 0.7227182546875001 0.3945932546875 0.72197420625 0.3958333328125 0.7274305562500001 0.3970734125 0.73387896875 0.4007936515625 0.7462797625 0.403769840625 0.7554563484375 0.4072420640625 0.7792658734375 0.412450396875 0.783978175 0.4126984125 0.84970238125 0.428571428125 0.90029761875 0.43973214218749995 0.91220238125 0.44072420625 0.9179067453125 0.4429563484375 0.9285714281249999 0.4439484125 0.931299603125 0.44618055625 0.9389880953124999 0.446924603125 0.9414682546875 0.44866071406249997 0.9494047625 0.44965277812500004 0.9546130953124999 0.4516369046875 0.9665178578125 0.453373015625 0.971726190625 0.45238095312500004 0.9742063484375001 0.4543650796875 0.9767485125 0.45262896875 0.9828869046875001 0.452876984375 0.9883432546875 0.4516369046875 0.9853670640625 0.450644840625 0.981894840625 0.446428571875 0.981894840625 0.44444444375 0.9831349203125 0.44320436562500004 0.9821428578125 0.4422123015625 0.9774305562500001 0.44345238125 0.9766865078125001 0.446428571875 0.9732142859374999 0.4479166671875 0.9667658734375 0.44122023749999995 0.96279761875 0.43973214218749995 0.9613095234375001 0.44171627031250005 0.956597221875 0.4424603171875 0.9551091265625 0.44122023749999995 0.955605159375 0.43973214218749995 0.953125 0.43799603125 0.9518849203125 0.43526785781250005 0.947420634375 0.4320436515625 0.9461805562500001 0.4322916671875 0.9454365078125001 0.43700396875 0.9439484125 0.4387400796875 0.9375 0.43700396875 0.9389880953124999 0.43402777812500004 0.9375 0.430803571875 0.9231150796875 0.4310515875 0.9117063484375001 0.4300595234375 0.906001984375 0.4270833328125 0.9042658734375 0.424851190625 0.8960813484375001 0.42757936562500004 0.889880953125 0.42509920625 0.8888888890625 0.42237103125 0.8891369046875001 0.419146825 0.87822420625 0.418898809375 0.875744046875 0.41468253906249997 0.875248015625 0.40997023749999995 0.87118055625 0.40565476250000004 0.8700396828124999 0.40302579375 0.8700396828124999 0.3958333328125 0.8678075390625001 0.38715277812500004 0.8678075390625001 0.38392857187499996 0.8727678578125 0.375 0.8712797625 0.3732638890625 0.8663194437499999 0.3712797625 0.716021825 0.3296130953125 0.712549603125 0.3293650796875 0.708829365625 0.327380953125 0.6941964281249999 0.32490079375 0.690476190625 0.325644840625 0.6865079359374999 0.328869046875 0.684027778125 0.3345734125 0.6808035718750001 0.33779761875 0.675347221875 0.3514384921875 0.67509920625 0.3606150796875 0.6783234125 0.36383928593750003 0.7075892859375 0.38368055624999997 0.7204861109375 0.390873015625
3 0.872519840625 0.403521825 0.8767361109375 0.41046627031250005 0.88467261875 0.415178571875 0.896329365625 0.419394840625 0.9107142859374999 0.4231150796875 0.999751984375 0.44320436562500004 0.999751984375 0.3730158734375 0.9950396828124999 0.3707837296875 0.97842261875 0.3668154765625 0.9751984125 0.3640873015625 0.9675099203125 0.3608630953125 0.952380953125 0.3576388890625 0.94717261875 0.35615079375 0.943204365625 0.353670634375 0.9392361109375 0.3539186515625 0.93700396875 0.3519345234375 0.9268353171875001 0.349950396875 0.9203869046875001 0.3516865078125 0.918402778125 0.353670634375 0.9107142859374999 0.3576388890625 0.9082341265625 0.3576388890625 0.903521825 0.35987103125000003 0.8978174609374999 0.3640873015625 0.890873015625 0.3665674609375 0.8886408734375 0.3700396828125 0.8821924609374999 0.37053571406249997 0.8799603171875001 0.3732638890625 0.87450396875 0.375744046875 0.871527778125 0.380704365625 0.86904761875 0.3826884921875 0.8683035718750001 0.38392857187499996 0.8685515875 0.388144840625 0.8707837296875001 0.393105159375 0.872519840625 0.403521825
3 0.8705357140625001 0.37152777812500004 0.8767361109375 0.374255953125 0.9139384921874999 0.3554067453125 0.9228670640625 0.3489583328125 0.9208829359375 0.346230159375 0.9126984125 0.343005953125 0.877728175 0.3328373015625 0.87177579375 0.3293650796875 0.865079365625 0.328125 0.8611111109375 0.32862103125000003 0.859623015625 0.330605159375 0.8576388890625 0.33134920625 0.838045634375 0.3501984125 0.8318452375 0.35491071406249997 0.8298611109375 0.35838293593750004 0.8320932546875 0.3611111109375 0.8611111109375 0.3697916671875 0.8705357140625001 0.37152777812500004
3 0.3767361109375 0.2606646828125 0.37599206406249996 0.26215277812500004 0.3767361109375 0.26463293593750004 0.3792162703125 0.2641369046875 0.38194444375000003 0.26512896874999997 0.3834325390625 0.2671130953125 0.384424603125 0.2757936515625 0.38392857187499996 0.2790178578125 0.3864087296875 0.28447420625 0.3851686515625 0.3020833328125 0.3859126984375 0.3112599203125 0.388144840625 0.31919642812500004 0.3886408734375 0.32862103125000003 0.391369046875 0.334325396875 0.3948412703125 0.3358134921875 0.40848214218749995 0.3373015875 0.4270833328125 0.3420138890625 0.5376984125 0.36383928593750003 0.5486111109375 0.365575396875 0.559027778125 0.3658234125 0.565228175 0.368799603125 0.5989583328125 0.37400793593750004 0.6057787703125 0.37400793593750004 0.6113591265625 0.3764880953125 0.6195436515625 0.3772321421875 0.6227678578125 0.37847222187499996 0.627480159375 0.375744046875 0.6287202375 0.37400793593750004 0.73759920625 0.3358134921875 0.7447916671875 0.3365575390625 0.7517361109375 0.3387896828125 0.7537202375 0.3373015875 0.752976190625 0.33506944375000003 0.755704365625 0.3226686515625 0.7544642859375 0.318700396875 0.7482638890625 0.3139880953125 0.7361111109375 0.3107638890625 0.514880953125 0.2574404765625 0.4010416671875 0.2289186515625 0.3926091265625 0.2321428578125 0.387896825 0.23759920625 0.3864087296875 0.24131944375 0.38392857187499996 0.24330357187499999 0.38169642812500004 0.24925595312499998 0.38169642812500004 0.2579365078125 0.3792162703125 0.26116071406249997 0.3767361109375 0.2606646828125
3 0.825644840625 0.35987103125000003 0.828869046875 0.359126984375 0.831597221875 0.35491071406249997 0.8477182546875 0.34027777812500004 0.846726190625 0.3385416671875 0.84325396875 0.33705357187499996 0.825148809375 0.3330853171875 0.784226190625 0.31944444375000003 0.7733134921875 0.3167162703125 0.7676091265625 0.31349206406249996 0.76240079375 0.3137400796875 0.7571924609375 0.31845238125 0.756200396875 0.3199404765625 0.7547123015625 0.330605159375 0.7549603171875 0.3400297625 0.75595238125 0.340773809375 0.7914186515625 0.3511904765625 0.825644840625 0.35987103125000003
3 0.3298611109375 0.3082837296875 0.3673115078125 0.3167162703125 0.384920634375 0.31919642812500004 0.3856646828125 0.3172123015625 0.38467261875 0.2946428578125 0.3856646828125 0.284226190625 0.384424603125 0.278273809375 0.3851686515625 0.2728174609375 0.38392857187499996 0.2671130953125 0.38194444375000003 0.2641369046875 0.3804563484375 0.255704365625 0.38169642812500004 0.246527778125 0.38095238125 0.24404761874999997 0.38194444375000003 0.2423115078125 0.38467261875 0.24107142812500001 0.38616071406249997 0.237847221875 0.3856646828125 0.23710317500000003 0.372519840625 0.23164682499999997 0.3487103171875 0.2279265875 0.33779761875 0.22445436562499999 0.3353174609375 0.23164682499999997 0.3293650796875 0.2581845234375 0.3263888890625 0.264880953125 0.3261408734375 0.2703373015625 0.328373015625 0.2849702375 0.328373015625 0.30555555624999997 0.3298611109375 0.3082837296875
3 0.313244046875 0.390873015625 0.3216765875 0.4045138890625 0.330605159375 0.40848214218749995 0.3400297625 0.408978175 0.3452380953125 0.4112103171875 0.3546626984375 0.41195436562500004 0.36383928593750003 0.4139384921875 0.3772321421875 0.4141865078125 0.38715277812500004 0.41319444375 0.3921130953125 0.41468253906249997 0.40054563437499996 0.4139384921875 0.44320436562500004 0.41840277812500004 0.46527777812500004 0.419394840625 0.506200396875 0.42410714218749995 0.56845238125 0.42906746093750003 0.5704365078125 0.42782738125 0.5709325390625 0.42633928593750003 0.572420634375 0.4164186515625 0.5793650796875001 0.408978175 0.5897817453124999 0.406498015625 0.6078869046875 0.40674603125 0.609375 0.4047619046875 0.60887896875 0.4012896828125 0.6111111109375 0.3926091265625 0.61904761875 0.3829365078125 0.6227678578125 0.381200396875 0.6116071421875 0.377976190625 0.6049107140625 0.377480159375 0.59697420625 0.37549603125000003 0.5925099203124999 0.3767361109375 0.583829365625 0.3767361109375 0.525049603125 0.369295634375 0.509424603125 0.369295634375 0.49801587343750003 0.36607142812500004 0.468998015625 0.3633432546875 0.44618055625 0.359375 0.435019840625 0.35887896874999997 0.408730159375 0.3539186515625 0.4012896828125 0.3544146828125 0.3072916671875 0.341269840625 0.302579365625 0.341021825 0.2988591265625 0.3420138890625 0.297619046875 0.346726190625 0.29737103125000003 0.3551587296875 0.30009920625 0.36383928593750003 0.30902777812500004 0.37822420625 0.313244046875 0.390873015625
3 0.2435515875 0.4012896828125 0.2455357140625 0.40228174531249994 0.2462797625 0.40426587343750003 0.24479166718749998 0.40674603125 0.24503968281250002 0.41046627031250005 0.24801587343749998 0.4126984125 0.265376984375 0.41319444375 0.271329365625 0.415178571875 0.387896825 0.42609127031250005 0.3926091265625 0.42584325468750006 0.396329365625 0.4233630953125 0.39756944375000003 0.419394840625 0.3799603171875 0.4169146828125 0.3425099203125 0.4136904765625 0.3296130953125 0.4117063484375 0.3261408734375 0.40947420625 0.3204365078125 0.40848214218749995 0.3112599203125 0.408730159375 0.3102678578125 0.40625 0.3125 0.4047619046875 0.3015873015625 0.403769840625 0.29588293593750004 0.4015376984375 0.27802579375 0.4010416671875 0.2385912703125 0.3953373015625 0.23239087343749998 0.3958333328125 0.23239087343749998 0.3998015875 0.24007936562499999 0.40277777812500004 0.2435515875 0.4012896828125
3 0.0803571421875 0.3764880953125 0.08779761875 0.37822420625 0.093005953125 0.37822420625 0.10069444375 0.3799603171875 0.10342261875 0.3824404765625 0.108630953125 0.3829365078125 0.1111111109375 0.3841765875 0.2242063484375 0.3945932546875 0.22867063437500001 0.3943452375 0.23189484062500001 0.3953373015625 0.25049603125000003 0.3955853171875 0.309523809375 0.403273809375 0.31845238125 0.403273809375 0.3199404765625 0.40203372968749995 0.3167162703125 0.3958333328125 0.3137400796875 0.393601190625 0.059523809375 0.3648313484375 0.052579365625 0.3643353171875 0.049355159375 0.3665674609375 0.0491071421875 0.372519840625 0.05084325468749999 0.375248015625 0.075396825 0.3769841265625 0.0803571421875 0.3764880953125
3 0.27000272812500004 0.434707340625 0.264318453125 0.4268936015625 0 0.3885359625 0.0028422625 0.868820684375 0.35597743125000003 0.87379290625 0.3261349203125 0.49224404687499995 0.26218675625 0.48585094218749997 0.27000272812500004 0.434707340625