3 0 0.1458333328125 0.0210813484375 0.1498015875 0.07217261875 0.16468253906250002 0.1302083328125 0.1795634921875 0.24429563437500001 0.2110615078125 0.2641369046875 0.215773809375 0.2671130953125 0.2172619046875 0.2748015875 0.218501984375 0.330853175 0.234623015625 0.3459821421875 0.23635912656250002 0.359623015625 0.24131944375 0.41964285781250005 0.2571924609375 0.43948412656249997 0.2636408734375 0.450396825 0.265873015625 0.462053571875 0.266369046875 0.4670138890625 0.2678571421875 0.46949404687499996 0.2710813484375 0.4945436515625 0.278273809375 0.49776785781250005 0.2800099203125 0.5017361109375 0.2800099203125 0.505704365625 0.2770337296875 0.5089285718750001 0.2730654765625 0.5166170640625001 0.2671130953125 0.5176091265625 0.2643849203125 0.515376984375 0.2619047625 0.515625 0.2581845234375 0.5136408734375 0.2564484125 0.5054563484375 0.2576884921875 0.50322420625 0.2606646828125 0.5014880953125 0.2609126984375 0.500248015625 0.2581845234375 0.497519840625 0.25694444375000003 0.466269840625 0.2487599203125 0.314980159375 0.2046130953125 0.3105158734375 0.20238095312499998 0.2522321421875 0.1862599203125 0.20510912656250002 0.17237103125 0.1897321421875 0.1666666671875 0.16939484062500001 0.161954365625 0.087053571875 0.1369047625 0.0488591265625 0.1269841265625 0.04637896875 0.125 0 0.125 0 0.1458333328125
3 0.471230159375 0.1994047625 0.47867063437499996 0.2041170640625 0.48239087343750003 0.2046130953125 0.4833829359375 0.20262896874999997 0.48363095312500004 0.1939484125 0.48065476250000005 0.125 0.468998015625 0.125 0.468998015625 0.1448412703125 0.471230159375 0.1994047625
3 0.8482142859374999 0.6800595234375 0.918402778125 0.715773809375 0.9201388890625 0.716021825 0.921130953125 0.7150297625 0.921626984375 0.70907738125 0.9206349203125 0.700396825 0.92137896875 0.696924603125 0.9206349203125 0.693700396875 0.9144345234375001 0.6763392859375 0.9072420640625 0.6666666671875 0.8772321421875 0.6510416671875 0.8759920640625 0.6495535718750001 0.8514384921874999 0.638144840625 0.8425099203125 0.6324404765625 0.83779761875 0.63095238125 0.8353174609374999 0.6324404765625 0.8353174609374999 0.6388888890625 0.841021825 0.658730159375 0.843005953125 0.671130953125 0.8482142859374999 0.6800595234375
3 0.8077876984374999 0.47594246093750003 0.8115079359375 0.4831349203125 0.840773809375 0.5510912703125 0.84375 0.5550595234375 0.844494046875 0.559523809375 0.8514384921874999 0.5734126984375 0.85342261875 0.5820932546875001 0.859126984375 0.5952380953125 0.8606150796875 0.6026785718750001 0.8630952375 0.605902778125 0.865079365625 0.61259920625 0.868799603125 0.6195436515625 0.86904761875 0.624255953125 0.87177579375 0.627976190625 0.872519840625 0.6329365078125 0.874751984375 0.6354166671875 0.87549603125 0.6391369046875 0.8767361109375 0.640376984375 0.8787202375 0.6383928578125 0.8821924609374999 0.637648809375 0.8859126984374999 0.6426091265625 0.8864087296875001 0.6448412703125 0.890376984375 0.6478174609375 0.8926091265625 0.6483134921875 0.8943452375 0.6445932546875001 0.8943452375 0.6361607140625 0.89012896875 0.6205357140625 0.877976190625 0.5987103171875 0.8764880953124999 0.5954861109375 0.8767361109375 0.5920138890625 0.8710317453125 0.5768849203124999 0.8640873015625001 0.563244046875 0.8581349203125 0.5481150796875001 0.8556547625 0.5453869046875 0.8501984125 0.531001984375 0.8454861109375 0.5245535718750001 0.8454861109375 0.52157738125 0.8425099203125 0.5136408734375 0.8125 0.44444444375 0.8115079359375 0.437251984375 0.8077876984374999 0.43328372968749995 0.8055555562500001 0.4325396828125 0.802579365625 0.43353174531249994 0.8015873015625001 0.4384920640625 0.8013392859374999 0.44890872968749995 0.800347221875 0.4516369046875 0.8060515875 0.474950396875 0.8077876984374999 0.47594246093750003
4 0.23685515937499999 0.465773809375 0.237847221875 0.46800595312500004 0.25049603125000003 0.4764384921875 0.25322420625 0.48015872968749995 0.25694444375000003 0.481646825 0.2616567453125 0.481646825 0.262648809375 0.4791666671875 0.2698412703125 0.47569444375 0.2710813484375 0.47247023749999995 0.2735615078125 0.4699900796875 0.280505953125 0.4672619046875 0.28472222187499996 0.4637896828125 0.2891865078125 0.45758928593750003 0.2956349203125 0.4518849203125 0.327380953125 0.4154265875 0.3320932546875 0.4079861109375 0.3365575390625 0.4047619046875 0.343005953125 0.396825396875 0.3459821421875 0.39112103125000003 0.346478175 0.3856646828125 0.35069444375000003 0.3854166671875 0.356398809375 0.38169642812500004 0.3635912703125 0.372023809375 0.3670634921875 0.3700396828125 0.3824404765625 0.35267857187499996 0.38392857187499996 0.3489583328125 0.389880953125 0.34325396874999997 0.39409722187499996 0.33680555624999997 0.3978174609375 0.3353174609375 0.39955357187499996 0.331101190625 0.40277777812500004 0.327380953125 0.40550595312500004 0.325396825 0.41071428593750003 0.3189484125 0.41344246093750003 0.3174603171875 0.41493055625 0.3087797625 0.4201388890625 0.3053075390625 0.4228670640625 0.30009920625 0.4228670640625 0.296626984375 0.42113095312500004 0.29241071406249997 0.4072420640625 0.2790178578125 0.40277777812500004 0.2765376984375 0.3926091265625 0.2673611109375 0.387648809375 0.2616567453125 0.38194444375000003 0.259424603125 0.3772321421875 0.26215277812500004 0.3737599203125 0.26116071406249997 0.359623015625 0.24801587343749998 0.35838293593750004 0.24404761874999997 0.3509424609375 0.24131944375 0.3452380953125 0.24181547656250002 0.343005953125 0.24032738125000003 0.32913368125 0.25215401718749997 0.35267857187499996 0.27455357187499996 0.364032490625 0.287274553125 0.356646825 0.283978175 0.3501984125 0.2886904765625 0.3425099203125 0.29786706406249996 0.328125 0.31200396874999997 0.3229166671875 0.315228175 0.32142857187499996 0.3179563484375 0.30580357187499996 0.334325396875 0.299603175 0.33928571406249997 0.28720238125 0.3541666671875 0.278769840625 0.349950396875 0.27256944375000003 0.34275793593750004 0.2571924609375 0.3301091265625 0.2522321421875 0.330605159375 0.2452876984375 0.32713293593750004 0.2420634921875 0.3293650796875 0.237351190625 0.33680555624999997 0.228174603125 0.34375 0.22544642812500001 0.34722222187499996 0.22916666718749998 0.3529265875 0.2333829359375 0.35491071406249997 0.23685515937499999 0.35887896874999997 0.2574404765625 0.3764880953125 0.2591765875 0.3826884921875 0.2542162703125 0.384920634375 0.250248015625 0.389880953125 0.22147817500000003 0.4169146828125 0.2165178578125 0.424603175 0.2140376984375 0.42559523749999995 0.2046130953125 0.434523809375 0.2043650796875 0.44072420625 0.206597221875 0.44345238125 0.231398809375 0.4610615078125 0.23685515937499999 0.465773809375
3 0.46919246093750006 0.806769096875 0.48163913750000004 0.8231639390625001 0.49588988125 0.8365200890625 0.50833680625 0.8482517359375 0.5204228671875 0.8556517859375001 0.7009764390625 0.44863417656250004 0.7182936515625 0.4408732640625 0.64505555625 0.3609682546875 0.6275577875 0.369631696875 0.4210446421875 0.73456646875 0.418699653125 0.756946925 0.410205109375 0.7609250984375 0.42914608125000003 0.7759057546875 0.44375744062500005 0.7894422125 0.4567455359375 0.793954365625 0.46919246093750006 0.806769096875
3 0.386951140625 0.8096197921874999 0.4794908234375 0.874751984375 0.5134040171875001 0.874751984375 0.5121413687499999 0.8736634421874999 0.51863516875 0.860487846875 0.5065491078125001 0.8534486609374999 0.500415921875 0.8491170640625001 0.493561259375 0.84261954375 0.48490252968750003 0.8344975203124999 0.4737182546875 0.8238487109375001 0.46686359062499994 0.8131999015625 0.46091071406250006 0.8056192953125001 0.4549578375 0.7987606640625 0.450809028125 0.7978583828125 0.4652400796875 0.8168095234375 0.47083209375 0.826736359375 0.47227529687500003 0.8366634421875 0.4733576390625 0.8449657734375 0.46578125000000004 0.84406324375 0.463796875 0.8382876984375001 0.4674047625 0.83521949375 0.463436259375 0.8220436515625 0.45712252031249995 0.8126448406250001 0.4428717765625 0.79531795625 0.41076240156250005 0.7935131453125 0.39344518906250003 0.7899032734375 0.39100992031250004 0.7877500000000001 0.38388442500000003 0.8009563484375001 0.3847864578125 0.803483134375 0.383523809375 0.8051076390624999 0.386951140625 0.8096197921874999
3 0.4176877484375 0.7890213296875 0.42613665625 0.789478175 0.438315228125 0.79008755 0.4352705859375 0.787193453125 0.42644097187499996 0.77934920625 0.42004737031249995 0.77493204375 0.4163177078125 0.7717333828124999 0.408173115625 0.76465079375 0.40535689531249997 0.76168055625 0.3931021828125 0.783024553125 0.3970602671875 0.7848325890625001 0.4086299609375 0.788107390625 0.4176877484375 0.7890213296875
3 0.8025473703125 0.8547043656250001 0.787615328125 0.8319871031250001 0.8011155750000001 0.7914640375 0.7510009921874999 0.7918735125 0.7489556046875 0.789008184375 0.7436374015625 0.7540111609375 0.7399553578125 0.759946428125 0.734637153125 0.7597415671875 0.7295235609375 0.752987846875 0.7113187 0.7562624015625 0.7090687 0.7534764390625 0.704568453125 0.7611743546875 0.7743196921875 0.85961631875 0.7771832843750001 0.856341765625 0.8025473703125 0.8547043656250001
3 0.7288102671875001 0.7196937 0.7257440468749999 0.7181924609375 0.718334078125 0.7318375500000001 0.7381369046875 0.7391240078125 0.7339208828125 0.7308149796875 0.7288102671875001 0.7196937
3 0.6906436015625 0.5741897328125 0.6924064984375 0.5490178578125 0.6920858140624999 0.543245784375 0.688720734375 0.521787946875 0.6845545640624999 0.5076790671875 0.6792666171875 0.4983799609375 0.6388854171875 0.5916252484375 0.7045848218749999 0.6033697921875001 0.7025017359375 0.5977581843750001 0.6959317953124999 0.591344990625 0.6906436015625 0.5741897328125
3 0.6904833828125 0.5140922625 0.6949702375 0.5314079859375 0.69801488125 0.5131302078125 0.7015401781249999 0.5062361109375 0.6997775296875 0.498540178125 0.68215079375 0.49307614062500005 0.6802279265625 0.495654265625 0.6867978671875 0.5033501984375001 0.6904833828125 0.5140922625
3 0.7020208328125 0.5722787703125001 0.7025017359375 0.581712053125 0.704424603125 0.5913318453125 0.7122762890625001 0.58876636875 0.7151607140625 0.589087053125 0.7023412703125 0.512545634375 0.6970533234375 0.5422971234375 0.7007390874999999 0.5538410218750001 0.7020208328125 0.5722787703125001
3 0.715649553125 0.69107415625 0.72031795625 0.6969561015625 0.7336314484375001 0.6895171125 0.722046875 0.6230855656250001 0.70890625 0.6120136406250001 0.7040649796875 0.60353670625 0.6613576390625 0.5960768843750001 0.66308680625 0.6547442953125 0.668273809375 0.6571664187499999 0.7019900796874999 0.6801750984375 0.715649553125 0.69107415625
3 0.7041669140625 0.6866416171874999 0.690230903125 0.67669444375 0.6791354171874999 0.6706552578125 0.6692827375 0.6631061515625001 0.6634685015625 0.6588283734375 0.6639568453125 0.6756287203125 0.7165052078125 0.6981872515624999 0.7125109125 0.6933025796875001 0.7041669140625 0.6866416171874999
3 0.6780701890625 0.71096180625 0.7031904765625 0.7037678578125 0.7152624015625 0.7003931046874999 0.6633353171875 0.678900296875 0.6641341765625 0.7005032234375 0.66298040625 0.7043896328125 0.6713241562500001 0.7082973703125 0.6780701890625 0.71096180625
3 0.6982197421875 0.7176227671875 0.7100252968749999 0.716112846875 0.7228963296875001 0.71380381875 0.72298511875 0.7122938984375 0.7102916671874999 0.705810515625 0.6835736609375 0.71261954375 0.6919174109374999 0.7157576890625 0.69502430625 0.7162904265625001 0.6982197421875 0.7176227671875
3 0.7053209328125 0.720819940625 0.7030131453124999 0.7215401781249999 0.719789434375 0.7282802578124999 0.7249377484374999 0.7183333328125 0.7241388890625 0.7166458328124999 0.7053209328125 0.720819940625
3 0.49007936562500004 0.37702579375 0.5005228171875 0.3879848703125 0.5331269843750001 0.3461879953125 0.6062311515625 0.25698735156249997 0.6187125499999999 0.26106497968750003 0.627627728125 0.271514384375 0.6299201390625 0.279373015625 0.628137153125 0.2839603171875 0.5310890374999999 0.423347221875 0.5384759421875 0.4345610125 0.547136409375 0.4544399796875 0.55095709375 0.47253497031249997 0.659212796875 0.2959806546875 0.640873015625 0.2720240578125 0.60011805625 0.22207167656250001 0.47454141875 0.3524640375 0.4783623515625 0.3558725203125 0.484220734375 0.3691252484375 0.49007936562500004 0.37702579375
3 0.44629365156249995 0.48017881874999996 0.4504270828125 0.4811875 0.4633313484375 0.4861302078125 0.4711946921875 0.49177877031249995 0.478655009375 0.5008571421875 0.48319146875 0.508523065625 0.5074875984375 0.530008184375 0.5228115078125 0.5154831343749999 0.52402108125 0.5150796125 0.546301090625 0.47838814531249996 0.544486359375 0.46063516875 0.5398489578125 0.449337796875 0.5335984625 0.4368467265625 0.52756175625 0.4270622515625 0.487337053125 0.4833306046875 0.44801959374999994 0.4506490578125 0.49751612031250003 0.390379215625 0.4814868546875 0.376055803125 0.47654687500000004 0.3678854171875 0.4715062 0.35596453437500003 0.4096981640625 0.4238229171875 0.3943745046875 0.4434923109375 0.44629365156249995 0.48017881874999996
3 0.4390478671875 0.4781001984375 0.44578199375 0.4798358140625 0.42445709374999996 0.464522321875 0.3940513390625 0.44372147812499996 0.41180505937499995 0.4204451890625 0.36211483125 0.406680059375 0.36313516875 0.3920813484375 0.35956398749999996 0.39116245 0.3443611109375 0.40525074375000003 0.341504215625 0.4043318453125 0.33364781718750003 0.5346321921875 0.3379330359375 0.5356532734375 0.341504215625 0.536163690625 0.3601763390625 0.5388263890625 0.39058209375 0.5067703375 0.410988590625 0.48790079375 0.4267016375 0.48024404687500005 0.4390478671875 0.4781001984375
3 0.45537301562500004 0.5568876484375 0.45680158750000005 0.5557646328125 0.4591483140625 0.5575002484375 0.46445386875 0.549639384375 0.468334325 0.5410806046875 0.4707829859375 0.5312802578125 0.47404811562500004 0.518825396875 0.47394618125 0.5112780265625 0.4722115578125 0.5023963296875 0.46884449375 0.49780233125000006 0.45670238124999996 0.4884099703125 0.449254215625 0.4854494046875 0.4397651296875 0.48371403749999997 0.432214534375 0.48371403749999997 0.42282762968750004 0.486674603125 0.4139506453125 0.4926979171875 0.36548189531249997 0.5408596234374999 0.37956249999999997 0.5427993546875001 0.3915004953125 0.5446369046874999 0.40925421562500003 0.5484141859375 0.45537301562500004 0.5568876484375
3 0.5427172625 0.508753471875 0.5395235609375 0.5182333828125001 0.53664930625 0.529737103125 0.5723122515625 0.465091021875 0.5579407234375 0.461362846875 0.5499563484375 0.4739657734375 0.54953050625 0.4829766859375 0.54867881875 0.492137153125 0.5427172625 0.508753471875
3 0.504055059375 0.545841021875 0.5072284218750001 0.5509320437499999 0.5090220734375001 0.55645386875 0.5102638890625 0.56328745 0.5101259921875 0.5663244046875 0.5145411703125 0.5677051093750001 0.5327537203125 0.5357748015625 0.5327537203125 0.528665178125 0.5335815968750001 0.5224528765625001 0.5375828375 0.5122373515625 0.5431688984374999 0.4981686515625 0.54613516875 0.48615823437500005 0.54613516875 0.47960094218749993 0.5244732140624999 0.514924603125 0.5218516859375 0.5158911203125001 0.50743353125 0.5304553578125 0.48411582343750004 0.5104379953125 0.48597842187499996 0.515821925 0.487703125 0.5241741078125 0.4881170640625 0.5305935015625 0.4863923609375 0.5379791671875 0.48604935468750005 0.5400959828125 0.4895677078125 0.53921478125 0.49722544687500003 0.54004290625 0.500881696875 0.5428040671875001 0.504055059375 0.545841021875
3 0.490142609375 0.5630803578125 0.506847221875 0.5659781749999999 0.506847221875 0.564736359375 0.5062264390625 0.5569228671875 0.504519840625 0.5529427078125 0.50203745 0.547819940625 0.49758978125000003 0.54414608125 0.4932973703125 0.5429558531249999 0.48910838281249996 0.5427490078125 0.484815971875 0.543835565625 0.4809372515625 0.553149553125 0.4764637890625 0.559987103125 0.4802130453125 0.560803571875 0.48652256875 0.5611140875 0.490142609375 0.5630803578125
3 0.7332606640625 0.4111512890625 0.7432673609375 0.4061646828125 0.7393928578125 0.40013442499999996 0.747285465625 0.39410391875 0.755178075 0.39281175625000003 0.7504424609375 0.38075099218749997 0.766227678125 0.36955183593749996 0.6921808031250001 0.34169717187500004 0.67610863125 0.3536143359375 0.6842881937499999 0.40468502031250003 0.705448909375 0.42602306562500003 0.7225344734375 0.41697718281249996 0.7332606640625 0.4111512890625
3 0.6919322921875 0.3415672125 0.7251656750000001 0.35351016875 0.6690647328125 0.328178571875 0.6569399796875001 0.33980704375 0.65672495 0.373538690625 0.68395386875 0.40263864062500004 0.6761639390624999 0.3538244046875 0.6919322921875 0.3415672125
3 0.7415364578125 0.41026165625 0.72598834375 0.41765972187499995 0.7076763390624999 0.4278234125 0.718663690625 0.439421875 0.7188018359375 0.44094295624999996 0.7008353171875 0.4492395828125 0.694616071875 0.46382812500000004 0.7335248015625 0.6922021328125 0.7632953875 0.679157490625 0.7797415671875 0.6726582343749999 0.7938385421875 0.6679565968750001 0.8166423609375 0.6644997515625 0.786417659375 0.5185553078125 0.771837053125 0.453240575 0.7602279265624999 0.41081721250000003 0.7462353671875 0.4120592765625 0.7443005953124999 0.40950124062500004 0.7415364578125 0.41026165625
3 0.745788690625 0.7453387890625 0.8161324406249999 0.76010069375 0.8223239093749999 0.76458209375 0.82627579375 0.7695905265625 0.8249583328125001 0.77763045625 0.8198209328124999 0.779212053125 0.8169228671875001 0.7742036203125 0.8210064484374999 0.7707767859375 0.8173179562499999 0.7653727671875 0.7858345734375 0.75786011875 0.7463157234375 0.7491612109375 0.74394444375 0.7539060015625 0.7494771828125 0.786724703125 0.7507943953125 0.7901515375 0.753165675 0.790810515625 0.8477477671875 0.7909424609375 0.8469573406249999 0.787779265625 0.8690877968749999 0.7848794640625 0.8686927078125001 0.7821116078125 0.843137153125 0.781847965625 0.840107390625 0.77842113125 0.8423467265625 0.7752579359375 0.817581596875 0.6680419140625 0.7965047125 0.67015079375 0.7615962296875 0.68301488125 0.7506626984375 0.6876279765625 0.73446006875 0.69527256875 0.74137574375 0.7391904765625 0.7435493546874999 0.7396713796875 0.7460520828125 0.7416483140625 0.745788690625 0.7453387890625
3 0.87042584375 0.7817170140624999 0.8692817453125 0.786105159375 0.8925438984375 0.7916376484375001 0.892353421875 0.7882036203125 0.9180942453125001 0.7851510421875 0.917522321875 0.7830525796875001 0.9020776296875 0.77904613125 0.881294146875 0.6964863593749999 0.8479263390625 0.6804608140624999 0.842396825 0.673402034375 0.8410620046874999 0.665389384375 0.8305749015625 0.66767881875 0.819992559375 0.6682296625 0.8464010421875001 0.7759938 0.8422061015625 0.7765662203125 0.841252728125 0.779237103125 0.87042584375 0.7817170140624999
3 0.781688740625 0.3992713296875 0.783288690625 0.40540749062500003 0.7763556546875 0.40954290625 0.7678229171875001 0.4094094734375 0.761423115625 0.41207762968750006 0.8187532234375 0.6624799109375 0.840351934375 0.6616795640625 0.8346190468750001 0.6398020828125001 0.8351522812500001 0.6347549609375001 0.8364856156249999 0.63061954375 0.8388854171875 0.6314198906249999 0.867950396875 0.645960565625 0.8510181046874999 0.5753923609375 0.8394186515625 0.547011409375 0.8170200890625001 0.49648611093749995 0.8046207843750001 0.4722075890625 0.79942113125 0.4500853171875 0.8010208328124999 0.44808432500000006 0.802754215625 0.4324766859375 0.80755381875 0.4331436015625 0.8138201890625 0.44328199375 0.8246195437500001 0.4732748015625 0.8076872515625 0.407141865625 0.8207532234375 0.40167237031249997 0.76942261875 0.36512103125 0.7652896828125 0.3676557546875 0.7675560515625001 0.37059052656249997 0.752490328125 0.3801951890625 0.7561567453125 0.3926512890625 0.7750223218750001 0.3885994546875 0.7800887890625 0.395402778125 0.781688740625 0.3992713296875
3 0.7180882937499999 0.3327333828125 0.737287203125 0.3468735125 0.7399536203125 0.35914632968750004 0.7422202375 0.36048040625 0.7403536703125 0.34353869062500003 0.747819940625 0.344072171875 0.756752728125 0.3484744546875 0.7607524796875 0.35194270781250003 0.761419146875 0.3571453375 0.763019096875 0.3660830859375 0.7683521828125001 0.3646158234375 0.786351190625 0.3764880953125 0.7911547624999999 0.3782162703125 0.7867549609375 0.357539434375 0.73595386875 0.3199270828125 0.7352874500000001 0.322728421875 0.7180882937499999 0.3327333828125
3 0.787912203125 0.3617366078125 0.7914595734375001 0.377944940625 0.7985540671875 0.379009671875 0.8052938984375 0.381257440625 0.8096688984375 0.38326860156250003 0.812743303125 0.3945079359375 0.8211383921875001 0.401961309375 0.8155811015625 0.40397271874999996 0.8309526296874999 0.462377728125 0.8362735609374999 0.48379141875 0.832548859375 0.4870600203125 0.839584325 0.4870845734375 0.865006696875 0.5030563 0.8387566968750001 0.45596974218749997 0.8518635484375 0.44970807500000004 0.8360369546875001 0.38478720312500003 0.787912203125 0.3617366078125
3 0.8577554562499999 0.45747966250000005 0.86843204375 0.471722965625 0.8685865578125 0.470174603125 0.8766326890625 0.4698650796875 0.8845240578125001 0.4740451390625 0.8863807046875 0.47930877968749996 0.8877733140625 0.4935520828125 0.9029370046875 0.5121044140625 0.8979856156249999 0.5141170640625 0.8998425093750001 0.5186068953125 0.8952003968750001 0.5223224203125 0.8922606640625 0.5218578875000001 0.8969025296875 0.5605622515625 0.907888640625 0.5478673109375001 0.922123759375 0.552369046875 0.9109831343750001 0.48240525781250004 0.8928794640625 0.4681619546875 0.865646825 0.4511321921875 0.8577554562499999 0.45747966250000005
3 0.9106693953124999 0.7874610609375 0.9060372031249999 0.7874610609375 0.913929315625 0.8190463796874999 0.9192477671875 0.824024553125 0.9617958828125 0.8353541671875 0.9621391375 0.8308908734375 0.9413797125000001 0.8245396828124999 0.934173859375 0.7696083828125 0.9297991078125 0.7692284218750001 0.9384630453125 0.82179290625 0.9386346718749999 0.8229945437499999 0.9171889875 0.81938988125 0.9106693953124999 0.7874610609375
3 0.9050079359375 0.7438876484375 0.9024342765625001 0.7246619546875 0.89728745 0.7231170640625 0.9020912703124999 0.7452611609375001 0.9050079359375 0.7438876484375
3 0.9855818453125 0.8084486609375 0.9913382937499999 0.8115342265625 0.9726299609375 0.6946803078125 0.9555662203124999 0.6961369046875 0.9736577375 0.814825396875 0.9855818453125 0.8084486609375
4 0.8983963296875 0.7618953375 0.9122497515625 0.7614047625 0.9464546125 0.7683928578125 0.9531974203125 0.75699131875 0.9351755953125 0.693853421875 0.9680317453124999 0.693485615625 0.9681542656250001 0.6873559031250001 0.9451059031250001 0.6611197921875 0.9735486109375 0.6569516375 0.9745295140625 0.6559707343750001 0.9696254953125001 0.6450595234375001 0.944615575 0.5863353171875 0.927451884375 0.5880515875000001 0.9465771328124999 0.5630416671875 0.9083266374999999 0.547839534375 0.8950860609375001 0.563164434375 0.883194196875 0.5223392859375 0.88061954375 0.5212358625 0.8743670640625 0.5191517859375 0.87399925625 0.5152286703125 0.8775545640625 0.5149833828125 0.876696428125 0.51633209375 0.8818454859375 0.52086805625 0.8942279265625 0.52111334375 0.8983963296875 0.518783978125 0.88564608125 0.5189064984375 0.880006696875 0.5079952875 0.892879215625 0.5078727671875 0.8975379468750001 0.5127765375 0.9021966765625 0.5119184031249999 0.8508283734375001 0.4503745046875 0.8399171624999999 0.45601388906249996 0.8665208328125 0.5043174609375 0.8394268359374999 0.48752157812499997 0.8303544140625 0.487644096875 0.8326837796875 0.4915672125 0.836974703125 0.495 0.8399171624999999 0.507137153125 0.8590424109375 0.51792584375 0.874980159375 0.5771403765625001 0.8796388890625 0.5913618546875 0.8818454859375 0.602150296875 0.894841021875 0.6309608140625 0.8953313484375001 0.63378050625 0.8965572921874999 0.6442013890625 0.8944732140625 0.649350446875 0.8914082343749999 0.6500860609375 0.8868720234374999 0.649595734375 0.88405233125 0.64383358125 0.8827036203124999 0.6439563484375 0.8836845234374999 0.6505763890625 0.8873623515625001 0.6542544640625 0.8969250984375 0.656461309375 0.9019516375000001 0.661978175 0.9078363093749999 0.6636944437500001 0.910165675 0.6706825390625 0.9137209828125 0.673625 0.9164181546875 0.680612846875 0.9221803078124999 0.6952021328125 0.9232834828125001 0.6993702875000001 0.9205863093750001 0.70108680625 0.9235287703124999 0.7123658234375 0.922670634375 0.71726959375 0.9133531749999999 0.7142046125 0.924509671875 0.74877728125 0.9019516375000001 0.74399603125 0.8900595234375 0.7009642859375 0.8819682546875001 0.696918403125 0.884542659375 0.7097911703124999 0.8959441968749999 0.7546619546875 0.8983963296875 0.7618953375
4 0.06284821406249999 0.8318072921875 0.059828620312500004 0.8419990078125 0.0762482640625 0.85256795625 0.077758184375 0.85351165625 0.057563740625000005 0.8457735609375 0.0568087796875 0.8493596234374999 0.052279265625 0.874751984375 0.10814434531249999 0.874751984375 0.11324007968750001 0.8414327875 0.081910465625 0.8397341265625 0.06492435468749999 0.8306748515625 0.06284821406249999 0.8318072921875