1 0.6329365078125 0.8616071421875 0.6351686515625 0.872519840625 0.6336805562500001 0.8764880953124999 0.6319444437499999 0.9074900796875 0.6302083328125 0.9107142859374999 0.6292162703125 0.91592261875 0.6299603171875 0.921130953125 0.639880953125 0.92237103125 0.6416170640625001 0.9236111109375 0.6418650796875001 0.92782738125 0.6577380953125 0.9303075390625001 0.6644345234375 0.9303075390625001 0.6708829359374999 0.9322916671874999 0.6981646828125 0.934027778125 0.703869046875 0.9320436515624999 0.7070932546875001 0.9283234125 0.7075892859375 0.9231150796875 0.7103174609375 0.91592261875 0.712549603125 0.896825396875 0.712549603125 0.8735119046875001 0.7108134921875 0.86904761875 0.7098214281249999 0.8613591265625 0.7075892859375 0.8578869046875001 0.70634920625 0.856894840625 0.703125 0.8576388890625 0.700644840625 0.8554067453125 0.6946924609375 0.8549107140625001 0.6919642859375 0.8526785718750001 0.6892361109375 0.853670634375 0.6832837296875 0.8501984125 0.6798115078125 0.8509424609374999 0.6770833328125 0.8484623015625001 0.6747271828125 0.8487103171875001 0.668898809375 0.846726190625 0.6654265875 0.8479662703124999 0.662450396875 0.8452380953124999 0.656498015625 0.8454861109375 0.6515376984375 0.84424603125 0.63740079375 0.8353174609374999 0.6269841265625 0.8348214281249999 0.625744046875 0.8358134921874999 0.62549603125 0.838045634375 0.6299603171875 0.8492063484375001 0.6321924609375 0.8519345234375001 0.6329365078125 0.8616071421875
1 0.652777778125 0.84375 0.656994046875 0.844494046875 0.6599702375 0.84325396875 0.665674603125 0.8457341265625 0.6835317453124999 0.849950396875 0.70362103125 0.8571428578125 0.7053571421875 0.856646825 0.7100694437499999 0.85987103125 0.7123015875 0.8648313484375001 0.715277778125 0.8678075390625001 0.719494046875 0.869295634375 0.7209821421875 0.8730158734375 0.7237103171875 0.87177579375 0.7279265875 0.8767361109375 0.731646825 0.877728175 0.73387896875 0.8767361109375 0.734126984375 0.8712797625 0.7385912703125 0.8697916671874999 0.7445436515625 0.8638392859374999 0.750744046875 0.8544146828124999 0.7569444437499999 0.8325892859374999 0.7601686515625 0.8263888890625 0.7638888890625 0.8087797625 0.762152778125 0.8020833328125001 0.7579365078125 0.7951388890625 0.7514880953125 0.791170634375 0.75 0.7884424609375 0.7013888890625 0.7636408734375 0.696924603125 0.75967261875 0.689980159375 0.755704365625 0.6857638890625 0.7544642859375 0.6808035718750001 0.7514880953125 0.6770833328125 0.750744046875 0.6708829359374999 0.7549603171875 0.6664186515625 0.759424603125 0.6570079359375 0.7729045140624999 0.639826884375 0.7694154265625001 0.621303571875 0.7576068953124999 0.6358000984375 0.775856646875 0.6387529765625 0.7951798109375 0.6450892859375 0.7983630953125 0.64112103125 0.8191964281249999 0.64112103125 0.834325396875 0.6426091265625 0.8370535718750001 0.6480654765625 0.841269840625 0.652777778125 0.84375
1 0.47569444375 0.6051587296875 0.47991071406249997 0.609126984375 0.486855159375 0.6130952375 0.4985119046875 0.6133432546875001 0.5106646828125 0.6078869046875 0.51884920625 0.599950396875 0.5245535718750001 0.5915178578125 0.52802579375 0.583829365625 0.528769840625 0.5699404765625 0.525049603125 0.559027778125 0.509424603125 0.5456349203124999 0.5042162703125 0.5399305562500001 0.5017361109375 0.5389384921875 0.4985119046875 0.534722221875 0.4895833328125 0.5292658734375 0.486855159375 0.525049603125 0.48090277812500004 0.5228174609375 0.4779265875 0.5200892859375 0.47222222187499996 0.5200892859375 0.46651785781250005 0.5223214281249999 0.45907738125 0.528273809375 0.450644840625 0.53125 0.4456845234375 0.534722221875 0.44196428593750003 0.5391865078125 0.43675595312500004 0.5518353171875 0.43402777812500004 0.5639880953125 0.43377976250000005 0.572420634375 0.443700396875 0.5848214281249999 0.46825396875 0.6021825390625 0.47569444375 0.6051587296875
1 0.2876984125 0.41617063437499996 0.293898809375 0.41865079375 0.3020833328125 0.42584325468750006 0.30927579375 0.4265873015625 0.3137400796875 0.42584325468750006 0.31919642812500004 0.421875 0.33407738125 0.42237103125 0.3373015875 0.41815476250000005 0.34325396874999997 0.41468253906249997 0.3529265875 0.4136904765625 0.35987103125000003 0.4045138890625 0.36036706406249996 0.3988095234375 0.3578869046875 0.390376984375 0.353174603125 0.38169642812500004 0.3519345234375 0.375744046875 0.3489583328125 0.37450396874999997 0.346230159375 0.3710317453125 0.3422619046875 0.37152777812500004 0.328373015625 0.3673115078125 0.31597222187499996 0.36607142812500004 0.3087797625 0.36805555624999997 0.2991071421875 0.38095238125 0.2772817453125 0.40054563437499996 0.27430555624999997 0.4077380953125 0.27430555624999997 0.41468253906249997 0.2757936515625 0.41765872968749995 0.281994046875 0.41617063437499996 0.2876984125 0.41617063437499996
1 0.3613591265625 0.390625 0.3633432546875 0.3943452375 0.3635912703125 0.39657738125 0.3616071421875 0.40401785781250005 0.3581349203125 0.4117063484375 0.35838293593750004 0.4141865078125 0.36259920625 0.41493055625 0.38392857187499996 0.41195436562500004 0.3834325390625 0.40823412656249997 0.38715277812500004 0.40674603125 0.3891369046875 0.400049603125 0.40029761875 0.3886408734375 0.40252976250000005 0.38467261875 0.4015376984375 0.377728175 0.3948412703125 0.3685515875 0.3960813484375 0.3648313484375 0.3943452375 0.3606150796875 0.39756944375000003 0.349454365625 0.3926091265625 0.34722222187499996 0.38616071406249997 0.346230159375 0.375248015625 0.3484623015625 0.369295634375 0.35342261875 0.36805555624999997 0.356894840625 0.3633432546875 0.36259920625 0.356646825 0.36805555624999997 0.353174603125 0.37599206406249996 0.353174603125 0.380704365625 0.3554067453125 0.3856646828125 0.3581349203125 0.3891369046875 0.3613591265625 0.390625
1 0.310019840625 0.365575396875 0.312748015625 0.365079365625 0.3139880953125 0.3633432546875 0.31919642812500004 0.36259920625 0.3226686515625 0.3635912703125 0.325148809375 0.365575396875 0.3400297625 0.36607142812500004 0.3425099203125 0.362351190625 0.3519345234375 0.3613591265625 0.3546626984375 0.356398809375 0.359623015625 0.3519345234375 0.3665674609375 0.3516865078125 0.37053571406249997 0.34970238125 0.38169642812500004 0.3417658734375 0.3834325390625 0.33779761875 0.38616071406249997 0.3360615078125 0.39012896874999997 0.334325396875 0.3928571421875 0.3345734125 0.396329365625 0.3293650796875 0.3988095234375 0.328125 0.40178571406249997 0.32465277812500004 0.4074900796875 0.322420634375 0.4109623015625 0.3199404765625 0.422123015625 0.30927579375 0.42633928593750003 0.3077876984375 0.4283234125 0.3077876984375 0.430803571875 0.309523809375 0.434523809375 0.3087797625 0.43824404687499996 0.303075396875 0.437251984375 0.294394840625 0.43402777812500004 0.286954365625 0.4310515875 0.2829861109375 0.42609127031250005 0.2792658734375 0.42113095312500004 0.278769840625 0.4171626984375 0.2792658734375 0.41021825468750006 0.28224206406249996 0.40575396875 0.2864583328125 0.3702876984375 0.3043154765625 0.3658234125 0.3040674609375 0.3556547625 0.2986111109375 0.346230159375 0.2983630953125 0.32862103125000003 0.3053075390625 0.3229166671875 0.31597222187499996 0.3020833328125 0.32862103125000003 0.2988591265625 0.33482142812500004 0.2983630953125 0.3422619046875 0.299603175 0.3492063484375 0.303075396875 0.3573908734375 0.310019840625 0.365575396875
1 0.45882936562500004 0.31944444375000003 0.4580853171875 0.32217261875 0.462549603125 0.3258928578125 0.4672619046875 0.327380953125 0.468501984375 0.3293650796875 0.468998015625 0.33407738125 0.46676587343750003 0.3417658734375 0.46453372968749995 0.3454861109375 0.462053571875 0.36259920625 0.4585813484375 0.36904761875 0.45734127031250005 0.3769841265625 0.4580853171875 0.380704365625 0.46180555625 0.387648809375 0.4632936515625 0.3888888890625 0.4697420640625 0.390376984375 0.47247023749999995 0.3926091265625 0.4779265875 0.389880953125 0.4833829359375 0.38392857187499996 0.48363095312500004 0.377728175 0.481646825 0.375 0.48090277812500004 0.3712797625 0.47743055625 0.37053571406249997 0.47594246093750003 0.3544146828125 0.4766865078125 0.3509424609375 0.4779265875 0.34970238125 0.487103175 0.34722222187499996 0.4890873015625 0.3457341265625 0.490575396875 0.3425099203125 0.4895833328125 0.33407738125 0.48387896875 0.328125 0.4791666671875 0.3266369046875 0.47842261875 0.32217261875 0.4697420640625 0.3142361109375 0.466021825 0.313244046875 0.46031746093750003 0.3139880953125 0.4578373015625 0.312748015625 0.450644840625 0.3139880953125 0.4518849203125 0.318204365625 0.4548611109375 0.31944444375000003 0.45734127031250005 0.3179563484375 0.45882936562500004 0.31944444375000003
1 0.4826388890625 0.372271825 0.4861111109375 0.3869047625 0.4918154765625 0.3985615078125 0.4950396828125 0.4015376984375 0.49925595312500004 0.4010416671875 0.50322420625 0.39930555624999997 0.5071924609375 0.39930555624999997 0.5133928578125 0.3953373015625 0.5220734125 0.3928571421875 0.5235615078125 0.390625 0.528521825 0.38715277812500004 0.5431547625 0.3804563484375 0.543898809375 0.3764880953125 0.5394345234375 0.359623015625 0.5362103171875 0.3520171125 0.5362103171875 0.3492063484375 0.5349702375 0.346478175 0.530505953125 0.3420138890625 0.5248015875 0.341269840625 0.5210813484375 0.343005953125 0.5042162703125 0.3452380953125 0.49578372968749995 0.3489583328125 0.4925595234375 0.3487103171875 0.4893353171875 0.349950396875 0.4831349203125 0.3487103171875 0.477678571875 0.3511904765625 0.4766865078125 0.353174603125 0.4766865078125 0.3576388890625 0.4779265875 0.3633432546875 0.4826388890625 0.372271825
1 0.556795634375 0.389880953125 0.5642361109375 0.3826884921875 0.5677083328125 0.380704365625 0.578125 0.38095238125 0.5823412703125 0.3789682546875 0.587549603125 0.369295634375 0.599454365625 0.3665674609375 0.609623015625 0.36805555624999997 0.615575396875 0.3658234125 0.6175595234375 0.361855159375 0.6183035718750001 0.3556547625 0.6168154765625 0.346230159375 0.6113591265625 0.3330853171875 0.6386083828125 0.309402034375 0.6318963296875 0.3041044140625 0.624477678125 0.30745957343749997 0.622358134375 0.3115208328125 0.6038115078125 0.32564756875 0.5920138890625 0.3199404765625 0.5860615078125 0.31919642812500004 0.581101190625 0.3199404765625 0.5766369046875 0.321924603125 0.5741567453124999 0.3263888890625 0.5575396828125 0.33928571406249997 0.554894096875 0.342675346875 0.54365079375 0.3521825390625 0.54092261875 0.35838293593750004 0.5414186515625 0.3648313484375 0.546130953125 0.381200396875 0.5523313484375 0.3888888890625 0.556795634375 0.389880953125
1 0.6334325390625 0.44717261875 0.637896825 0.4484126984375 0.6418650796875001 0.45114087343750003 0.6584821421875 0.45238095312500004 0.6731150796875001 0.45634920625 0.6976686515625 0.459821428125 0.6994047625 0.45882936562500004 0.7016369046875 0.44717261875 0.700396825 0.43973214218749995 0.6981646828125 0.437251984375 0.6961805562500001 0.43154761875 0.6917162703125 0.42509920625 0.6857638890625 0.42137896875 0.6832837296875 0.41840277812500004 0.681299603125 0.4139384921875 0.6785714281249999 0.40228174531249994 0.671130953125 0.390376984375 0.65625 0.39012896874999997 0.6448412703125 0.393601190625 0.6361607140625 0.39756944375000003 0.6267361109375 0.4079861109375 0.6267361109375 0.41617063437499996 0.63095238125 0.42559523749999995 0.6341765875 0.44097222187499996 0.6334325390625 0.44717261875
1 0.6026785718750001 0.5079365078125 0.60987103125 0.5230654765625 0.6140873015625 0.5235615078125 0.6185515875 0.5265376984375 0.625 0.5257936515625 0.6302083328125 0.52802579375 0.6388888890625 0.5297619046875 0.65947420625 0.530505953125 0.66865079375 0.5302579359374999 0.67509920625 0.5240575390625 0.6783234125 0.5133928578125 0.6808035718750001 0.49677579375 0.6785714281249999 0.481398809375 0.675347221875 0.47445436562500004 0.6708829359374999 0.468998015625 0.6634424609375 0.4675099203125 0.653273809375 0.4672619046875 0.6453373015625 0.46478174531249994 0.6318618546875 0.4640376984375 0.62822420625 0.462053571875 0.6237599203124999 0.4578373015625 0.61259920625 0.45709325468750006 0.606646825 0.4610615078125 0.6044146828125 0.46676587343750003 0.6004464281249999 0.4704861109375 0.596726190625 0.481894840625 0.5834985125000001 0.48338244062499997 0.580142609375 0.5005111609374999 0.5954861109375 0.500248015625 0.6026785718750001 0.5079365078125
1 0.46304563437499996 0.48040674531249994 0.4637896828125 0.4853670640625 0.4635416671875 0.5017361109375 0.4699900796875 0.50595238125 0.47867063437499996 0.5104166671875 0.487103175 0.5133928578125 0.49007936562500004 0.515625 0.49652777812500004 0.5168650796875001 0.5019841265625 0.51612103125 0.5047123015625 0.51240079375 0.511571428125 0.4988881453125 0.52511011875 0.5032078375 0.5184848703125 0.49341666718750005 0.5170443953125 0.47988194375 0.5233134921875 0.46800595312500004 0.5238095234375 0.4610615078125 0.5230654765625 0.4583333328125 0.514880953125 0.45386904687499996 0.513144840625 0.45362103125 0.50967261875 0.45535714218749995 0.5064484125 0.45510912656249997 0.5042162703125 0.45362103125 0.5012400796875001 0.4541170640625 0.4987599203125 0.4521329359375 0.48387896875 0.44866071406249997 0.48090277812500004 0.4456845234375 0.47718253906249997 0.4454365078125 0.46924603125 0.4422123015625 0.459325396875 0.44742063437499996 0.45882936562500004 0.45089285781250005 0.456101190625 0.453125 0.452876984375 0.4637896828125 0.453125 0.4704861109375 0.45684523749999995 0.47445436562500004 0.46031746093750003 0.4764384921875 0.46304563437499996 0.48040674531249994
1 0.5176091265625 0.4903673109375 0.5223214281249999 0.49780778750000004 0.525545634375 0.5059923109375 0.530505953125 0.5084724703125 0.5354662703125 0.50648834375 0.55282738125 0.506240328125 0.565972221875 0.507728421875 0.5768849203124999 0.5059923109375 0.581101190625 0.5020240578124999 0.5830853171875 0.4868950890625 0.587549603125 0.47399826406249995 0.5887896828125 0.46705381875 0.59325396875 0.45936532812499997 0.5920138890625 0.4551490578125 0.59375 0.45217286718749994 0.59325396875 0.447460565625 0.59052579375 0.4400200890625 0.5833333328125 0.4308435015625 0.5771329359374999 0.4266272328125 0.5815691968750001 0.403264384375 0.586754215625 0.39376140937500004 0.5798407734375 0.38166641874999996 0.5729273312500001 0.381954365625 0.5637095734375001 0.38166641874999996 0.557372271875 0.3911696421875 0.5593888890625001 0.3992328875 0.5548115078125 0.42191493125 0.5483630953125 0.42265897812500003 0.543402778125 0.4238990578125 0.5364583328125 0.42761929531250004 0.5270337296875 0.43555580312500003 0.521825396875 0.4454764390625 0.521825396875 0.4484526296875 0.5243055562500001 0.4563891375 0.5243055562500001 0.46705381875 0.5176091265625 0.4903673109375
1 0.420545634375 0.4611388890625 0.430339534375 0.46545858124999995 0.4513678078125 0.46229067500000004 0.4582810015625 0.44645213281249996 0.47181969218750003 0.44040476249999994 0.4895833328125 0.447460565625 0.49553571406249997 0.45192485156249995 0.5084325390625 0.454405009375 0.5136408734375 0.4529169140625 0.5208333328125 0.454405009375 0.521825396875 0.4553970734375 0.5208333328125 0.4464685015625 0.5220734125 0.4405161203125 0.5245535718750001 0.43629985156249995 0.541170634375 0.423155009375 0.5510912703125 0.42042683593749997 0.552579365625 0.41645858125 0.5520833328125 0.41149826406249995 0.5458829359374999 0.39711334374999996 0.5396825390625 0.391905009375 0.5364583328125 0.39066493125 0.525049603125 0.394633184375 0.515873015625 0.3956252484375 0.5084325390625 0.40033755 0.5052083328125 0.40356175624999996 0.5017361109375 0.40504985156249995 0.4950396828125 0.4057938984375 0.4890873015625 0.40430580312500003 0.4791666671875 0.4082740578125 0.4779265875 0.41050620000000004 0.4779265875 0.41645858125 0.47991071406249997 0.42712326406249995 0.48276587343750005 0.43291741093749997 0.420545634375 0.4611388890625
1 0.549355159375 0.40823412656249997 0.5510912703125 0.4117063484375 0.5540674609375 0.41319444375 0.5585317453124999 0.40426587343750003 0.5587797625 0.39930555624999997 0.5575396828125 0.3923611109375 0.5508432546875001 0.390625 0.5448908734375 0.3923611109375 0.5416666671875 0.3945932546875 0.5414186515625 0.39657738125 0.543402778125 0.3985615078125 0.546626984375 0.40575396875 0.549355159375 0.40823412656249997
1 0.4947916671875 0.3454861109375 0.4982638890625 0.34697420625 0.5012400796875001 0.343998015625 0.515376984375 0.3417658734375 0.521329365625 0.3382936515625 0.5272817453124999 0.33779761875 0.5391865078125 0.346726190625 0.5401785718750001 0.3489583328125 0.5426587296875 0.349454365625 0.5533234125 0.340773809375 0.5538194437499999 0.33680555624999997 0.5706230156250001 0.32835838281249996 0.5789766859375 0.32058308593749996 0.5873301093750001 0.317415178125 0.5977001484375 0.32058308593749996 0.603461309375 0.32087103125 0.6095106640625 0.3162633921875 0.6074940468750001 0.30388045625000004 0.598564484375 0.3015766375 0.5962599203125001 0.3058963296875 0.5513231640625 0.31770312500000003 0.5451388890625 0.30654761875 0.5391865078125 0.3005952375 0.5367063484375 0.299851190625 0.5334821421875 0.299851190625 0.5257936515625 0.3020833328125 0.5220734125 0.306795634375 0.5171130953125 0.3102678578125 0.4923115078125 0.318204365625 0.48660714218749995 0.32142857187499996 0.4861111109375 0.3261408734375 0.4923115078125 0.3353174609375 0.4947916671875 0.3415178578125 0.4947916671875 0.3454861109375
1 0.2738095234375 0.44742063437499996 0.2800099203125 0.47247023749999995 0.2733134921875 0.47842261875 0.268601190625 0.48239087343750003 0.2599154265625 0.49137003906250004 0.2641369046875 0.500744046875 0.2671130953125 0.50322420625 0.269460565625 0.51027108125 0.2740575390625 0.5176091265625 0.2757936515625 0.5210813484375 0.280505953125 0.52529761875 0.284226190625 0.5245535718750001 0.29017857187499996 0.5265376984375 0.3167162703125 0.5265376984375 0.3307103171875 0.5391091265625 0.333226190625 0.52590550625 0.3384672625 0.5179414687499999 0.338045634375 0.5066964281249999 0.34027777812500004 0.5019841265625 0.3390376984375 0.497519840625 0.34052579375 0.49603174531249994 0.341021825 0.49007936562500004 0.33159722187499996 0.471478175 0.327876984375 0.468998015625 0.3196924609375 0.465773809375 0.3172123015625 0.46502976250000005 0.311755953125 0.46552579375 0.3085317453125 0.4635416671875 0.306795634375 0.4546130953125 0.3040674609375 0.44940476250000005 0.30282738125 0.443700396875 0.3040674609375 0.43154761875 0.2991071421875 0.424603175 0.29365079375 0.41964285781250005 0.2862103171875 0.4171626984375 0.2757936515625 0.41840277812500004 0.27157738125 0.4236111109375 0.26884920625 0.4322916671875 0.268601190625 0.43551587343750003 0.271329365625 0.43948412656249997 0.27157738125 0.4429563484375 0.2738095234375 0.44742063437499996
1 0.2708333328125 0.5791170640625001 0.27008928593750003 0.6049107140625 0.2735615078125 0.60615079375 0.2829861109375 0.6046626984375 0.28794642812500004 0.6076388890625 0.28993055624999997 0.606894840625 0.2904265875 0.603174603125 0.29340277812500004 0.6019345234375 0.2948908734375 0.60342261875 0.3045634921875 0.6396329359374999 0.306299603125 0.6423611109375 0.306299603125 0.6579861109375 0.3102678578125 0.66220238125 0.315228175 0.6644345234375 0.3164682546875 0.666170634375 0.328373015625 0.666170634375 0.3293650796875 0.6634424609375 0.3345734125 0.66220238125 0.3360615078125 0.6582341265625 0.33482142812500004 0.63467261875 0.3293650796875 0.615079365625 0.33159722187499996 0.6130952375 0.33482142812500004 0.612847221875 0.34325396874999997 0.6073908734375 0.3459821421875 0.6011904765625 0.3484623015625 0.5771329359374999 0.346478175 0.5642361109375 0.3400297625 0.5607638890625 0.3365575390625 0.5570436515625 0.334325396875 0.5523313484375 0.333829365625 0.5488591265625 0.32862103125000003 0.5396825390625 0.3229166671875 0.5357142859375 0.3206845234375 0.531994046875 0.3174603171875 0.5292658734375 0.29637896874999997 0.528273809375 0.28447420625 0.5322420640625001 0.2790178578125 0.5359623015625 0.2728174609375 0.54365079375 0.27157738125 0.546875 0.2695932546875 0.5488591265625 0.268353175 0.556299603125 0.268105159375 0.5602678578125 0.27008928593750003 0.5637400796875001 0.2693452375 0.5694444437499999 0.2708333328125 0.5791170640625001
1 0.3400297625 0.6458333328125 0.33928571406249997 0.650545634375 0.34027777812500004 0.652777778125 0.3554067453125 0.6515376984375 0.36383928593750003 0.6498015875 0.3658234125 0.6483134921875 0.375741071875 0.6521579859375 0.381200396875 0.6450892859375 0.384920634375 0.643353175 0.3869047625 0.637648809375 0.3854166671875 0.6267361109375 0.38392857187499996 0.6230158734375 0.381200396875 0.6212797625 0.3746279765625 0.621527778125 0.36904761875 0.61904761875 0.36142336249999996 0.6242651296874999 0.3358134921875 0.6262400796875001 0.33506944375000003 0.6267361109375 0.3353174609375 0.63467261875 0.33928571406249997 0.6428571421875 0.3400297625 0.6458333328125
1 0.21446924531249997 0.689355159375 0.221165675 0.6913392859374999 0.23232638906249997 0.6905952375 0.2382787703125 0.6883630953125001 0.24919146875 0.689603175 0.25191964218749996 0.6886111109375 0.26208829375 0.6891071421875 0.27225694375 0.6853869046875001 0.27275297656249997 0.6824107140625 0.274737103125 0.6796825390625 0.2775111609375 0.6891227671875 0.2940575390625 0.6857395828125 0.2973616078125 0.6763807046875 0.2937713296875 0.6557408234375 0.3030629953125 0.6554506453125 0.30433680625 0.6393125000000001 0.3013998015625 0.6297703375 0.293690228125 0.631421875 0.289835565625 0.611603175 0.28396180625 0.605914434375 0.26872643906250004 0.60719915625 0.2615674609375 0.6141723703124999 0.24175099218749999 0.618174603125 0.2204216265625 0.621894840625 0.2174454359375 0.6233829359375 0.2139732140625 0.6231349203125001 0.208516865625 0.625119046875 0.20752480156250003 0.626855159375 0.20777281718750001 0.6519047625 0.20975694374999998 0.6774503968750001 0.21124503906249997 0.6856349203125001 0.21446924531249997 0.689355159375
1 0.29708655781250004 0.8962026296875001 0.3008067953125 0.9026510421875 0.307751240625 0.9120756453125001 0.3122155265625 0.914555803125 0.31816790625 0.91381175625 0.3241202875 0.9076113593749999 0.3295766375 0.9063712796875001 0.3538821921875 0.895706596875 0.38066790625 0.8870260421875 0.38538020781250004 0.8857859625 0.3886044140625 0.886033978125 0.39629290625 0.8815696921875 0.4002611609375 0.8773534218749999 0.40398139843749997 0.8714010421875 0.404725446875 0.8679288187499999 0.40398139843749997 0.8523038187499999 0.40274131874999997 0.8448633437499999 0.40701165625 0.837228421875 0.41165724218750005 0.8244563484375 0.46276041718750005 0.8047175093750001 0.47001959375 0.8050076890625 0.48192435468749995 0.8032661203125 0.48321627031250003 0.7878812 0.4804724703125 0.7762638890625 0.47437475156250003 0.76900694375 0.458405009375 0.7823596234375 0.44185466250000005 0.78206944375 0.3875575390625 0.8052914187500001 0.382652034375 0.7982363593749999 0.3759556046875 0.78980381875 0.368019096875 0.78335540625 0.3618187 0.7843474703125 0.3434655265625 0.7932760421875 0.3409853671875 0.796004215625 0.3159357640625 0.8121252484375001 0.28592584374999996 0.8272542156249999 0.2836937 0.8292383437499999 0.2822056046875 0.8337026296875001 0.2824536203125 0.8490796125 0.28542981093750003 0.86420858125 0.2908861609375 0.8813216765625 0.29708655781250004 0.8962026296875001
1 0.48635912656249997 0.8950892859374999 0.4895833328125 0.903769840625 0.49578372968749995 0.9126984125 0.4985119046875 0.9139384921874999 0.500744046875 0.9131944437499999 0.5042162703125 0.9102182546875 0.5052083328125 0.9077380953124999 0.5071924609375 0.90674603125 0.519097221875 0.9198908734375 0.5238095234375 0.921626984375 0.571924603125 0.9288194437499999 0.5915178578125 0.93427579375 0.5989583328125 0.93427579375 0.61259920625 0.9305555562500001 0.6175595234375 0.92782738125 0.62450396875 0.9201388890625 0.628472221875 0.9134424609374999 0.630704365625 0.9045138890625 0.634424603125 0.8700396828124999 0.6316964281249999 0.8541666671874999 0.628472221875 0.8452380953124999 0.622519840625 0.833829365625 0.6185515875 0.8296130953124999 0.6133432546875001 0.827876984375 0.609623015625 0.8241567453125 0.6054067453124999 0.82217261875 0.5736607140625 0.8162202375 0.565476190625 0.8162202375 0.5582837296875 0.814980159375 0.5540674609375 0.812748015625 0.547619046875 0.806299603125 0.5446428578125 0.8045634921874999 0.534722221875 0.802579365625 0.528273809375 0.802579365625 0.5049603171875 0.8142361109375 0.49280753906249997 0.82217261875 0.48794568437499997 0.8273469734375001 0.45647321406249997 0.8230171125 0.45156448437499996 0.8198420140625 0.4301979171875 0.81811011875 0.416915921875 0.8235944937499999 0.40911979218749994 0.8371614578125 0.40623239062499994 0.847561259375 0.40623239062499994 0.8599737109375001 0.41287351250000004 0.8741178078124999 0.42471180625000005 0.8787363593749999 0.4784174109375 0.8868187000000001 0.48635912656249997 0.8950892859374999
1 0.4063291171875 0.3865057046875 0.4141515375 0.38293055625 0.4273380453125 0.3856118546875 0.4297963796875 0.3860587796875 0.43136086249999994 0.3815900296875 0.43672495 0.3831540171875 0.4510287703125 0.38918675625 0.4563928578125 0.378238590625 0.4561693953125 0.37019494062499997 0.46712078437500004 0.330646825 0.4546049109375 0.32014558593750003 0.43717187500000004 0.311655009375 0.42465600156249994 0.30897371093750003 0.4197390875 0.3132189984375 0.4052115578125 0.34405307500000004 0.40141220312500003 0.3456170640625 0.3980595234375 0.3534372515625 0.395377728125 0.360810515625 0.4009650296875 0.36885416718749997 0.4040939984375 0.376227678125 0.40565848281249994 0.3795791171875 0.40320014843749996 0.38337747968749997 0.4063291171875 0.3865057046875
1 0.3354799109375 0.4216041671875 0.3345860609375 0.4269665171875 0.3345860609375 0.43411631875 0.3361505453125 0.4439474203125 0.34240848281249997 0.44841617031250003 0.353136409375 0.44685218281249994 0.3567123015625 0.4426068953125 0.36542881875 0.4401490578125 0.3857671125 0.4381381453125 0.3906842765625 0.44461780781250004 0.4038705359375 0.4461817953125 0.40990500937499996 0.45199107187500004 0.4119166671875 0.45936458281250003 0.41772743125 0.46115203437499996 0.4420887890625 0.45065054531250004 0.458180803125 0.4426068953125 0.47561359062499997 0.43456324375 0.4787428078125 0.41579489062499997 0.4762842265625 0.40663392812500004 0.47159077343750005 0.399930803125 0.46332118125 0.3925575390625 0.4601922125 0.3894295640625 0.4541577375 0.3892061015625 0.43627802656250003 0.3896530265625 0.43046701406250004 0.3887591765625 0.41683358125 0.3842904265625 0.4018591265625 0.3885357140625 0.39403670625 0.3956857640625 0.38934325468750003 0.40596354218749997 0.38889608125 0.40596354218749997 0.38844915625 0.413783978125 0.35268948437500003 0.41825247968749996 0.347548859375 0.41624156718750005 0.3399499015625 0.41847594218750006 0.3354799109375 0.4216041671875
1 0.37705084375000003 0.47769890937500004 0.3743688 0.48529588281249997 0.370792659375 0.49378621093749997 0.37123983125 0.505181546875 0.37213368125 0.5109908234375 0.378615328125 0.5168000984375001 0.4134811515625 0.5337810015625 0.4145984625 0.5391436015625 0.432925346875 0.546069940625 0.44968774843750003 0.527078125 0.45706324374999996 0.5235029765625 0.46712078437500004 0.520375 0.47941319375 0.5205984625 0.4888000984375 0.5250672125 0.4941641859375 0.5299826390625 0.5033276296875 0.5362388390625 0.5098090281250001 0.546293403125 0.5185255453125001 0.5500917656250001 0.5225483625 0.5402606640625 0.5225483625 0.5348983140625 0.5171845234375 0.5281951890625 0.51115005 0.5250672125 0.5062331343750001 0.527078125 0.49282316406250004 0.5188110125 0.46823834375000006 0.5056282234375 0.460639384375 0.5013831843750001 0.463991815625 0.48216765937500006 0.45996875 0.47524131875000003 0.44946428593750004 0.46920858125000003 0.4449942953125 0.4696552578125 0.44030084374999995 0.4716661703125 0.4047646328125 0.45557886875 0.397165675 0.45401488125 0.3850967265625 0.46540997031250003 0.37705084375000003 0.47769890937500004
1 0.4219739578125 0.5601721234375 0.4235384421875 0.553915921875 0.41281051562500004 0.538498759375 0.4016356640625 0.5315724203125 0.3918015875 0.5233053078125 0.3839791671875 0.51749603125 0.37168675625 0.51347420625 0.370122271875 0.5029727187499999 0.3629702375 0.50319618125 0.34911334374999997 0.5081118546875001 0.34062053593749997 0.5145912703125 0.33346850156249996 0.526433284375 0.3325744046875 0.541626984375 0.34151438437500004 0.554139384375 0.347548859375 0.5633000984375001 0.349560515625 0.5711202875 0.35268948437500003 0.5827388390625 0.3567123015625 0.5867606640624999 0.3649818953125 0.5923467265625 0.3761567453125 0.593016865625 0.38889608125 0.5894419640625 0.4137046125 0.618271578125 0.4137046125 0.623857390625 0.41638665625 0.6283258921875 0.41661011875 0.628102678125 0.42175049531250003 0.618271578125 0.440971478125 0.608663690625 0.43448983124999996 0.6055357140625001 0.4119166671875 0.570815971875 0.41705704375 0.5695563 0.41772743125 0.5679923109375 0.4219739578125 0.5601721234375
1 0.45683978124999997 0.702072171875 0.46220386874999997 0.705200396875 0.48924727187499994 0.6998380453124999 0.49237624062499996 0.6987207343749999 0.501092509375 0.6917943953125001 0.5048921125 0.687995784375 0.5131614578125 0.67012103125 0.50891493125 0.6560446421874999 0.4941641859375 0.6450964781249999 0.48053075468750006 0.6120280265625 0.46913219218749996 0.6042078375 0.455722221875 0.6044313 0.44030084374999995 0.6080061999999999 0.4237619046875 0.6194015375 0.418621528125 0.627891865625 0.41593948437500006 0.637946428125 0.415045634375 0.640180803125 0.4284553578125 0.67682415625 0.440971478125 0.6739193953125 0.4505818453125 0.6835272812500001 0.455275296875 0.6893365578124999 0.45683978124999997 0.702072171875
1 0.45683978124999997 0.7800830859375 0.4575104171875 0.780753471875 0.46510937500000005 0.7756143359375 0.46868526718750003 0.770475446875 0.4673442453125 0.74232266875 0.5221014390625001 0.7269055062499999 0.5410989578125001 0.720426090625 0.5533913687500001 0.7146165671875 0.5641192953124999 0.7076902281249999 0.5616607140625 0.6998700390625 0.557861359375 0.6833358140625 0.551603421875 0.6806545140625 0.5406517859375 0.6826654265625 0.5341703875 0.6889216265625 0.5191959328125 0.6916029265625 0.45929836249999995 0.7065729171874999 0.45728670625 0.704785465625 0.4543814484375 0.6916029265625 0.443876984375 0.6752921625 0.4253263890625 0.6764094734375 0.4197390875 0.6920498515625 0.3741453375 0.703668403125 0.36654637968750003 0.707913690625 0.3618529265625 0.7208727671874999 0.3620763890625 0.7389709828125001 0.3634174109375 0.7570691968750001 0.375933284375 0.7820939984375 0.431193453125 0.77755233125 0.438736359375 0.776508184375 0.440748015625 0.7818705359375 0.45683978124999997 0.7800830859375
1 0.5168650796875001 0.7899305562500001 0.51884920625 0.79365079375 0.5265376984375 0.8005952375 0.54365079375 0.803075396875 0.5481150796875001 0.8055555562500001 0.5570436515625 0.8137400796875 0.5669642859375 0.81572420625 0.575148809375 0.81572420625 0.6039186515625 0.8206845234375001 0.6108630953125 0.8229166671874999 0.615575396875 0.8266369046875001 0.6183035718750001 0.825644840625 0.62177579375 0.82217261875 0.6292162703125 0.8125 0.6334325390625 0.8035714281249999 0.6361607140625 0.7948908734375 0.6359126984375 0.7829861109375 0.6334325390625 0.7733134921875 0.6289682546875001 0.7638888890625 0.6195436515625 0.7564484125 0.580605159375 0.7197420640625001 0.5706845234375 0.712549603125 0.565972221875 0.7103174609375 0.5572916671875 0.71279761875 0.5558035718750001 0.7147817453124999 0.5513392859375 0.7170138890625 0.5386904765625 0.7204861109375 0.5329861109375 0.7261904765625 0.52802579375 0.72842261875 0.5245535718750001 0.7321428578125 0.521825396875 0.7361111109375 0.5208333328125 0.74032738125 0.51884920625 0.7420634921875 0.513144840625 0.75595238125 0.509920634375 0.7733134921875 0.509424603125 0.7800099203124999 0.5101686515625 0.783730159375 0.513144840625 0.787450396875 0.5168650796875001 0.7899305562500001
1 0.4923115078125 0.7889384921875 0.4990079359375 0.7889384921875 0.505704365625 0.786954365625 0.5081845234375 0.7790178578125 0.509424603125 0.7678571421875 0.5114087296875 0.7633928578125 0.5114087296875 0.759424603125 0.5101686515625 0.7566964281249999 0.5071924609375 0.7544642859375 0.5029017859375 0.734097965625 0.4790002484375 0.744430803125 0.48635912656249997 0.762152778125 0.48363095312500004 0.763144840625 0.48065476250000005 0.7671130953125 0.48015872968749995 0.77529761875 0.48387896875 0.7822420640625001 0.48809523749999995 0.786954365625 0.4923115078125 0.7889384921875
1 0.3094337796875 0.81339608125 0.3284030265625 0.80512103125 0.3373705359375 0.795466765625 0.36806622031249997 0.7816748515625 0.36668675624999997 0.777537203125 0.36013368125 0.758228421875 0.361858134375 0.7182318953125 0.3549603171875 0.7040952375 0.348751984375 0.7061639390625001 0.33564608125 0.7123702875 0.3025357140625 0.7258174609375 0.2939134421875 0.7240935015625001 0.27425421562499996 0.7344372515625001 0.27425421562499996 0.7406438484375 0.2821870046875 0.7654692453124999 0.201480903125 0.80925868125 0.19354836250000002 0.8123618546875001 0.186650296875 0.8171889875 0.17526884843749999 0.834084078125 0.18458110156250002 0.8516688984374999 0.1945830859375 0.855116815625 0.20389533750000002 0.852703125 0.21010342187500003 0.8430488593750001 0.29149900781250004 0.7996041671875 0.2959828875 0.7968459828125 0.29908680625 0.79822495 0.3094337796875 0.81339608125
1 0.2773583828125 0.7602775296875001 0.2704603171875 0.73890005 0.27459920625 0.73407266875 0.2921889875 0.72269444375 0.33668055625000004 0.697179315625 0.339784721875 0.6968345734375 0.350131696875 0.6968345734375 0.35633978125 0.68959375 0.35806423593750003 0.6809739578125 0.3515111609375 0.66718204375 0.3477172625 0.6606307046875 0.3415091765625 0.660975446875 0.332196925 0.6654578375 0.324609375 0.6726986609375001 0.2621827875 0.7085577875 0.253560515625 0.7106264875 0.2397646328125 0.6902834828125 0.2228645828125 0.6982137890625 0.22079513906249998 0.7044201390625 0.164921875 0.7451063984374999 0.17423412656249998 0.7630359624999999 0.1876850203125 0.790964534375 0.1997564484375 0.8064804062500001 0.2518360609375 0.7782068453125001 0.269080853125 0.7730349703125 0.2783931046875 0.7682078375 0.2773583828125 0.7602775296875001
1 0.6814285718749999 0.6864734625 0.660795634375 0.6752224703125 0.6559188984375 0.67897271875 0.60377430625 0.6590959828125 0.5910193453125 0.671097221875 0.5838916171874999 0.6868484625 0.5752633921875 0.7146009421875 0.62215625 0.7573549109375 0.647290675 0.7697309031249999 0.6570443953125 0.7704811515625 0.660795634375 0.761480159375 0.6682986109375 0.7494791671875001 0.672800346875 0.7491041671875001 0.6885560515625 0.7528544140625 0.7403256453125 0.7738563984375 0.7433268843749999 0.7817321421875 0.7557063484375 0.786232390625 0.770712053125 0.784732390625 0.7729630453125 0.7753563984375 0.7782150296875 0.7581049109375 0.7658353171875001 0.7479791671875 0.754205853125 0.7494791671875001 0.6788025796875 0.7142690968750001 0.67842733125 0.707475446875 0.68217881875 0.6969744546875 0.6814285718749999 0.6864734625
1 0.5895188484375 0.669575396875 0.60414930625 0.6586994046875 0.616904265625 0.6631999015625001 0.64053819375 0.6722006453125 0.647290675 0.660949653125 0.6446646828125 0.653448909375 0.6682986109375 0.6106951890625 0.6581696421875 0.593068453125 0.6394126984375 0.5814424609375 0.62065550625 0.5746919640625 0.615028521875 0.572066715625 0.6082757937500001 0.5728167156249999 0.5778893843749999 0.6095701890624999 0.5677606640625 0.6148204359375 0.5617584328125 0.625696428125 0.5752633921875 0.6459484125 0.5775143843749999 0.6470734125 0.5801403765625001 0.6500736609375 0.5576319437499999 0.685701884375 0.5670104171875 0.7100791171874999 0.5763888890625 0.7097041171875 0.5895188484375 0.669575396875
1 0.633785465625 0.5555329859375 0.6450396828125 0.5536577375 0.6435391859374999 0.5427817453125 0.64541493125 0.5352810015625 0.6375369546874999 0.5319057546875 0.6079007937500001 0.52965550625 0.604899553125 0.5131540171875 0.59927256875 0.5041532734375 0.592144840625 0.5030282734375 0.5872678578125 0.5034032734375 0.58276636875 0.506778521875 0.5688861609375 0.5097787703125001 0.5317470234375 0.5075285218750001 0.5272452875 0.515779265625 0.523494046875 0.5300305062499999 0.523869046875 0.54578199375 0.5264950390625 0.558533234375 0.530621528125 0.5667839781249999 0.536248759375 0.5697842265624999 0.5722624015625 0.5720344734375 0.5838916171874999 0.574659721875 0.5947708328125 0.575034721875 0.6022735609375001 0.5697842265624999 0.6075255453125 0.5543650796875 0.611277034375 0.5540327375 0.6187797625 0.5547827375 0.633785465625 0.5555329859375
1 0.7328229171875 0.5866713796874999 0.7343234125 0.5814211312500001 0.727195684375 0.5604191468749999 0.7200679562500001 0.5424174109375001 0.7140657234375001 0.5281661703125 0.708813740625 0.5236659218749999 0.683679315625 0.53116641875 0.6656726187500001 0.5371669140625001 0.6600453875000001 0.5330416671875 0.6491664187499999 0.5352919140625 0.6435391859374999 0.5390421625 0.647290675 0.5540436515625 0.6484159218750001 0.5589188984375 0.6146532734375 0.5709201390625 0.5868928578125 0.5795458828125 0.5801403765625001 0.5806708828125 0.5752633921875 0.5806708828125 0.5685109125000001 0.5844213796875 0.5640091765624999 0.590046875 0.5681356640625 0.6065483625 0.5726374015625 0.6091736109375 0.5838916171874999 0.60017261875 0.5936453375 0.5889216265624999 0.6071505453125 0.576170634375 0.615403521875 0.5720451390625 0.6266577375 0.5709201390625 0.6499166671875 0.5851713796875 0.6559188984375 0.5859213796875 0.664171875 0.6009228671875 0.6705493546875 0.6084233625000001 0.6986850203125 0.5941721234374999 0.7328229171875 0.5866713796874999
1 0.68217881875 0.50337103125 0.6848048109375 0.517997271875 0.6968092765625 0.518372271875 0.70356175625 0.509371528125 0.696434028125 0.4984955359375 0.696059028125 0.4969952875 0.6938080359375001 0.48730877968749997 0.6829290671875 0.48836954375 0.6829290671875 0.4943700390625 0.68217881875 0.50337103125
1 0.627408234375 0.4246138390625 0.616904265625 0.42123859062499996 0.6079007937500001 0.4249888390625 0.5805153765625 0.421988590625 0.5782646328125 0.4257388390625 0.5823911203125001 0.4283640875 0.590269096875 0.4336145828125 0.59514608125 0.444490575 0.59514608125 0.45799181562499997 0.59964756875 0.4677428078125 0.6056498015625 0.458741815625 0.62065550625 0.456491815625 0.6270329859375 0.45986706406250005 0.6469154265625 0.465117559375 0.6521674109375 0.46399231093750004 0.652917659375 0.4624923109375 0.6765515875 0.47111805625000003 0.6851798109375 0.4786188 0.6986850203125 0.47974379999999994 0.6998105156250001 0.4677428078125 0.69118204375 0.45799181562499997 0.6791775796875 0.45949206406250004 0.6292837296875 0.4474908234375 0.63303521875 0.444490575 0.63266021875 0.43473983125000004 0.627408234375 0.4246138390625
1 0.6176545140624999 0.4096016859375 0.6292837296875 0.403226190625 0.64053819375 0.3927251984375 0.65366790625 0.386349703125 0.6540431546875001 0.3765987109375 0.6480409218750001 0.36422271875 0.6210307546875 0.36609771874999997 0.6033990578124999 0.36797296562500004 0.59964756875 0.366847965625 0.5857673609375 0.37022321406250003 0.5857673609375 0.3720984625 0.586142609375 0.38109920625 0.586142609375 0.38222420625 0.580890625 0.3852244546875 0.5883933531250001 0.39647544687499997 0.5880183531250001 0.3998509421875 0.5846421125 0.4088516859375 0.5947708328125 0.4144771828125 0.5947708328125 0.420102678125 0.6124025296875 0.419352678125 0.6176545140624999 0.4096016859375
1 0.652542659375 0.367212053125 0.6551686515624999 0.375837796875 0.656669146875 0.3904642859375 0.6705493546875 0.3904642859375 0.6679233625000001 0.3784630453125 0.6694238593749999 0.3762130453125 0.683679315625 0.364962053125 0.68255381875 0.3529608140625 0.6758013390625 0.342459821875 0.660795634375 0.32258308593749996 0.6562938984375 0.31508234062499996 0.64541493125 0.312832340625 0.631534721875 0.3169575890625 0.6165290171875 0.3315838296875 0.6202805062500001 0.3514608140625 0.6210307546875 0.36121155781250003 0.6262827375 0.365712053125 0.6401629468750001 0.36421180625 0.652542659375 0.367212053125
1 0.345871528125 0.5036165671874999 0.3461899796875 0.508709078125 0.3687943953125 0.4997971234375 0.371978175 0.4905669640625 0.38057440468750003 0.4698787203125 0.39203571406250004 0.4596937 0.40222371093750003 0.45269146875 0.4098645828125 0.45269146875 0.40126860156250005 0.4456892359375 0.3949010421875 0.44537103125 0.3885337296875 0.44855381875000006 0.38726016875 0.45523784687499996 0.38367832343749997 0.45694543593750003 0.351283978125 0.4596937 0.3430062 0.46414955312500006 0.3417326390625 0.483246528125 0.345871528125 0.5036165671874999
1 0.31180555625 0.43103918593749996 0.3028911203125 0.428174603125 0.3022544640625 0.44249727187500004 0.3057564484375 0.45491021875 0.31339756875 0.4670049609375 0.331544890625 0.4720974703125 0.3382306546875 0.46382217187499997 0.340459325 0.460639384375 0.3627452875 0.4580932546875 0.38726016875 0.45459201406250005 0.36210863125000003 0.4494995046875 0.342051090625 0.448862846875 0.340459325 0.448862846875 0.336001984375 0.44440699375000003 0.333455109375 0.4265833328125 0.32867931562499997 0.42308209375 0.314352678125 0.4227638890625 0.31180555625 0.43103918593749996