3 0.4293643359375 0.6066609625 0.43019146875000003 0.607074653125 0.4351540171875 0.5992172625000001 0.479815971875 0.5615853171875 0.5455687 0.6004578375 0.5753435015624999 0.595908978125 0.5823735125 0.5599310515625 0.57451636875 0.49293799531250004 0.5712080859374999 0.47722346250000003 0.5666592265625 0.4821860125 0.5592155265625001 0.4983139875 0.54308755 0.497900296875 0.4595525796875 0.46771205312499997 0.4198529265625 0.47846403750000005 0.4293643359375 0.6066609625
3 0.465773809375 0.713045634375 0.47743055625 0.7199900796875001 0.481646825 0.721478175 0.48387896875 0.72470238125 0.4858630953125 0.724950396875 0.4895833328125 0.7274305562500001 0.4925595234375 0.7254464281249999 0.49429563437499996 0.7204861109375 0.49925595312500004 0.7167658734375 0.5009920640625001 0.7132936515625 0.5052083328125 0.708829365625 0.509424603125 0.6986607140625 0.515625 0.6949404765625 0.5173611109375 0.693204365625 0.5193452375 0.6884920640625001 0.5243055562500001 0.685019840625 0.5272817453124999 0.681299603125 0.5300099203124999 0.66592261875 0.533978175 0.6607142859375 0.53447420625 0.6540178578125 0.5364583328125 0.6488095234375 0.540674603125 0.6450892859375 0.5419146828125 0.6418650796875001 0.546130953125 0.637648809375 0.547619046875 0.6339285718750001 0.5518353171875 0.6316964281249999 0.5535714281249999 0.6269841265625 0.5587797625 0.62450396875 0.562748015625 0.6207837296875 0.562748015625 0.61532738125 0.559771825 0.6138392859375 0.55654761875 0.609623015625 0.5481150796875001 0.6051587296875 0.52157738125 0.5860615078125 0.5106646828125 0.5793650796875001 0.502728175 0.5763888890625 0.4950396828125 0.568204365625 0.486855159375 0.56572420625 0.48115079375 0.562251984375 0.478174603125 0.5625 0.4389880953125 0.5949900796875001 0.4357638890625 0.5989583328125 0.430803571875 0.609375 0.4298115078125 0.6143353171875 0.4112103171875 0.6664186515625 0.41071428593750003 0.6728670640625001 0.4136904765625 0.6763392859375 0.43427579375 0.689980159375 0.465773809375 0.713045634375
3 0.3635912703125 0.593501984375 0.372519840625 0.59375 0.3841765875 0.5900297625 0.39090525781249996 0.5855704359375 0.3990575390625 0.5761408734375 0.40178571406249997 0.5701884921875 0.40252976250000005 0.5634920640625001 0.400049603125 0.556299603125 0.3926091265625 0.5483630953125 0.38740079375 0.5446428578125 0.3856646828125 0.541170634375 0.37549603125000003 0.5381944437499999 0.3635912703125 0.53174603125 0.359126984375 0.52802579375 0.3554067453125 0.5238095234375 0.353670634375 0.5198412703125 0.35267857187499996 0.50967261875 0.33134920625 0.48883928593750003 0.328373015625 0.48660714218749995 0.325396825 0.4858630953125 0.31944444375000003 0.4858630953125 0.31349206406249996 0.487351190625 0.3060515875 0.4923115078125 0.3005952375 0.49776785781250005 0.2948908734375 0.5084325390625 0.2953869046875 0.5171130953125 0.2991071421875 0.5230654765625 0.3613591265625 0.5920138890625 0.3635912703125 0.593501984375
3 0.368799603125 0.53174603125 0.372519840625 0.534722221875 0.37822420625 0.53720238125 0.390625 0.5381944437499999 0.396825396875 0.5300099203124999 0.40203372968749995 0.51884920625 0.408978175 0.5079365078125 0.4112103171875 0.5019841265625 0.41741071406249997 0.4918154765625 0.41989087343750003 0.48015872968749995 0.42237103125 0.47594246093750003 0.430803571875 0.4672619046875 0.43846230156250005 0.45158407812499995 0.42385912656249997 0.43973214218749995 0.419394840625 0.4360119046875 0.40997023749999995 0.430803571875 0.408730159375 0.428075396875 0.41319444375 0.41592261875 0.41989087343750003 0.4045138890625 0.4233630953125 0.396329365625 0.424355159375 0.3921130953125 0.4228670640625 0.39012896874999997 0.421875 0.39012896874999997 0.419394840625 0.393105159375 0.3928571421875 0.4449404765625 0.3831845234375 0.46180555625 0.3613591265625 0.5042162703125 0.359375 0.506200396875 0.356894840625 0.5171130953125 0.356646825 0.521329365625 0.35838293593750004 0.525545634375 0.3633432546875 0.530505953125 0.368799603125 0.53174603125
0 0.5554935515625 0.4970734125 0.6270357140625 0.3366202875 0.6319982640624999 0.304777778125 0.6009828875000001 0.253085565625 0.49470337343750004 0.24109300625 0.409928075 0.4271852671875 0.409928075 0.43297495 0.462033978125 0.4689526296875 0.5554935515625 0.4970734125
0 0.4211716265625 0.7545017359374999 0.40773834375 0.7596192953124999 0.4016612109375 0.7772103171875 0.6172331343749999 0.9825473703125001 0.6466584828124999 0.9368102671875 0.6629702375 0.90738516875 0.6914360125 0.8782797625000001 0.5762936515625 0.7858459828125001 0.5551842765624999 0.798 0.5375932546875 0.7925627484375 0.5388725203125 0.7564208828125001 0.4998521828125 0.7234771828125 0.49121651718750003 0.7317931546875001 0.45315550625 0.706845734375 0.42948735156250006 0.711643353125 0.4224508921875 0.7301939484375 0.42884771875 0.7356312 0.4211716265625 0.7545017359374999
0 0.40029761875 0.9273313484375001 0.40178571406249997 0.9295634921874999 0.4047619046875 0.9322916671874999 0.4166666671875 0.9327876984374999 0.486855159375 0.927579365625 0.4987599203125 0.9260912703124999 0.5052083328125 0.9236111109375 0.5064484125 0.9201388890625 0.5054563484375 0.903769840625 0.49677579375 0.86904761875 0.48784722187499996 0.85987103125 0.481894840625 0.8554067453125 0.47470238125 0.847222221875 0.46949404687499996 0.84325396875 0.46552579375 0.8415178578125 0.4635416671875 0.8370535718750001 0.46006944375 0.8335813484375001 0.428571428125 0.8070436515624999 0.42509920625 0.80282738125 0.4208829359375 0.8005952375 0.41617063437499996 0.79637896875 0.41046627031250005 0.7889384921875 0.40674603125 0.7889384921875 0.4047619046875 0.7956349203124999 0.3958333328125 0.7951388890625 0.39161706406249996 0.7981150796875001 0.3886408734375 0.8023313484375001 0.3854166671875 0.8040674609374999 0.37847222187499996 0.8053075390625001 0.377480159375 0.806299603125 0.377976190625 0.8147321421875 0.3988095234375 0.9208829359375 0.40029761875 0.9273313484375001
0 0.35491071406249997 0.6897321421875 0.3616071421875 0.7227182546875001 0.36284722187499996 0.734623015625 0.365575396875 0.7452876984375 0.3665674609375 0.747519840625 0.36904761875 0.746527778125 0.37152777812500004 0.747271825 0.381200396875 0.74677579375 0.38392857187499996 0.7477678578125 0.39176587343749997 0.747271825 0.396329365625 0.749255953125 0.3988095234375 0.7514880953125 0.4012896828125 0.7574404765625 0.4045138890625 0.7606646828125 0.40625 0.7576884921875 0.4117063484375 0.7539682546875001 0.419146825 0.7519841265625 0.42385912656249997 0.7425595234375 0.42559523749999995 0.7408234125 0.42609127031250005 0.7361111109375 0.4233630953125 0.733630953125 0.421626984375 0.728174603125 0.42410714218749995 0.7204861109375 0.42782738125 0.7142857140625 0.43154761875 0.7108134921875 0.450148809375 0.7048611109375 0.4439484125 0.6979166671875 0.4375 0.6927083328125 0.4283234125 0.6865079359374999 0.42261904687499996 0.6852678578125 0.41790674531249994 0.6793154765625 0.4139384921875 0.6760912703125 0.41071428593750003 0.674851190625 0.40972222187499996 0.6722056046875 0.40972222187499996 0.669394840625 0.41195436562500004 0.6651785718750001 0.41592261875 0.6510416671875 0.41815476250000005 0.6473214281249999 0.43030753906249997 0.612103175 0.4273313484375 0.59052579375 0.4233630953125 0.5419146828125 0.41964285781250005 0.5389384921875 0.41493055625 0.5396825390625 0.40575396875 0.543898809375 0.40054563437499996 0.5486111109375 0.40178571406249997 0.5518353171875 0.40426587343750003 0.5535714281249999 0.406498015625 0.5602678578125 0.4050099203125 0.568204365625 0.40277777812500004 0.5704365078125 0.40054563437499996 0.5761408734375 0.3953373015625 0.5830853171875 0.393105159375 0.5882936515625 0.3883928578125 0.5922619046875 0.38392857187499996 0.5920138890625 0.372271825 0.5952380953125 0.36631944375000003 0.5954861109375 0.36036706406249996 0.593005953125 0.35243055624999997 0.5825892859375 0.34052579375 0.5716765875 0.33680555624999997 0.5744047625 0.33482142812500004 0.578373015625 0.33506944375000003 0.5885416671875 0.343998015625 0.6324404765625 0.3477182546875 0.6582341265625 0.35491071406249997 0.6897321421875
0 0.206597221875 0.6989087296875 0.20833333281250002 0.7011408734375 0.218501984375 0.705853175 0.222222221875 0.708829365625 0.2296626984375 0.7120535718750001 0.2435515875 0.7204861109375 0.2549603171875 0.721726190625 0.2581845234375 0.7207341265625 0.25669642812500004 0.7172619046875 0.256200396875 0.7085813484375 0.259424603125 0.700396825 0.2619047625 0.697420634375 0.26116071406249997 0.6944444437499999 0.2549603171875 0.6949404765625 0.2517361109375 0.6961805562500001 0.246527778125 0.6956845234375 0.230902778125 0.6979166671875 0.21130952343749998 0.688244046875 0.202876984375 0.6855158734375 0.1966765875 0.6860119046875 0.196428571875 0.690476190625 0.197420634375 0.693204365625 0.20262896874999997 0.69717261875 0.206597221875 0.6989087296875
5 0.2951388890625 0.8177083328125001 0.2991071421875 0.8206845234375001 0.3112599203125 0.8236607140625001 0.33407738125 0.815972221875 0.341021825 0.812748015625 0.3578869046875 0.80927579375 0.3606150796875 0.8072916671874999 0.3869047625 0.7988591265625 0.396825396875 0.7896825390625 0.40054563437499996 0.7834821421875 0.40203372968749995 0.7636408734375 0.396329365625 0.7519841265625 0.39409722187499996 0.750744046875 0.3767361109375 0.7477678578125 0.36284722187499996 0.75 0.3556547625 0.7537202375 0.349454365625 0.7552083328125 0.34027777812500004 0.7591765875 0.3328373015625 0.765873015625 0.3147321421875 0.7760416671875 0.3060515875 0.778273809375 0.30381944375000003 0.783730159375 0.2983630953125 0.7854662703125 0.2953869046875 0.7854662703125 0.29340277812500004 0.7832341265625 0.2904265875 0.78447420625 0.2862103171875 0.79092261875 0.2859623015625 0.7948908734375 0.28472222187499996 0.796130953125 0.28447420625 0.7991071421875 0.2876984125 0.8125 0.2891865078125 0.815228175 0.2951388890625 0.8177083328125001
5 0.27256944375000003 0.747271825 0.28174603125000003 0.7554563484375 0.28447420625 0.7614087296875 0.290674603125 0.7678571421875 0.29588293593750004 0.771825396875 0.3023313484375 0.7748015875 0.309771825 0.7757936515625 0.3174603171875 0.7735615078125 0.3244047625 0.766369046875 0.327876984375 0.764880953125 0.3328373015625 0.7591765875 0.3365575390625 0.7571924609375 0.34052579375 0.753472221875 0.344494046875 0.7490079359374999 0.3484623015625 0.7423115078125 0.3521825390625 0.7393353171875 0.353670634375 0.735119046875 0.3541666671875 0.7271825390625 0.3529265875 0.7167658734375 0.33928571406249997 0.6959325390625 0.3323412703125 0.688244046875 0.328373015625 0.686755953125 0.3241567453125 0.687251984375 0.318204365625 0.6897321421875 0.3010912703125 0.6892361109375 0.299603175 0.6914682546875001 0.2921626984375 0.6929563484375 0.2904265875 0.6922123015625 0.2876984125 0.7013888890625 0.278769840625 0.6991567453124999 0.271825396875 0.700148809375 0.26661706406249996 0.703125 0.263144840625 0.7103174609375 0.2616567453125 0.7204861109375 0.264880953125 0.728174603125 0.26612103125000003 0.73387896875 0.27256944375000003 0.747271825
1 0.322420634375 0.9605654765624999 0.3261408734375 0.9605654765624999 0.3320932546875 0.9585813484375001 0.34027777812500004 0.953373015625 0.3422619046875 0.9511408734375 0.343501984375 0.94717261875 0.3400297625 0.9352678578125 0.33928571406249997 0.927579365625 0.33705357187499996 0.9233630953124999 0.3333333328125 0.906001984375 0.33159722187499996 0.9017857140625001 0.3318452375 0.896329365625 0.3261408734375 0.877728175 0.3239087296875 0.8645833328125001 0.3189484125 0.8474702375 0.3174603171875 0.8335813484375001 0.3139880953125 0.82490079375 0.31150793593750004 0.825396825 0.29365079375 0.8177083328125001 0.2904265875 0.8174603171875001 0.2894345234375 0.8189484125 0.2891865078125 0.82217261875 0.29340277812500004 0.8452380953124999 0.31919642812500004 0.9583333328125001 0.322420634375 0.9605654765624999
1 0.28174603125000003 0.7894345234375 0.2834821421875 0.79092261875 0.2854662703125 0.7901785718750001 0.2867063484375 0.7884424609375 0.2904265875 0.786954365625 0.2946428578125 0.7829861109375 0.2948908734375 0.775049603125 0.29017857187499996 0.7678571421875 0.275545634375 0.750744046875 0.27455357187499996 0.7517361109375 0.2748015875 0.755704365625 0.2770337296875 0.768353175 0.28174603125000003 0.7894345234375
1 0.2604134421875 0.7321634421875001 0.2638122515625 0.7491572421875 0.272040921875 0.7484417156250001 0.2716830359375 0.7468318453125 0.264527778125 0.7310900296875 0.2604134421875 0.7321634421875001
1 0.44181274843749996 0.352315228125 0.3475004953125 0.280226190625 0.33367906718749996 0.30814037656250004 0.42744915624999996 0.38293948437499997 0.44181274843749996 0.352315228125
1 0.5559960312500001 0.7954055062500001 0.5632599203125 0.7938921125 0.5650758921875 0.7902601687499999 0.6007904265625 0.6056341765625 0.650427828125 0.35986954375 0.72064608125 0 0.6964513890624999 0.0006130953125 0.5665892859375 0.6431646828125 0.5390466265625 0.7890496031249999 0.5475213296875 0.793589534375 0.5559960312500001 0.7954055062500001
2 0.873243303125 0.23966617031249998 0.874751984375 0.1398053078125 0.5943462296875001 0.644102678125 0.5772271828125 0.7411103671875 0.583646825 0.7403970734375 0.873243303125 0.23966617031249998
2 0.2564484125 0.2591765875 0.266369046875 0.2574404765625 0.29365079375 0.2584325390625 0.380704365625 0.2564484125 0.4794146828125 0.256200396875 0.48660714218749995 0.25446428593750003 0.493303571875 0.2435515875 0.49950396875 0.24181547656250002 0.5540674609375 0.2477678578125 0.591269840625 0.25049603125000003 0.6073908734375 0.252976190625 0.6366567453124999 0.25322420625 0.6421130953125 0.252480159375 0.6450892859375 0.24727182499999997 0.646825396875 0.2408234125 0.6478174609375 0.22842261874999997 0.65029761875 0.2209821421875 0.650049603125 0.2140376984375 0.6522817453124999 0.20882936562499999 0.6525297625 0.203373015625 0.653521825 0.20114087343749998 0.6507936515625 0.1991567453125 0.6416170640625001 0.197420634375 0.6391369046875 0.1989087296875 0.6272321421875 0.19990079375 0.5771329359374999 0.20138888906250002 0.5478670640625001 0.2041170640625 0.4632936515625 0.20907738125000003 0.4454365078125 0.20907738125000003 0.25892857187499996 0.21949404687500002 0.2490079359375 0.21825396874999997 0.24503968281250002 0.22048611093749998 0.2398313484375 0.22594246093749998 0.2385912703125 0.22867063437500001 0.2383432546875 0.24007936562499999 0.24305555625 0.25099206406249996 0.24950396874999997 0.2576884921875 0.2564484125 0.2591765875
3 0.24357366093750002 0.696408234375 0.346829365625 0.676267609375 0.349382440625 0.6745657234375 0.34399280781249997 0.6623678078124999 0.2952016375 0.6427946421875 0.2864077375 0.6379722218749999 0.2824365078125 0.623221478125 0.30030753906249996 0.5273412703125 0.298321925 0.525071925 0.2946341765625 0.5157108140625 0.2954853671875 0.5072006453125 0.296336309375 0.5018110124999999 0.30569742031249997 0.49301736093750004 0.310519840625 0.453303571875 0.31307266875 0.4481974203125 0.320164434375 0.44450992031250003 0.387677828125 0.4524526296875 0.3893797125 0.4402547125 0.2767631453125 0.41614285781250004 0.194215278125 0.4039451890625 0.1522321421875 0.6618005953125 0.23024131875 0.6972591765625 0.24357366093750002 0.696408234375