1 0.2638888890625 0.7748015875 0.2693452375 0.775545634375 0.31299603125000003 0.77802579375 0.318700396875 0.7770337296875 0.33506944375000003 0.7770337296875 0.3489583328125 0.778273809375 0.3578869046875 0.777777778125 0.35987103125000003 0.778521825 0.374751984375 0.7767857140625 0.3958333328125 0.7767857140625 0.40029761875 0.77529761875 0.4050099203125 0.7762896828125 0.41046627031250005 0.7743055562500001 0.4114583328125 0.752480159375 0.41046627031250005 0.7398313484375 0.4047619046875 0.7261904765625 0.40029761875 0.719494046875 0.3960813484375 0.716269840625 0.393601190625 0.7115575390625 0.389880953125 0.7103174609375 0.3834325390625 0.7043650796875001 0.37847222187499996 0.7018849203124999 0.37549603125000003 0.7018849203124999 0.3519345234375 0.6924603171875 0.34375 0.6924603171875 0.327876984375 0.696924603125 0.3147321421875 0.702876984375 0.3020833328125 0.709325396875 0.2757936515625 0.7264384921875 0.2730654765625 0.7323908734375 0.2730654765625 0.737103175 0.2698412703125 0.7415674609375 0.2668650796875 0.7428075390625 0.262648809375 0.75 0.25967261875 0.752480159375 0.2564484125 0.7601686515625 0.256200396875 0.764880953125 0.2606646828125 0.7673611109375 0.259424603125 0.771329365625 0.2638888890625 0.7748015875
1 0.5227514875 0.632372271875 0.520570684375 0.6273757437499999 0.466194940625 0.6718908734375 0.5384615578124999 0.657071428125 0.524546875 0.6364139390625 0.5227514875 0.632372271875
1 0.5546205359374999 0.6602150296875 0.6250915171875 0.6494370046875 0.6129724703125 0.631923115625 0.61162574375 0.634168403125 0.5999553578125 0.6373120046875 0.602199653125 0.6278814484375 0.5977110609375 0.6215942453125 0.5725749015625 0.5968950890625 0.5478876484375 0.57893204375 0.5281376484375 0.5964459328125 0.5330751484375 0.61396006875 0.5267911703125 0.6202470234375 0.524546875 0.6265342265625 0.537563740625 0.6476408734375 0.5546205359374999 0.6602150296875
1 0.6084838796875001 0.630633928125 0.6241939484375 0.645004215625 0.6291314484375 0.65129141875 0.6578583828125 0.641860615625 0.654267609375 0.6036892359375 0.6484322921875 0.598300346875 0.634517609375 0.5929114578125 0.6241939484375 0.5924623015625 0.6291314484375 0.6135689484375 0.6161143359375 0.61850868125 0.6111768359374999 0.6247958828125 0.6084838796875001 0.630633928125
1 0.6484322921875 0.60021255 0.6744662703125 0.6056014390625 0.69466493125 0.59527256875 0.69960243125 0.5880873015625 0.702295634375 0.576860615625 0.7063353171875 0.55799925625 0.7094774312500001 0.5355453875 0.7063353171875 0.517133184375 0.7036421125000001 0.4955776296875 0.7013978171875 0.474021825 0.6915228171875001 0.4547115578125 0.6623469734375 0.4538134921875 0.6533697921875 0.4650404265625 0.5694330359374999 0.46099875937499996 0.5644955359375 0.45022073437500004 0.5384615578124999 0.44932266875 0.5330751484375 0.4574060015625 0.5281376484375 0.46998015937500004 0.5218536703125001 0.5036609624999999 0.53531944375 0.513540675 0.534870784375 0.5301564984375 0.524546875 0.5301564984375 0.523200396875 0.53599454375 0.523200396875 0.5575500984375 0.5276889875 0.5584484125 0.5312797625 0.556652034375 0.5366661703125 0.5773095234375 0.5658420140625 0.5858420140625 0.5748191968749999 0.5907819937500001 0.63810863125 0.5934764390625 0.6484322921875 0.60021255
1 0.6610004953125 0.451741815625 0.689278521875 0.4530890375 0.689278521875 0.38752380937500003 0.683443453125 0.375847965625 0.669977678125 0.3718063 0.6726708828125 0.3583338296875 0.6708752484375 0.340819940625 0.6098303578125 0.31477331406250003 0.564944196875 0.34935243125 0.5644955359375 0.360579365625 0.5662909218750001 0.3700099203125 0.564944196875 0.392912946875 0.5695730953125 0.3939345109375 0.563148809375 0.39650545625 0.5667398312499999 0.4328807046875 0.5739216265625 0.45668179531249997 0.6497790171875 0.4661123515625 0.6610004953125 0.451741815625
1 0.5708286515625 0.394211603125 0.5957244546875 0.40474330312499995 0.6093814484375 0.41087599218750004 0.6403529265625 0.4095287703125 0.6524719734375 0.3893201890625 0.6313757437499999 0.38482936562500003 0.595466765625 0.3996490578125 0.5708286515625 0.394211603125
1 0.66832415625 0.3389908234375 0.6664806546875 0.3235443953125 0.6630240578125 0.3115560515625 0.659106646875 0.2981845234375 0.6494285718749999 0.290115328125 0.62730704375 0.27951041718749997 0.6153244046874999 0.2781272328125 0.5890550593749999 0.28366021875 0.5724640375 0.29795386874999996 0.5662423109375 0.337607390625 0.5731552578125 0.34083506875 0.5756899796875 0.3406046625 0.6111765874999999 0.31455307499999996 0.66832415625 0.3389908234375
1 0.5346004468750001 0.400655009375 0.5380696921875 0.39501463281250004 0.5415391859375001 0.366896578125 0.5200724203125 0.3603883921875 0.5111822921875 0.366245784375 0.45090252968750005 0.3398072921875 0.4461321921875 0.330695684375 0.4266170640625 0.32505530781249997 0.41143874062499997 0.359331596875 0.41100496093750005 0.41747122968749995 0.4490141375 0.44829067499999997 0.47887400781249995 0.46183159687500003 0.5111822921875 0.43601587343750003 0.525493303125 0.4151899796875 0.5346004468750001 0.400655009375
1 0.5009910718749999 0.44908829375000003 0.48060863125 0.46600942500000003 0.48299380000000003 0.472517609375 0.495787203125 0.465141865625 0.5051108625 0.4636232640625 0.51898834375 0.44973908749999997 0.5328658234375 0.415462796875 0.5289627968749999 0.4193678078125 0.5196388890625 0.43303472187500003 0.5009910718749999 0.44908829375000003
1 0.5380696921875 0.3668196921875 0.5452251984375 0.3596607140625 0.5571510421875 0.3401361609375 0.5627889390624999 0.3264689984375 0.564740328125 0.3180084328125 0.5677760421875 0.305209078125 0.5612710812499999 0.3043412703125 0.5428400296875 0.3078122515625 0.532215278125 0.30694444375 0.536985615625 0.3026056546875 0.55931944375 0.298917659375 0.5630057046875 0.2978330859375 0.54674305625 0.2828643359375 0.5332993546875 0.2726681546875 0.5066287203125001 0.266376984375 0.48754737031250006 0.2616044140625 0.4825602671875 0.2642075890625 0.4754047625 0.2798271328125 0.47757291718749995 0.2869861109375 0.47822346250000003 0.293060515625 0.45068551562500003 0.3375327375 0.5105317453125 0.3642162703125 0.5196388890625 0.3596607140625 0.5380696921875 0.3668196921875
1 0.4381091265625 0.2870701890625 0.44222916718749994 0.2955307546875 0.4561063984375 0.31223511875 0.462177828125 0.31765005 0.47822346250000003 0.2890141375 0.4751877484375 0.2744791671875 0.48754737031250006 0.26124603125 0.522674603125 0.2679709828125 0.537419146875 0.2712251984375 0.552814484375 0.2679709828125 0.561487846875 0.25972743125000003 0.56365625 0.2460602671875 0.5606205359375 0.2278373015625 0.535033978125 0.1985505953125 0.5252765375 0.1900900296875 0.5012078375 0.1798938484375 0.4871138390625 0.183148065625 0.47713938437500003 0.1926932046875 0.4749709828125 0.2070111609375 0.47453744999999997 0.22111235156250003 0.47236904687500003 0.2200359625 0.4424459328125 0.2593020828125 0.43767559531250005 0.2638576390625 0.43355580312499997 0.27079985156249997 0.4381091265625 0.2870701890625
1 0.57558209375 0.289419890625 0.6104923109375 0.2742341265625 0.63217584375 0.27618675625 0.632826140625 0.2770545640625 0.6317420640625 0.24928621093749997 0.6198162203125 0.241042659375 0.6007348703125001 0.231497271875 0.59769915625 0.2297619046875 0.5942296625 0.229544890625 0.585339534375 0.23952405781250002 0.54305704375 0.27575272812499996 0.5653908734375 0.29289087343750003 0.57558209375 0.289419890625
1 0.4182495046875 0.333048859375 0.42519766875 0.321205109375 0.44861631874999996 0.326612103125 0.45299131875 0.330216765625 0.464314484375 0.31631324375 0.4478442453125 0.30807415625 0.414646578125 0.2980327375 0.392 0.3073015875 0.3760443953125 0.328929315625 0.373985615625 0.339228175 0.411558284375 0.35879613125 0.4182495046875 0.333048859375
1 0.44346949375 0.16917237031250001 0.43832242031249996 0.1756091265625 0.4259697421875 0.182818453125 0.4143891375 0.18359077343750002 0.41130109062500003 0.17921378906250002 0.40975694375 0.1720047125 0.410014384375 0.16634027812500002 0.38144866093749996 0.15784375 0.38891170625 0.186423115625 0.429830109375 0.20496106093750002 0.4522192453125 0.182818453125 0.4586530265625 0.16917237031250001 0.4537633921875 0.129521825 0.414646578125 0.113301090625 0.38144866093749996 0.139820684375 0.380934028125 0.155783978125 0.41078621093749995 0.1635079359375 0.4236537703125 0.155011409375 0.4452708328125 0.149089534375 0.447587053125 0.1552688484375 0.44346949375 0.16917237031250001
1 0.415933284375 0.2810729171875 0.42133754999999995 0.2676842765625 0.415933284375 0.2591877484375 0.40718353125 0.25481076406250003 0.40538194375 0.25712797656249997 0.39508804531249997 0.2805577875 0.3909704859375 0.29291641875 0.397146825 0.290084325 0.415933284375 0.2810729171875
1 0.43446230156250004 0.25764285781249996 0.43986656718750006 0.2478591265625 0.45453546562499997 0.2365302578125 0.46534399843749996 0.22030952343750002 0.45350595312499997 0.20692113124999997 0.44346949375 0.20125669687499997 0.4231388890625 0.207693453125 0.404352678125 0.2267462796875 0.410014384375 0.2355004953125 0.41696255000000004 0.2391049109375 0.42288169687500005 0.24322445468749998 0.42828596250000006 0.2463142359375 0.4313740078125 0.262019840625 0.43446230156250004 0.25764285781249996
1 0.5006450890624999 0.6425012406249999 0.520230159375 0.62660391875 0.5157958828125 0.6010939984375 0.5154263390625 0.5718871531249999 0.51840078125 0.567995453125 0.5013841765625 0.5700384421875 0.4976889875 0.5855662203125 0.4976889875 0.6084880953125 0.49731919687500004 0.6369556046875 0.4976889875 0.63991319375 0.5006450890624999 0.6425012406249999