4 0.22123015937499999 0 0.218501984375 0.009424603125 0.2199900796875 0.013640873437500001 0.2380952375 0.024553571875 0.243799603125 0.031001984375000003 0.24925595312499998 0.0334821421875 0.252728175 0.037450396875 0.2574404765625 0.0396825390625 0.2641369046875 0.0458829359375 0.278769840625 0.055555556250000006 0.283978175 0.0605158734375 0.2914186515625 0.065228175 0.3258928578125 0.0922619046875 0.3489583328125 0.10912698437499999 0.3514384921875 0.10962301562500001 0.3581349203125 0.11582341249999999 0.3883928578125 0.1383928578125 0.39012896874999997 0.140625 0.4516369046875 0.18402777812499999 0.45758928593750003 0.18402777812499999 0.4632936515625 0.17906746093749998 0.466021825 0.1741071421875 0.47321428593750003 0.16592261875 0.477678571875 0.15550595312499998 0.48784722187499996 0.14087301562500001 0.49305555625 0.13616071406250002 0.5014880953125 0.12276785781249999 0.502480159375 0.118799603125 0.49776785781250005 0.11383928593749999 0.4672619046875 0.0915178578125 0.3492063484375 0 0.22123015937499999 0
3 0.125 0 0.125 0.049355159375 0.12946428593749998 0.049355159375 0.1540178578125 0.04092261875 0.1768353171875 0.031001984375000003 0.18675595312499998 0.0292658734375 0.1922123015625 0.0262896828125 0.20585317500000003 0.021329365625 0.2070932546875 0.0166170640625 0.203373015625 0.0081845234375 0.2018849203125 0 0.125 0
3 0.3633432546875 0.5639880953125 0.3635912703125 0.572420634375 0.3665674609375 0.5761408734375 0.375 0.575396825 0.384920634375 0.571924603125 0.39930555624999997 0.5704365078125 0.40228174531249994 0.5689484125 0.41021825468750006 0.5677083328125 0.4141865078125 0.56572420625 0.437748015625 0.5625 0.44915674531249994 0.559523809375 0.453125 0.5572916671875 0.468501984375 0.5543154765625 0.474950396875 0.5540674609375 0.500744046875 0.5478670640625001 0.50322420625 0.5451388890625 0.5017361109375 0.5396825390625 0.4985119046875 0.5146329359374999 0.4947916671875 0.49801587343750003 0.4925595234375 0.4945436515625 0.474950396875 0.497271825 0.462549603125 0.500744046875 0.43551587343750003 0.505704365625 0.4293154765625 0.5081845234375 0.4203869046875 0.50967261875 0.4141865078125 0.5119047625 0.3869047625 0.51512896875 0.38467261875 0.516369046875 0.372519840625 0.51884920625 0.36904761875 0.5205853171875 0.35590277812500004 0.521329365625 0.3539186515625 0.5233134921875 0.35342261875 0.5260416671875 0.35491071406249997 0.5349702375 0.3608630953125 0.5602678578125 0.3633432546875 0.5639880953125
5 0.59325396875 0.7884424609375 0.5979662703125 0.7876984125 0.6011904765625 0.7852182546875001 0.6039186515625 0.77529761875 0.608630953125 0.7304067453124999 0.609623015625 0.7279265875 0.611855159375 0.6951884921875 0.615575396875 0.6758432546875001 0.6165674609375 0.6574900796875001 0.6185515875 0.6485615078125 0.61904761875 0.6359126984375 0.6240079359374999 0.5917658734375 0.6237599203124999 0.58779761875 0.621527778125 0.5858134921875 0.593005953125 0.5835813484375 0.5863095234375 0.581101190625 0.5830853171875 0.5830853171875 0.577380953125 0.6297123015625 0.5761408734375 0.6512896828125 0.574652778125 0.6540178578125 0.5734126984375 0.668898809375 0.5741567453124999 0.6763392859375 0.564980159375 0.7537202375 0.562748015625 0.762896825 0.562251984375 0.7792658734375 0.5644841265625 0.781498015625 0.5830853171875 0.7879464281249999 0.59325396875 0.7884424609375
5 0.630704365625 0.5086805562500001 0.6341765875 0.5079365078125 0.6361607140625 0.50595238125 0.6366567453124999 0.49404761875 0.6334325390625 0.4908234125 0.6183035718750001 0.49032738125 0.5982142859375 0.48759920625 0.5957341265625 0.48859127031250005 0.594494046875 0.4908234125 0.5915178578125 0.5022321421875 0.5947420640625001 0.5047123015625 0.61259920625 0.5091765875 0.630704365625 0.5086805562500001
0 0.5860615078125 0.5791170640625001 0.5887896828125 0.578373015625 0.6009424609375 0.5835813484375 0.6039186515625 0.5825892859375 0.6071428578125 0.5845734125 0.6240079359374999 0.5853174609375 0.631200396875 0.58407738125 0.6450892859375 0.5835813484375 0.6485615078125 0.578869046875 0.6507936515625 0.568700396875 0.6577380953125 0.5138888890625 0.65674603125 0.5104166671875 0.653273809375 0.50967261875 0.6426091265625 0.5101686515625 0.6111111109375 0.5091765875 0.5803571421875 0.5017361109375 0.5736607140625 0.500744046875 0.5691964281249999 0.5014880953125 0.5669642859375 0.5064484125 0.56572420625 0.512896825 0.5637400796875001 0.5391865078125 0.559771825 0.56572420625 0.559771825 0.5706845234375 0.5610119046875 0.5726686515625 0.5711805562500001 0.5763888890625 0.5860615078125 0.5791170640625001
4 0.17881944375 0.5166170640625001 0.18501984062500001 0.5210813484375 0.1922123015625 0.521825396875 0.19618055625 0.5257936515625 0.20882936562499999 0.53075396875 0.2229662703125 0.5332341265625 0.2289186515625 0.5332341265625 0.2331349203125 0.53125 0.25 0.4908234125 0.2539682546875 0.4779265875 0.26463293593750004 0.450396825 0.2641369046875 0.4451884921875 0.2579365078125 0.43948412656249997 0.2571924609375 0.4365079359375 0.259920634375 0.43402777812500004 0.2668650796875 0.4389880953125 0.2760416671875 0.419394840625 0.299851190625 0.3511904765625 0.3008432546875 0.3459821421875 0.30927579375 0.3258928578125 0.31200396874999997 0.3137400796875 0.3139880953125 0.3105158734375 0.3144841265625 0.306795634375 0.3229166671875 0.286954365625 0.3234126984375 0.28174603125000003 0.3268849203125 0.2720734125 0.3258928578125 0.2673611109375 0.3125 0.2616567453125 0.2991071421875 0.2539682546875 0.287450396875 0.25049603125000003 0.2708333328125 0.24801587343749998 0.2668650796875 0.2457837296875 0.2641369046875 0.24181547656250002 0.26116071406249997 0.24156746093749998 0.252728175 0.2380952375 0.2490079359375 0.23958333281250002 0.2460317453125 0.24429563437500001 0.2435515875 0.25099206406249996 0.1582341265625 0.493799603125 0.1577380953125 0.505704365625 0.15873015937499999 0.5074404765625 0.1666666671875 0.512152778125 0.17881944375 0.5166170640625001
3 0.3826884921875 0.7043650796875001 0.3893849203125 0.7289186515625 0.39112103125000003 0.7323908734375 0.390873015625 0.7363591265625 0.4117063484375 0.8010912703124999 0.428075396875 0.8705357140625001 0.4484126984375 0.94345238125 0.4518849203125 0.9486607140625001 0.46651785781250005 0.9424603171875001 0.4789186515625 0.9394841265625 0.481646825 0.940476190625 0.484126984375 0.9362599203125 0.484623015625 0.931299603125 0.48387896875 0.927579365625 0.4734623015625 0.8839285718750001 0.465773809375 0.85987103125 0.4623015875 0.844494046875 0.4580853171875 0.833829365625 0.45734127031250005 0.8258928578125 0.4541170640625 0.815228175 0.452876984375 0.8020833328125001 0.44940476250000005 0.7956349203124999 0.4451884921875 0.7795138890625 0.440476190625 0.764880953125 0.435019840625 0.7519841265625 0.434523809375 0.7485119046875 0.419146825 0.712549603125 0.41815476250000005 0.7080853171875 0.41319444375 0.6981646828125 0.41021825468750006 0.687251984375 0.409226190625 0.665674603125 0.4072420640625 0.6636904765625 0.3792162703125 0.6703869046875 0.3767361109375 0.672123015625 0.37599206406249996 0.6738591265625 0.37822420625 0.6875 0.381200396875 0.6954365078125 0.3826884921875 0.7043650796875001
3 0.4375 0.7477678578125 0.43700396875 0.7519841265625 0.4424603171875 0.7673611109375 0.44866071406249997 0.7896825390625 0.45362103125 0.802579365625 0.4543650796875 0.8070436515624999 0.45758928593750003 0.8087797625 0.493303571875 0.799851190625 0.5116567453124999 0.79637896875 0.5136408734375 0.79092261875 0.499751984375 0.716269840625 0.4952876984375 0.69717261875 0.4895833328125 0.6929563484375 0.477678571875 0.6929563484375 0.43402777812500004 0.70634920625 0.4310515875 0.7110615078125 0.430803571875 0.7204861109375 0.43377976250000005 0.7304067453124999 0.43551587343750003 0.74404761875 0.4375 0.7477678578125
3 0.6004464281249999 0.8767361109375 0.60615079375 0.8866567453125 0.609126984375 0.8960813484375001 0.6326884921875 0.943700396875 0.640376984375 0.953869046875 0.6418650796875001 0.958829365625 0.6448412703125 0.96279761875 0.6507936515625 0.966021825 0.669146825 0.9575892859374999 0.6731150796875001 0.956597221875 0.678075396875 0.95262896875 0.68700396875 0.9486607140625001 0.693700396875 0.9392361109375 0.6927083328125 0.9322916671874999 0.68154761875 0.9042658734375 0.6785714281249999 0.8998015875 0.6765873015625 0.88467261875 0.668898809375 0.8643353171875001 0.6450892859375 0.813244046875 0.612847221875 0.827876984375 0.6019345234375 0.834325396875 0.596230159375 0.8360615078125001 0.588045634375 0.8415178578125 0.5892857140625 0.8489583328125001 0.593501984375 0.85615079375 0.599950396875 0.8732638890625 0.6004464281249999 0.8767361109375
4 0.23363095312499998 0.99032738125 0.23511904687500002 0.987103175 0.2408234125 0.9823908734375 0.2574404765625 0.9642857140625001 0.26240079375 0.9610615078125001 0.27157738125 0.947420634375 0.27802579375 0.939980159375 0.2849702375 0.934027778125 0.28993055624999997 0.931299603125 0.29365079375 0.9263392859374999 0.3048115078125 0.91592261875 0.306299603125 0.9126984125 0.3082837296875 0.91220238125 0.3112599203125 0.908978175 0.31597222187499996 0.9012896828124999 0.321924603125 0.896329365625 0.3234126984375 0.8926091265625 0.325148809375 0.8916170640625 0.3303571421875 0.8834325390625001 0.331101190625 0.8804563484375001 0.3296130953125 0.8764880953124999 0.3206845234375 0.8668154765624999 0.2946428578125 0.8427579359375 0.287450396875 0.84052579375 0.283978175 0.8454861109375 0.2800099203125 0.8477182546875 0.27678571406249997 0.8484623015625001 0.2728174609375 0.8474702375 0.2708333328125 0.8514384921874999 0.2673611109375 0.8529265875 0.26463293593750004 0.8576388890625 0.2609126984375 0.8606150796875 0.255704365625 0.869295634375 0.252480159375 0.8697916671874999 0.249751984375 0.8727678578125 0.2514880953125 0.8764880953124999 0.25049603125000003 0.878472221875 0.23685515937499999 0.8893849203125 0.234375 0.894097221875 0.22619047656250002 0.8993055562500001 0.21676587343749998 0.9102182546875 0.2145337296875 0.9112103171875001 0.2132936515625 0.9134424609374999 0.21006944375 0.91592261875 0.2078373015625 0.9198908734375 0.2016369046875 0.922123015625 0.19444444375 0.9310515875 0.19072420625 0.9310515875 0.1887400796875 0.9357638890625 0.1835317453125 0.93799603125 0.1827876984375 0.9484126984374999 0.181299603125 0.9511408734375 0.17906746093749998 0.950148809375 0.16840277812499999 0.9548611109375 0.16592261875 0.9595734125 0.1617063484375 0.96279761875 0.1604662703125 0.9675099203125 0.15550595312499998 0.9707341265625 0.14236111093749998 0.9858630953124999 0.1383928578125 0.9933035718750001 0.1354166671875 0.9920634921874999 0.13343253906250002 0.9933035718750001 0.1351686515625 0.999751984375 0.22371031718749998 0.999751984375 0.22395833281250002 0.997519840625 0.23363095312499998 0.99032738125
0 0.8370535718750001 0.44345238125 0.84375 0.4422123015625 0.8521825390625001 0.4429563484375 0.8680555562500001 0.44171627031250005 0.8697916671874999 0.43948412656249997 0.8700396828124999 0.43551587343750003 0.8697916671874999 0.3764880953125 0.86904761875 0.375 0.8675595234375001 0.3735119046875 0.8353174609374999 0.375 0.8320932546875 0.3762400796875 0.8318452375 0.42559523749999995 0.8325892859374999 0.44196428593750003 0.833829365625 0.44320436562500004 0.8370535718750001 0.44345238125
3 0.703373015625 0.5637400796875001 0.7118055562500001 0.5664682546875001 0.7425595234375 0.5691964281249999 0.753472221875 0.5711805562500001 0.7601686515625 0.5709325390625 0.764880953125 0.5694444437499999 0.7666170640625001 0.5637400796875001 0.771329365625 0.52529761875 0.7725694437499999 0.521825396875 0.78125 0.46676587343750003 0.7824900796875001 0.450148809375 0.7802579359374999 0.44866071406249997 0.768353175 0.44593253906249997 0.7363591265625 0.4424603171875 0.71825396875 0.44072420625 0.7123015875 0.4427083328125 0.708829365625 0.4543650796875 0.7078373015625 0.4675099203125 0.706101190625 0.4742063484375 0.7051091265625 0.497271825 0.703373015625 0.5017361109375 0.700396825 0.5228174609375 0.700148809375 0.5292658734375 0.7021329359374999 0.5329861109375 0.700644840625 0.5605158734375 0.703373015625 0.5637400796875001
3 0.15947420625 0.7834821421875 0.1604662703125 0.7884424609375 0.16319444375 0.7916666671875 0.16741071406250002 0.7914186515625 0.17137896875 0.786954365625 0.17212301562500001 0.7827380953125 0.1760912703125 0.7824900796875001 0.1820436515625 0.7797619046875 0.1855158734375 0.7738095234375 0.190476190625 0.768105159375 0.196428571875 0.76512896875 0.2021329359375 0.7586805562500001 0.2172619046875 0.7457837296875 0.2242063484375 0.7383432546875001 0.22916666718749998 0.737103175 0.23189484062500001 0.7388392859375 0.2333829359375 0.737351190625 0.23759920625 0.7299107140625 0.24330357187499999 0.72470238125 0.250744046875 0.712549603125 0.2552083328125 0.7080853171875 0.2673611109375 0.6894841265625 0.26884920625 0.685019840625 0.2735615078125 0.6785714281249999 0.275545634375 0.6738591265625 0.28571428593750003 0.6607142859375 0.28720238125 0.65674603125 0.2889384921875 0.656498015625 0.290674603125 0.6579861109375 0.325148809375 0.6024305562500001 0.32762896874999997 0.5949900796875001 0.330605159375 0.59375 0.334325396875 0.5865575390625 0.3360615078125 0.5850694437499999 0.337549603125 0.57490079375 0.3360615078125 0.568204365625 0.334325396875 0.565972221875 0.3144841265625 0.5538194437499999 0.3110119046875 0.5488591265625 0.299851190625 0.5416666671875 0.29786706406249996 0.5419146828125 0.2951388890625 0.543898809375 0.268601190625 0.5835813484375 0.26463293593750004 0.591021825 0.2485119046875 0.6138392859375 0.2383432546875 0.63095238125 0.194196428125 0.6954365078125 0.1914682546875 0.7018849203124999 0.18824404687500002 0.7048611109375 0.18700396875 0.7078373015625 0.17113095312499998 0.72842261875 0.1698908734375 0.734375 0.17088293593749998 0.7385912703125 0.1703869046875 0.7410714281249999 0.1639384921875 0.74404761875 0.16468253906250002 0.746527778125 0.15625 0.7517361109375 0.15178571406250002 0.7589285718750001 0.1488095234375 0.766369046875 0.14657738125 0.769097221875 0.146825396875 0.77529761875 0.1512896828125 0.7765376984375 0.15699404687500002 0.781001984375 0.15947420625 0.7834821421875
3 0.1617063484375 0.6755952375 0.16468253906250002 0.6770833328125 0.16468253906250002 0.681795634375 0.1681547625 0.6889880953125 0.16840277812499999 0.6924603171875 0.166170634375 0.69717261875 0.1664186515625 0.7016369046875 0.162946428125 0.712549603125 0.16319444375 0.715277778125 0.15972222187500001 0.728174603125 0.16071428593749998 0.7356150796875001 0.1614583328125 0.736855159375 0.1644345234375 0.736855159375 0.17088293593749998 0.7296626984375 0.174851190625 0.7204861109375 0.1822916671875 0.713045634375 0.18501984062500001 0.7053571421875 0.18799603125 0.702876984375 0.1956845234375 0.690228175 0.20238095312499998 0.6832837296875 0.2075892859375 0.6738591265625 0.21205357187499999 0.669146825 0.21875 0.6574900796875001 0.22147817500000003 0.6547619046875 0.2953869046875 0.5446428578125 0.296626984375 0.5367063484375 0.2894345234375 0.531001984375 0.287450396875 0.5275297625 0.262648809375 0.5091765875 0.2584325390625 0.5074404765625 0.2554563484375 0.5086805562500001 0.2487599203125 0.5173611109375 0.2420634921875 0.5295138890625 0.18725198437499999 0.6135912703125 0.18402777812499999 0.6170634921875 0.181795634375 0.622271825 0.17782738125 0.6264880953125 0.1609623015625 0.6525297625 0.15724206406250002 0.6604662703125 0.15550595312499998 0.661954365625 0.15525793593749998 0.6674107140625 0.15947420625 0.6708829359374999 0.15972222187500001 0.6728670640625001 0.1617063484375 0.6755952375
0 0.1741071421875 0.8993055562500001 0.181795634375 0.903769840625 0.1832837296875 0.906498015625 0.18576388906250002 0.9077380953124999 0.1875 0.9104662703124999 0.1875 0.9134424609374999 0.1860119046875 0.9164186515624999 0.18774801562500001 0.9196428578125 0.19072420625 0.9144345234375001 0.1966765875 0.9117063484375001 0.21825396874999997 0.8916170640625 0.2224702375 0.8893849203125 0.22544642812500001 0.884920634375 0.2296626984375 0.8821924609374999 0.2383432546875 0.8732638890625 0.23611111093749998 0.86904761875 0.22619047656250002 0.8603670640625 0.1731150796875 0.8147321421875 0.1676587296875 0.81200396875 0.1644345234375 0.812251984375 0.1287202375 0.8541666671874999 0.12822420625 0.8573908734375 0.1324404765625 0.862351190625 0.15029761875 0.8764880953124999 0.1741071421875 0.8993055562500001
0 0.361855159375 0.999751984375 0.36284722187499996 0.99677579375 0.3665674609375 0.9930555562500001 0.368799603125 0.9925595234375001 0.3712797625 0.987103175 0.3707837296875 0.984623015625 0.3643353171875 0.9779265875 0.3179563484375 0.938244046875 0.3137400796875 0.9357638890625 0.30927579375 0.9365079359375 0.3048115078125 0.9419642859374999 0.296875 0.9466765875 0.29241071406249997 0.9513888890625 0.2891865078125 0.9570932546875 0.284226190625 0.963045634375 0.2765376984375 0.9774305562500001 0.2770337296875 0.9823908734375 0.2904265875 0.9930555562500001 0.2951388890625 0.999751984375 0.361855159375 0.999751984375
0 0.6473214281249999 0.8110119046875001 0.6639384921875 0.812251984375 0.6654265875 0.811755953125 0.6703869046875 0.7948908734375 0.67509920625 0.7710813484375 0.6736111109375 0.768601190625 0.6651785718750001 0.762896825 0.6629464281249999 0.7579365078125 0.65674603125 0.7552083328125 0.6475694437499999 0.7544642859375 0.6319444437499999 0.750744046875 0.627728175 0.7509920640625001 0.6232638890625 0.75967261875 0.6168154765625 0.7832341265625 0.6173115078125 0.7953869046875 0.62177579375 0.8033234125 0.6272321421875 0.8058035718750001 0.6473214281249999 0.8110119046875001
3 0.705853175 0.8948412703124999 0.7053571421875 0.900545634375 0.7068452375 0.903769840625 0.70907738125 0.90575396875 0.7170138890625 0.9045138890625 0.7398313484375 0.903521825 0.747023809375 0.9042658734375 0.7678571421875 0.903769840625 0.7951388890625 0.9020337296875001 0.80009920625 0.9007936515624999 0.8189484125 0.900545634375 0.8291170640625 0.8990575390625001 0.8323412703124999 0.8978174609374999 0.8333333328125001 0.896329365625 0.8348214281249999 0.890873015625 0.8358134921874999 0.8459821421875 0.8325892859374999 0.8390376984374999 0.8291170640625 0.8392857140625001 0.8239087296875001 0.833829365625 0.799851190625 0.8330853171875001 0.79737103125 0.8350694437499999 0.794394840625 0.83407738125 0.7698412703125 0.8355654765624999 0.769097221875 0.833829365625 0.765376984375 0.8325892859374999 0.7204861109375 0.8335813484375001 0.7123015875 0.8328373015625001 0.7051091265625 0.8370535718750001 0.7043650796875001 0.84052579375 0.70634920625 0.8514384921874999 0.7046130953125 0.8767361109375 0.705853175 0.8948412703124999
3 0.70634920625 0.9821428578125 0.7123015875 0.9828869046875001 0.721478175 0.9585813484375001 0.7269345234375 0.946924603125 0.730902778125 0.94072420625 0.7331349203124999 0.9392361109375 0.7323908734375 0.9365079359375 0.7380952375 0.931299603125 0.7385912703125 0.9233630953124999 0.7353670640625001 0.92137896875 0.7353670640625001 0.9198908734375 0.7289186515625 0.912450396875 0.7242063484375 0.908730159375 0.71875 0.9084821421875 0.71552579375 0.906994046875 0.7113095234375 0.9072420640625 0.709325396875 0.908730159375 0.7078373015625 0.9117063484375001 0.699652778125 0.931299603125 0.6989087296875 0.935019840625 0.6927083328125 0.94717261875 0.6875 0.9623015875 0.6897321421875 0.9704861109375 0.6939484125 0.97470238125 0.70634920625 0.9821428578125
3 0.286954365625 0.7266865078125 0.312251984375 0.750744046875 0.3139880953125 0.753472221875 0.31919642812500004 0.7569444437499999 0.325644840625 0.7643849203124999 0.3373015875 0.7720734125 0.3581349203125 0.7797619046875 0.3606150796875 0.7829861109375 0.359375 0.78720238125 0.3608630953125 0.7896825390625 0.3665674609375 0.7929067453124999 0.38095238125 0.790674603125 0.38392857187499996 0.787450396875 0.393353175 0.784226190625 0.3983134921875 0.7795138890625 0.3980654765625 0.7740575390625 0.3918650796875 0.756200396875 0.38715277812500004 0.7433035718750001 0.3821924609375 0.734623015625 0.3640873015625 0.71279761875 0.3360615078125 0.684771825 0.3303571421875 0.6808035718750001 0.3196924609375 0.6698908734375 0.315476190625 0.6706349203124999 0.30555555624999997 0.6827876984375 0.2953869046875 0.6912202375 0.278769840625 0.700396825 0.27529761875 0.700148809375 0.271329365625 0.702380953125 0.268601190625 0.7051091265625 0.26909722187499996 0.708829365625 0.2790178578125 0.722222221875 0.286954365625 0.7266865078125
3 0.33928571406249997 0.6855158734375 0.340773809375 0.6889880953125 0.3546626984375 0.700644840625 0.362103175 0.7095734125 0.37549603125000003 0.7224702375 0.38095238125 0.712549603125 0.3814484125 0.7083333328125 0.37599206406249996 0.6917162703125 0.3712797625 0.6703869046875 0.3606150796875 0.6579861109375 0.35838293593750004 0.6584821421875 0.353670634375 0.650049603125 0.3519345234375 0.6485615078125 0.34821428593750003 0.6493055562500001 0.343005953125 0.6552579359374999 0.33159722187499996 0.6736111109375 0.3320932546875 0.677579365625 0.334325396875 0.68154761875 0.33928571406249997 0.6855158734375
4 0.15550595312499998 0.8142361109375 0.16493055625 0.8087797625 0.17435515937499999 0.812251984375 0.17633928593749998 0.8147321421875 0.18427579375 0.8167162703124999 0.184771825 0.8191964281249999 0.18650793593749998 0.8179563484375001 0.1889880953125 0.8194444437499999 0.18799603125 0.82217261875 0.19072420625 0.8239087296875001 0.1924603171875 0.82217261875 0.1927083328125 0.8191964281249999 0.19593253906250002 0.8139880953124999 0.20039682499999997 0.8147321421875 0.2165178578125 0.8023313484375001 0.2209821421875 0.80009920625 0.2279265875 0.7931547625 0.23487103125000003 0.7889384921875 0.2380952375 0.7889384921875 0.246527778125 0.794146825 0.25694444375000003 0.8035714281249999 0.2636408734375 0.8072916671874999 0.2673611109375 0.81299603125 0.2698412703125 0.8147321421875 0.2728174609375 0.8211805562500001 0.2757936515625 0.8204365078125001 0.28472222187499996 0.82762896875 0.287450396875 0.8355654765624999 0.29092261875 0.8360615078125001 0.2929067453125 0.8387896828124999 0.3053075390625 0.849454365625 0.309771825 0.8514384921874999 0.31349206406249996 0.8571428578125 0.31696428593750003 0.8603670640625 0.31919642812500004 0.8611111109375 0.3231646828125 0.8606150796875 0.3241567453125 0.865079365625 0.327380953125 0.8660714281249999 0.328373015625 0.869295634375 0.3328373015625 0.8660714281249999 0.3360615078125 0.8616071421875 0.33407738125 0.8571428578125 0.3365575390625 0.8479662703124999 0.3382936515625 0.8447420640625 0.34375 0.841021825 0.3449900796875 0.838045634375 0.32862103125000003 0.8211805562500001 0.325396825 0.8189484125 0.3231646828125 0.8196924609374999 0.31944444375000003 0.813244046875 0.31572420625 0.8112599203125 0.3085317453125 0.8045634921874999 0.294146825 0.79365079375 0.2619047625 0.765376984375 0.2423115078125 0.750248015625 0.2264384921875 0.7398313484375 0.20510912656250002 0.7586805562500001 0.14384920625 0.8174603171875001 0.143601190625 0.82217261875 0.1470734125 0.8216765875 0.1525297625 0.818204365625 0.15550595312499998 0.8142361109375
3 0.15178571406250002 0.5672123015625 0.1698908734375 0.56299603125 0.1733630953125 0.5602678578125 0.17286706406250002 0.5523313484375 0.15277777812499999 0.4985119046875 0.1498015875 0.4935515875 0.146329365625 0.493799603125 0.134920634375 0.4987599203125 0.125 0.5012400796875001 0.125 0.575644840625 0.12946428593749998 0.575148809375 0.15178571406250002 0.5672123015625
3 0.7678571421875 0.690228175 0.7849702375 0.6785714281249999 0.7946428578125 0.674355159375 0.8008432546875 0.6698908734375 0.8008432546875 0.665674603125 0.797123015625 0.6574900796875001 0.7894345234375 0.6460813484375 0.7854662703125 0.6421130953125 0.7827380953125 0.6418650796875001 0.7797619046875 0.643353175 0.7673611109375 0.6515376984375 0.7544642859375 0.6572420640625001 0.750744046875 0.6604662703125 0.747519840625 0.6617063484375 0.7522321421875 0.6736111109375 0.756200396875 0.6803075390625 0.7611607140625 0.6857638890625 0.7678571421875 0.690228175
4 0.53447420625 0.8680555562500001 0.5359623015625 0.86904761875 0.556795634375 0.8516865078125001 0.6011904765625 0.8112599203125 0.6046626984375 0.80282738125 0.60342261875 0.7991071421875 0.597222221875 0.7896825390625 0.5771329359374999 0.7876984125 0.565476190625 0.784226190625 0.56299603125 0.7862103171875 0.5543154765625 0.8020833328125001 0.543898809375 0.8258928578125 0.544146825 0.83779761875 0.5396825390625 0.8479662703124999 0.534226190625 0.8648313484375001 0.53447420625 0.8680555562500001
3 0.2806842765625 0.520326140625 0.2854236109375 0.5220208328125 0.34503174531249997 0.4666927078125 0.34328571406249997 0.465694940625 0.31260863125 0.4908901296875 0.2806842765625 0.520326140625
3 0.4033931046875 0.4108139875 0.3488735125 0.45976810468749996 0.35051860156250003 0.46245188437499996 0.40513888906249995 0.41305927656249997 0.4033931046875 0.4108139875
3 0.2804350203125 0.4582110609375 0.293404265625 0.46344965312499997 0.291408978125 0.45721329375 0.2809337796875 0.45222420625000004 0.2638747515625 0.438518353125 0.2669670140625 0.442245784375 0.2669670140625 0.44573809531249997 0.2804350203125 0.4582110609375
3 0.3210885421875 0.470684028125 0.29938988125 0.46220238125 0.2982931546875 0.46605307500000004 0.31759672656250004 0.4736775796875 0.326575396875 0.4769203875 0.328570684375 0.4761721234375 0.3210885421875 0.470684028125
3 0.3320704359375 0.4813958328125 0.3451614578125 0.487173115625 0.3451614578125 0.4847760421875 0.3352755453125 0.4790828375 0.3320704359375 0.4813958328125
4 0.4238000984375 0.5656646828125 0.37610863125 0.57630233125 0.3776654265625 0.5867891859375 0.39234474218750004 0.58633978125 0.430840278125 0.57585243125 0.4238000984375 0.5656646828125
4 0.3638856640625 0.5189630453125 0.3773658234375 0.5141359125 0.355197171875 0.4903149796875 0.3638856640625 0.5189630453125
3 0.3478576390625 0.4705389390625 0.341866071875 0.5076939484375 0.3062165171875 0.50259995 0.3021723703125 0.5060458828125001 0.29932638906250003 0.5085927578125 0.34066790625 0.513237103125 0.344112846875 0.5105404265625 0.35055381875 0.4648588796875 0.3498048109375 0.46021453437500004 0.33946949375 0.4575178578125 0.299925346875 0.45347271874999995 0.30061483125 0.459646578125 0.3327291671875 0.4627485125 0.3478576390625 0.4651455859375 0.3478576390625 0.4705389390625
3 0.29752877031249997 0.46081770781250003 0.30082415625 0.4587202375 0.2984275796875 0.45527455312500004 0.294982390625 0.4593196921875 0.290638640625 0.4973735125 0.2904888390625 0.502167659375 0.29393402812499997 0.505313740625 0.2991768359375 0.5006396328125 0.292735615625 0.5026170640625 0.2963306046875 0.47175446406250005 0.29752877031249997 0.46081770781250003
3 0.4348740078125 0.6572760421875 0.391025296875 0.63752430625 0.3592802578125 0.6209613093749999 0.340487846875 0.6076872515625 0.337090278125 0.6009972718750001 0.3392137890625 0.5953690468749999 0.3439915671875 0.5917584328125 0.35237896874999997 0.59122743125 0.36299603125 0.590696428125 0.3753120046875 0.5910151296875 0.39219320468749996 0.5898469734375 0.393042659375 0.586555059375 0.38008978125000004 0.587829365625 0.34813219218749997 0.5896346718750001 0.34006324375 0.5910151296875 0.3354977671875 0.5952626484375 0.3343298609375 0.601740575 0.337090278125 0.60874925625 0.35014955312499996 0.618306546875 0.3728700390625 0.6312619046875 0.4164139390625 0.6519094734374999 0.48627132968750003 0.68756795625 0.566085565625 0.7304546125 0.5661192953125 0.728293403125 0.5612137890625 0.7256713796875001 0.49019642812499997 0.686699653125 0.4348740078125 0.6572760421875
2 0.377459325 0.89163045625 0.42582911718750005 0.856087053125 0.424434771875 0.8544010421875001 0.4096354171875 0.8649995046875001 0.37965426562500004 0.8870905265625 0.323506696875 0.9256812999999999 0.2346408734375 0.9879618062500001 0.23392088281249998 0.99165228125 0.2903045640625 0.9509439484375 0.31076091250000004 0.9354697421875 0.3367182546875 0.9184528765625 0.377459325 0.89163045625
0 0.285994046875 0.9556230156250001 0.26384151718750004 0.9713611109375 0.272319940625 0.9773278765625 0.285994046875 0.9556230156250001
0 0.26132465312500003 0.96353819375 0.2580890375 0.964745784375 0.2610595234375 0.9679136906249999 0.31126736093749996 0.9333072921875001 0.2994771828125 0.9229650296875 0.26132465312500003 0.96353819375
3 0.4108841765625 0.9965153765625001 0.4129568453125 0.999751984375 0.42115128906250004 0.999751984375 0.43215525781249997 0.9512452874999999 0.4255205859375 0.9462244546875 0.41354563437499997 0.9408794640625 0.405292659375 0.941851190625 0.3963923609375 0.9478439984374999 0.381019096875 0.9982966265625001 0.38425570468750003 0.999751984375 0.39263343281249996 0.9985431546875001 0.40570238124999997 0.9475049609375 0.42098834375000005 0.9506165671875 0.4207294140625 0.953209821875 0.4108841765625 0.9965153765625001
4 0.3848107640625 0.980075396875 0.39736334375000004 0.9278410218750001 0.3732517359375 0.9237978671875 0.3552891859375 0.9689866078125 0.3848107640625 0.980075396875
0 0.3289665171875 0.9053072921875 0.33288764843749996 0.9015396828125001 0.3289665171875 0.9020106640625001 0.3223953375 0.8991250000000001 0.31955555625 0.902481646875 0.32049652812499996 0.904365328125 0.3289665171875 0.9053072921875
0 0.34590624999999997 0.8965158734375 0.3471609625 0.8881954359374999 0.34214186562500004 0.881130953125 0.3355540671875 0.8787760421874999 0.3355540671875 0.8789330359375 0.33508358125000004 0.8842708328125 0.336652034375 0.8899223703124999 0.3385342265625 0.8969868546875001 0.3355265375 0.89933680625 0.332730903125 0.9060922625 0.34041641875 0.9018536703125 0.34590624999999997 0.8965158734375
3 0.6886078875 0.9709186515624999 0.6878115078125 0.9649399796875 0.664715278125 0.95975868125 0.65296800625 0.965139384375 0.653565228125 0.9689258437499999 0.6786525296875 0.999751984375 0.707523065625 0.999751984375 0.7126996531249999 0.98586483125 0.7109077375 0.9832740578125 0.705730903125 0.982476934375 0.6886078875 0.9709186515624999
3 0.6547599203125001 0.9780927578125 0.64657738125 0.970094990625 0.6284779265625 0.9882562 0.638433284375 0.999751984375 0.6746703875 0.999751984375 0.6547599203125001 0.9780927578125
3 0.46950297656249995 0.8668251484375 0.46766840312499997 0.8603276296875 0.4874263390625 0.8111711312500001 0.4988576390625 0.8131488093750001 0.50351488125 0.809334821875 0.49038988124999994 0.8028373015625 0.48079315468750006 0.8113125 0.4649868546875 0.8531235125000001 0.4682328875 0.8683789687499999 0.472466765625 0.8791143359375001 0.521579365625 0.8962058531249999 0.525671875 0.8933809531250001 0.5468412703125 0.8365969734375 0.545853421875 0.8293928578124999 0.5352686015625 0.8230364578125 0.5211560015625001 0.81710391875 0.5064786703124999 0.8103236609375 0.5009875984375001 0.8139568453124999 0.536256696875 0.8274154265625 0.514805059375 0.883210565625 0.47797073437500004 0.872334078125 0.46950297656249995 0.8668251484375
0 0.5055677078125 0.9851294640624999 0.5093087796875 0.9825081843750001 0.499955853125 0.9645344734375 0.48854513906249997 0.946186259375 0.4756381453125 0.9390716765624999 0.448514384375 0.9516158234375001 0.44065773750000004 0.925778521875 0.42625421562500004 0.9235317453125 0.415966021875 0.921472221875 0.4068000984375 0.9351398812499999 0.427563740625 0.9450627484374999 0.43336259843749997 0.9503053078124999 0.4258802078125 0.994303571875 0.43074355156250005 0.9984223703125 0.464788690625 0.9991713796875 0.468716765625 0.9860654765625 0.49453125 0.9826954359375 0.5055677078125 0.9851294640624999
0 0.5366197921875 0.9537690968750001 0.5334397328125 0.9468415171875 0.5257700890625 0.9462800093749999 0.5257700890625 0.940850446875 0.52333829375 0.9344846234374999 0.5203454859375001 0.9322378468749999 0.52539608125 0.9271827874999999 0.5255830859375 0.9206299609374999 0.51735243125 0.9196937000000001 0.51211483125 0.9187576890625 0.5081865078125001 0.9129536203124999 0.5027619046875 0.915762153125 0.49827232187500003 0.9112686015625 0.4992075890625 0.9022817453125 0.4900416671875 0.9064007937499999 0.48742286718749994 0.9142641375 0.4821852671875 0.9080858140625001 0.48760987031249997 0.9047157734375 0.4831205359375 0.9047157734375 0.47786755937500003 0.9005431546875 0.485178075 0.9322378468749999 0.49060292656250004 0.936544146875 0.5220290171874999 0.952084078125 0.5366197921875 0.9537690968750001
0 0.42709771874999997 0.8752844734374999 0.397633928125 0.9037795140625 0.4400967265625 0.9185704359375 0.42709771874999997 0.8752844734374999
0 0.50104761875 0.9551049109375 0.5194005453125 0.9841259921875001 0.5399037703125 0.9652202375 0.50104761875 0.9551049109375
0 0.35338516875 0.8718179562499999 0.36340153750000004 0.873608134375 0.364653521875 0.8600024796874999 0.358393353125 0.8515885421875 0.347125 0.8576750984375 0.3410436515625 0.8668053078125 0.34569419687499997 0.8816639390625 0.35034449375 0.894553571875 0.3530275296875 0.905294890625 0.362898065625 0.8934399796875001 0.36662103125 0.8920473703124999 0.364295634375 0.8847073406250001 0.355173859375 0.88148511875 0.35338516875 0.8718179562499999
3 0.540630953125 0.2448204359375 0.5301721234375 0.2635657234375 0.5221455859375 0.2808501984375 0.5165513390625 0.2840151296875 0.4812834828125 0.2640525796875 0.47666220312499996 0.258209821875 0.4970932546875 0.2251016859375 0.49539062500000003 0.2187720734375 0.4739866078125 0.258209821875 0.47301364062499995 0.263322171875 0.5165513390625 0.2898576390625 0.5223888890625 0.2876666671875 0.5423335812500001 0.24555084374999997 0.5440362109375 0.23727380937500003 0.5000119046875 0.21390302656250001 0.4994146828125 0.2214548609375 0.5065791171875 0.223884425 0.5172810015625 0.22850967187500001 0.540630953125 0.2448204359375
0 0.463527778125 0.31030704375 0.462068453125 0.3156626984375 0.46304563437499996 0.322420634375 0.466269840625 0.31919642812500004 0.46924603125 0.3107638890625 0.46875 0.30654761875 0.463527778125 0.31030704375