1 0.3112599203125 0.578869046875 0.3164682546875 0.580853175 0.32118055624999997 0.581101190625 0.3301091265625 0.5798611109375 0.343501984375 0.575396825 0.3457341265625 0.5763888890625 0.3581349203125 0.5761408734375 0.36805555624999997 0.5714285718750001 0.3888888890625 0.5669642859375 0.4074900796875 0.5642361109375 0.41344246093750003 0.5647321421875 0.422123015625 0.55927579375 0.42237103125 0.5538194437499999 0.419146825 0.5429067453124999 0.41592261875 0.5401785718750001 0.408978175 0.5401785718750001 0.3926091265625 0.5424107140625 0.3787202375 0.5456349203124999 0.3611111109375 0.546130953125 0.35590277812500004 0.547619046875 0.3519345234375 0.54737103125 0.349454365625 0.5488591265625 0.3339119546875 0.5518353171875 0.31944444375000003 0.5535714281249999 0.3072916671875 0.5605158734375 0.302579365625 0.560019840625 0.2914186515625 0.5625 0.2891865078125 0.5642361109375 0.28720238125 0.568204365625 0.28720238125 0.5758928578125 0.290674603125 0.580853175 0.296626984375 0.58134920625 0.3112599203125 0.578869046875
1 0.5014880953125 0.5602678578125 0.5081845234375 0.5610119046875 0.5193452375 0.5677083328125 0.5329861109375 0.5696924609375 0.5510912703125 0.578373015625 0.5577876984375 0.5766369046875 0.5863095234375 0.5820932546875001 0.5892857140625 0.58407738125 0.5952380953125 0.584325396875 0.6014384921875 0.587549603125 0.605902778125 0.5885416671875 0.610119046875 0.5870535718750001 0.6145833328125 0.578373015625 0.6160714281249999 0.5667162703125 0.6158234125 0.5639880953125 0.6140873015625 0.56200396875 0.5979662703125 0.5587797625 0.59375 0.55654761875 0.568204365625 0.5483630953125 0.565476190625 0.546875 0.562748015625 0.5424107140625 0.5605158734375 0.5416666671875 0.5535714281249999 0.5414186515625 0.5483630953125 0.5399305562500001 0.544394840625 0.541170634375 0.536954365625 0.536954365625 0.52802579375 0.534722221875 0.5138888890625 0.53447420625 0.4982638890625 0.53075396875 0.49553571406249997 0.53125 0.4925595234375 0.5352182546875001 0.48883928593750003 0.5488591265625 0.48834325468750006 0.55282738125 0.4895833328125 0.55654761875 0.4985119046875 0.5585317453124999 0.5014880953125 0.5602678578125
1 0.46651785781250005 0.6954365078125 0.4672619046875 0.69717261875 0.4699900796875 0.6976686515625 0.475446428125 0.6951884921875 0.486855159375 0.6922123015625 0.49280753906249997 0.6946924609375 0.5091765875 0.69345238125 0.5133928578125 0.6912202375 0.5141369046875 0.693204365625 0.51612103125 0.6946924609375 0.5198412703125 0.693700396875 0.525917659375 0.689980159375 0.5446428578125 0.68700396875 0.5642361109375 0.6855158734375 0.5758928578125 0.6857638890625 0.580605159375 0.6832837296875 0.5818452375 0.681299603125 0.5828373015625 0.6681547625 0.58134920625 0.6617063484375 0.578125 0.65674603125 0.574652778125 0.6552579359374999 0.56845238125 0.6550099203124999 0.562251984375 0.65674603125 0.5220734125 0.6604662703125 0.514880953125 0.6584821421875 0.5076884921875 0.6607142859375 0.493303571875 0.661954365625 0.49007936562500004 0.6629464281249999 0.48090277812500004 0.669394840625 0.47718253906249997 0.669394840625 0.47569444375 0.6703869046875 0.47247023749999995 0.669146825 0.46651785781250005 0.6698908734375 0.4632936515625 0.668402778125 0.45734127031250005 0.6733630953125 0.45709325468750006 0.6820436515625 0.45882936562500004 0.685019840625 0.46006944375 0.6941964281249999 0.46651785781250005 0.6954365078125
1 0.4925595234375 0.747271825 0.49627976250000005 0.7455357140625 0.5037202375 0.74950396875 0.514880953125 0.749255953125 0.5245535718750001 0.747519840625 0.528521825 0.7450396828125 0.530505953125 0.7462797625 0.5424107140625 0.7457837296875 0.543898809375 0.74404761875 0.5513392859375 0.7408234125 0.5555555562500001 0.74032738125 0.564980159375 0.737103175 0.571924603125 0.736855159375 0.5766369046875 0.7353670640625001 0.593005953125 0.734623015625 0.6021825390625 0.7353670640625001 0.6071428578125 0.734623015625 0.609623015625 0.733630953125 0.6111111109375 0.730902778125 0.6116071421875 0.7207341265625 0.60987103125 0.7172619046875 0.6041666671875 0.712549603125 0.5982142859375 0.7123015875 0.5954861109375 0.7145337296875 0.590277778125 0.71552579375 0.5634920640625001 0.718005953125 0.5558035718750001 0.7177579359374999 0.5518353171875 0.71875 0.549355159375 0.718005953125 0.5453869046875 0.713045634375 0.54365079375 0.713045634375 0.5240575390625 0.718501984375 0.51884920625 0.7177579359374999 0.5039682546875001 0.7199900796875001 0.49429563437499996 0.7251984125 0.4766865078125 0.7271825390625 0.474950396875 0.7276785718750001 0.4742063484375 0.7294146828125 0.474950396875 0.746527778125 0.47718253906249997 0.7490079359374999 0.4858630953125 0.747023809375 0.4925595234375 0.747271825
1 0.3385416671875 0.6981646828125 0.343005953125 0.700396825 0.3519345234375 0.70262896875 0.3556547625 0.708829365625 0.36284722187499996 0.71279761875 0.37599206406249996 0.7165178578125 0.3893849203125 0.7264384921875 0.389880953125 0.728670634375 0.393105159375 0.731894840625 0.40203372968749995 0.7331349203124999 0.406498015625 0.7204861109375 0.41071428593750003 0.71279761875 0.41195436562500004 0.7053571421875 0.4154265875 0.697420634375 0.41071428593750003 0.6922123015625 0.4079861109375 0.69072420625 0.4047619046875 0.69072420625 0.39955357187499996 0.6949404765625 0.393353175 0.6922123015625 0.38963293593750004 0.6929563484375 0.3730158734375 0.684771825 0.3665674609375 0.6830357140625 0.3608630953125 0.68427579375 0.34027777812500004 0.6765873015625 0.3373015875 0.677579365625 0.334325396875 0.681299603125 0.33134920625 0.6887400796875001 0.33134920625 0.69345238125 0.33407738125 0.6941964281249999 0.3385416671875 0.6981646828125
1 0.44866071406249997 0.750248015625 0.4543650796875 0.7480158734375 0.4632936515625 0.728174603125 0.46502976250000005 0.7204861109375 0.4635416671875 0.718501984375 0.4543650796875 0.719494046875 0.4513888890625 0.7165178578125 0.4454365078125 0.7202380953125 0.4387400796875 0.7418154765625 0.4384920640625 0.74404761875 0.44097222187499996 0.7460317453124999 0.4427083328125 0.75 0.44866071406249997 0.750248015625
1 0.3678075390625 0.48859127031250005 0.362103175 0.49404761875 0.3643353171875 0.49603174531249994 0.372519840625 0.497271825 0.390873015625 0.493799603125 0.390625 0.4893353171875 0.3923611109375 0.4861111109375 0.3926091265625 0.48115079375 0.3958333328125 0.4789186515625 0.40426587343750003 0.46304563437499996 0.408730159375 0.4595734125 0.4126984125 0.44618055625 0.415178571875 0.44320436562500004 0.4166666671875 0.4389880953125 0.419146825 0.43799603125 0.42113095312500004 0.43526785781250005 0.421626984375 0.42509920625 0.4273313484375 0.4117063484375 0.4273313484375 0.4077380953125 0.42534722187499996 0.403521825 0.42137896875 0.40029761875 0.415674603125 0.39930555624999997 0.412946428125 0.40054563437499996 0.41046627031250005 0.403521825 0.406498015625 0.41220238125 0.3988095234375 0.419394840625 0.396825396875 0.424603175 0.3926091265625 0.431299603125 0.390625 0.4375 0.387896825 0.44196428593750003 0.3826884921875 0.44717261875 0.381200396875 0.450644840625 0.3804563484375 0.46006944375 0.3695436515625 0.48214285781250005 0.3678075390625 0.48859127031250005
1 0.3387896828125 0.47470238125 0.3420138890625 0.47842261875 0.34275793593750004 0.48090277812500004 0.34275793593750004 0.49801587343750003 0.3489583328125 0.49925595312500004 0.3554067453125 0.4985119046875 0.36036706406249996 0.49677579375 0.3613591265625 0.4952876984375 0.36383928593750003 0.4791666671875 0.3670634921875 0.47594246093750003 0.36805555624999997 0.47247023749999995 0.36805555624999997 0.446428571875 0.3670634921875 0.4360119046875 0.3648313484375 0.428571428125 0.36532738125 0.41592261875 0.3630952375 0.4114583328125 0.3576388890625 0.408730159375 0.35342261875 0.408730159375 0.3487103171875 0.41046627031250005 0.34722222187499996 0.41195436562500004 0.3459821421875 0.428571428125 0.3420138890625 0.4360119046875 0.3415178578125 0.455605159375 0.338045634375 0.466269840625 0.33779761875 0.471230159375 0.3387896828125 0.47470238125
1 0.41046627031250005 0.4935515875 0.41344246093750003 0.4893353171875 0.419394840625 0.48635912656249997 0.4231150796875 0.4779265875 0.428075396875 0.47073412656249997 0.43055555625 0.46875 0.43402777812500004 0.46825396875 0.43675595312500004 0.46552579375 0.44122023749999995 0.453373015625 0.4516369046875 0.43973214218749995 0.45262896875 0.431299603125 0.46031746093750003 0.41964285781250005 0.46006944375 0.412450396875 0.455853175 0.4079861109375 0.4518849203125 0.40674603125 0.4456845234375 0.4079861109375 0.4422123015625 0.41468253906249997 0.43973214218749995 0.4169146828125 0.4375 0.4208829359375 0.43303571406249997 0.4228670640625 0.428075396875 0.428571428125 0.421626984375 0.44196428593750003 0.415674603125 0.44717261875 0.41344246093750003 0.450396825 0.41344246093750003 0.4548611109375 0.4077380953125 0.46676587343750003 0.4050099203125 0.4704861109375 0.40401785781250005 0.4739583328125 0.389880953125 0.4895833328125 0.387896825 0.4935515875 0.38963293593750004 0.4947916671875 0.40054563437499996 0.4950396828125 0.41046627031250005 0.4935515875
1 0.42509920625 0.4895833328125 0.43055555625 0.49032738125 0.434771825 0.49032738125 0.4392361109375 0.48834325468750006 0.4427083328125 0.4918154765625 0.44866071406249997 0.4908234125 0.45089285781250005 0.48759920625 0.4546130953125 0.48859127031250005 0.459821428125 0.48387896875 0.462549603125 0.4769345234375 0.4677579359375 0.4697420640625 0.4831349203125 0.4543650796875 0.49280753906249997 0.44717261875 0.49603174531249994 0.439980159375 0.4947916671875 0.43551587343750003 0.4918154765625 0.431299603125 0.48635912656249997 0.4273313484375 0.481894840625 0.4268353171875 0.4789186515625 0.42782738125 0.47445436562500004 0.430803571875 0.47247023749999995 0.43551587343750003 0.46006944375 0.4476686515625 0.45262896875 0.45659722187499996 0.4451884921875 0.4623015875 0.44072420625 0.4640376984375 0.4387400796875 0.4670138890625 0.43427579375 0.47073412656249997 0.43154761875 0.4764384921875 0.41989087343750003 0.4861111109375 0.4206349203125 0.48759920625 0.42509920625 0.4895833328125
1 0.4789186515625 0.4898313484375 0.4895833328125 0.48759920625 0.4935515875 0.4828869046875 0.49553571406249997 0.47842261875 0.5019841265625 0.475446428125 0.5084325390625 0.46924603125 0.509920634375 0.46651785781250005 0.5104166671875 0.4605654765625 0.5141369046875 0.4543650796875 0.5178571421875 0.4518849203125 0.531001984375 0.4375 0.5357142859375 0.43551587343750003 0.5394345234375 0.4322916671875 0.5424107140625 0.424603175 0.5424107140625 0.4228670640625 0.5396825390625 0.41815476250000005 0.5376984125 0.41592261875 0.53447420625 0.41468253906249997 0.527777778125 0.41592261875 0.5243055562500001 0.419146825 0.521329365625 0.424355159375 0.4987599203125 0.44742063437499996 0.49603174531249994 0.44866071406249997 0.4925595234375 0.4479166671875 0.49032738125 0.450396825 0.486855159375 0.4518849203125 0.475446428125 0.4640376984375 0.47445436562500004 0.466269840625 0.468998015625 0.47073412656249997 0.4637896828125 0.47991071406249997 0.46304563437499996 0.4861111109375 0.466021825 0.49032738125 0.468998015625 0.4893353171875 0.4789186515625 0.4898313484375
1 0.5076884921875 0.4856150796875 0.513144840625 0.48809523749999995 0.5176091265625 0.4858630953125 0.531498015625 0.4828869046875 0.5414186515625 0.4764384921875 0.5483630953125 0.474950396875 0.55282738125 0.4704861109375 0.55472891875 0.46511235156249997 0.5582837296875 0.46180555625 0.568700396875 0.455605159375 0.5714285718750001 0.45262896875 0.574652778125 0.4513888890625 0.5820932546875001 0.4454365078125 0.5870535718750001 0.44345238125 0.590773809375 0.4392361109375 0.5920138890625 0.4362599203125 0.5915178578125 0.43154761875 0.5863095234375 0.42534722187499996 0.5801091265625 0.42534722187499996 0.575644840625 0.4270833328125 0.5699404765625 0.43328372968749995 0.564980159375 0.437251984375 0.560019840625 0.4389880953125 0.5577876984375 0.44171627031250005 0.5416666671875 0.45089285781250005 0.53447420625 0.45089285781250005 0.525049603125 0.46006944375 0.5133928578125 0.4675099203125 0.509920634375 0.4672619046875 0.50049603125 0.481398809375 0.5 0.48511904687499996 0.4952876984375 0.48635912656249997 0.5076884921875 0.4856150796875
1 0.6195436515625 0.48090277812500004 0.6185515875 0.4761904765625 0.615575396875 0.47073412656249997 0.611855159375 0.4702380953125 0.6039186515625 0.471478175 0.6009424609375 0.4734623015625 0.5949900796875001 0.471230159375 0.5927579359374999 0.47296627031250005 0.5890376984375 0.47296627031250005 0.5796130953125 0.4766865078125 0.5741567453124999 0.477678571875 0.57217261875 0.48015872968749995 0.5607638890625 0.48065476250000005 0.553075396875 0.48239087343750003 0.55282738125 0.48635912656249997 0.5664682546875001 0.487103175 0.6183035718750001 0.484623015625 0.6195436515625 0.48090277812500004
1 0.5922619046875 0.27529761875 0.599454365625 0.2738095234375 0.6039186515625 0.26909722187499996 0.606894840625 0.256200396875 0.6073908734375 0.2490079359375 0.6071428578125 0.243799603125 0.6044146828125 0.2385912703125 0.5974702375 0.2408234125 0.5922619046875 0.2455357140625 0.5892857140625 0.25669642812500004 0.5818452375 0.2698412703125 0.581597221875 0.2720734125 0.5828373015625 0.2740575390625 0.5860615078125 0.27529761875 0.5922619046875 0.27529761875
1 0.55009920625 0.27529761875 0.5639880953125 0.2757936515625 0.5729166671875 0.2748015875 0.57490079375 0.2730654765625 0.5768849203124999 0.2668650796875 0.5820932546875001 0.2609126984375 0.584325396875 0.25669642812500004 0.5855654765625 0.24801587343749998 0.58407738125 0.24404761874999997 0.5798611109375 0.24007936562499999 0.574652778125 0.2388392859375 0.5701884921875 0.24007936562499999 0.565476190625 0.24330357187499999 0.559771825 0.2564484125 0.553075396875 0.2673611109375 0.549603175 0.271329365625 0.55009920625 0.27529761875
1 0.543402778125 0.275545634375 0.5481150796875001 0.2735615078125 0.550347221875 0.271329365625 0.56200396875 0.250248015625 0.5625 0.24727182499999997 0.5612599203124999 0.24429563437500001 0.5570436515625 0.240575396875 0.5523313484375 0.24181547656250002 0.54637896875 0.2519841265625 0.5362103171875 0.2614087296875 0.534722221875 0.2641369046875 0.5243055562500001 0.2705853171875 0.5238095234375 0.271329365625 0.5248015875 0.2730654765625 0.533978175 0.27529761875 0.543402778125 0.275545634375
1 0.5860615078125 0.99677579375 0.587549603125 0.9947916671874999 0.5892857140625 0.9915674609374999 0.5897817453124999 0.9880952375 0.5870535718750001 0.9665178578125 0.5858134921875 0.962549603125 0.5833333328125 0.9603174609374999 0.574652778125 0.9610615078125001 0.5605158734375 0.9650297625 0.5570436515625 0.962549603125 0.549603175 0.9610615078125001 0.5376984125 0.96279761875 0.5324900796875001 0.9645337296875001 0.527777778125 0.9640376984374999 0.525049603125 0.96552579375 0.521825396875 0.9642857140625001 0.515376984375 0.9650297625 0.5101686515625 0.9635416671874999 0.5042162703125 0.9637896828124999 0.4796626984375 0.96924603125 0.462549603125 0.9704861109375 0.46031746093750003 0.971726190625 0.45510912656249997 0.9724702375 0.4375 0.9737103171875001 0.43402777812500004 0.9754464281249999 0.4322916671875 0.97842261875 0.43303571406249997 0.999751984375 0.5833333328125 0.999751984375 0.5833333328125 0.9980158734375 0.5860615078125 0.99677579375
1 0.4424603171875 0.9174107140625001 0.44593253906249997 0.9174107140625001 0.453373015625 0.9146825390625001 0.502480159375 0.9141865078125001 0.513144840625 0.9134424609374999 0.5240575390625 0.9104662703124999 0.5488591265625 0.9099702375 0.5587797625 0.905505953125 0.5830853171875 0.9050099203125 0.5858134921875 0.9010416671874999 0.5865575390625 0.8978174609374999 0.5865575390625 0.8886408734375 0.5845734125 0.878472221875 0.583829365625 0.8764880953124999 0.580605159375 0.87450396875 0.5766369046875 0.874751984375 0.5104166671875 0.865079365625 0.5071924609375 0.86532738125 0.5054563484375 0.8668154765624999 0.4918154765625 0.8683035718750001 0.486855159375 0.8700396828124999 0.478174603125 0.8712797625 0.46949404687499996 0.8705357140625001 0.46006944375 0.8710317453125 0.456101190625 0.8702876984374999 0.4516369046875 0.8675595234375001 0.4422123015625 0.8675595234375001 0.43948412656249997 0.8683035718750001 0.43675595312500004 0.8707837296875001 0.43427579375 0.8787202375 0.43377976250000005 0.90302579375 0.434771825 0.9117063484375001 0.43675595312500004 0.9154265875 0.4424603171875 0.9174107140625001
1 0.39012896874999997 0.862847221875 0.3955853171875 0.86532738125 0.3985615078125 0.86532738125 0.4010416671875 0.8635912703124999 0.4050099203125 0.862847221875 0.409226190625 0.8640873015625001 0.419146825 0.8648313484375001 0.42534722187499996 0.8643353171875001 0.45114087343750003 0.8658234125 0.45709325468750006 0.8683035718750001 0.462053571875 0.8685515875 0.47247023749999995 0.8675595234375001 0.47594246093750003 0.8648313484375001 0.4796626984375 0.8635912703124999 0.48660714218749995 0.8668154765624999 0.48859127031250005 0.8660714281249999 0.497271825 0.8668154765624999 0.5014880953125 0.8663194437499999 0.5047123015625 0.8638392859374999 0.5101686515625 0.862103175 0.515873015625 0.8630952375 0.5220734125 0.862351190625 0.5248015875 0.8635912703124999 0.533730159375 0.862847221875 0.5364583328125 0.8608630953124999 0.5376984125 0.856646825 0.5381944437499999 0.8454861109375 0.5364583328125 0.833829365625 0.5334821421875 0.8318452375 0.528769840625 0.8318452375 0.525049603125 0.830605159375 0.5178571421875 0.831101190625 0.515873015625 0.8301091265625 0.5136408734375 0.830853175 0.5066964281249999 0.82862103125 0.5042162703125 0.8261408734375 0.5012400796875001 0.825396825 0.49280753906249997 0.8244047625 0.48511904687499996 0.82490079375 0.466269840625 0.8204365078125001 0.45634920625 0.8214285718750001 0.40302579375 0.8191964281249999 0.3958333328125 0.8196924609374999 0.393353175 0.8209325390625001 0.39012896874999997 0.825396825 0.3893849203125 0.8296130953124999 0.3888888890625 0.8422619046875001 0.38715277812500004 0.8519345234375001 0.38740079375 0.8573908734375 0.39012896874999997 0.862847221875
1 0.5394345234375 0.8045634921874999 0.5523313484375 0.8112599203125 0.5615079359374999 0.818204365625 0.5741567453124999 0.8226686515624999 0.5979662703125 0.8365575390625001 0.6029265875 0.8365575390625001 0.6210317453124999 0.8427579359375 0.6262400796875001 0.8457341265625 0.6339285718750001 0.8479662703124999 0.6359126984375 0.84970238125 0.643105159375 0.8516865078125001 0.6490575390625 0.8573908734375 0.65625 0.859375 0.6609623015625 0.85887896875 0.6641865078125 0.8551587296875001 0.6703869046875 0.8427579359375 0.671875 0.8348214281249999 0.671626984375 0.827876984375 0.6696428578125 0.82217261875 0.6681547625 0.8206845234375001 0.662450396875 0.8167162703124999 0.6520337296875 0.815476190625 0.6478174609375 0.8125 0.6143353171875 0.7981150796875001 0.611855159375 0.7946428578125 0.60987103125 0.79365079375 0.606894840625 0.794394840625 0.6039186515625 0.7914186515625 0.5949900796875001 0.7891865078125 0.5900297625 0.7896825390625 0.5858134921875 0.7859623015625 0.57762896875 0.7832341265625 0.5709325390625 0.7829861109375 0.5448908734375 0.7864583328125 0.5364583328125 0.7862103171875 0.5300099203124999 0.7919146828125 0.528273809375 0.7951388890625 0.53075396875 0.80009920625 0.5367063484375 0.8040674609374999 0.5394345234375 0.8045634921874999
1 0.61259920625 0.9888392859374999 0.6180555562500001 0.9925595234375001 0.621527778125 0.9935515875 0.6259920640625001 0.9898313484375001 0.6366567453124999 0.9709821421875 0.6458333328125 0.9635416671874999 0.653769840625 0.9511408734375 0.6574900796875001 0.940476190625 0.6599702375 0.9392361109375 0.6651785718750001 0.9320436515624999 0.67137896875 0.9263392859374999 0.6798115078125 0.90674603125 0.6827876984375 0.903521825 0.6929563484375 0.8839285718750001 0.6956845234375 0.880704365625 0.699652778125 0.8727678578125 0.699652778125 0.8680555562500001 0.6981646828125 0.8576388890625 0.6954365078125 0.8529265875 0.6800595234375 0.841021825 0.6738591265625 0.8400297625 0.67137896875 0.8420138890625 0.662450396875 0.8578869046875001 0.65625 0.8635912703124999 0.6525297625 0.8707837296875001 0.64012896875 0.8896329359375 0.6331845234375 0.8973214281249999 0.6259920640625001 0.918402778125 0.6185515875 0.9268353171875001 0.611855159375 0.9389880953124999 0.6111111109375 0.9476686515624999 0.5977182546875001 0.9702380953124999 0.5979662703125 0.97470238125 0.61259920625 0.9888392859374999
1 0.29588293593750004 0.2633928578125 0.293898809375 0.25669642812500004 0.2921626984375 0.24404761874999997 0.28993055624999997 0.24007936562499999 0.28472222187499996 0.23611111093749998 0.28174603125000003 0.2366071421875 0.2797619046875 0.24255952343749998 0.2832341265625 0.271329365625 0.28720238125 0.2757936515625 0.29588293593750004 0.27529761875 0.29588293593750004 0.2633928578125
1 0.3048115078125 0.275545634375 0.3199404765625 0.27529761875 0.3201884921875 0.271329365625 0.31845238125 0.266369046875 0.3008432546875 0.24404761874999997 0.2988591265625 0.24305555625 0.29340277812500004 0.2462797625 0.2926587296875 0.2477678578125 0.29340277812500004 0.2517361109375 0.3015873015625 0.2735615078125 0.3048115078125 0.275545634375
1 0.346230159375 0.27529761875 0.344494046875 0.2740575390625 0.343998015625 0.271329365625 0.3425099203125 0.2695932546875 0.33159722187499996 0.265873015625 0.3234126984375 0.2601686515625 0.3226686515625 0.259920634375 0.3204365078125 0.263144840625 0.318700396875 0.2676091265625 0.322420634375 0.27529761875 0.33680555624999997 0.2762896828125 0.346230159375 0.27529761875
1 0.5039682546875001 0.27455357187499996 0.5243055562500001 0.2730654765625 0.549851190625 0.24925595312499998 0.5523313484375 0.24503968281250002 0.5520833328125 0.24007936562499999 0.546626984375 0.2356150796875 0.537450396875 0.2358630953125 0.5329861109375 0.24181547656250002 0.5265376984375 0.2462797625 0.516369046875 0.25595238125 0.5076884921875 0.25967261875 0.5037202375 0.2591765875 0.500744046875 0.2614087296875 0.49950396875 0.2636408734375 0.49458978125 0.2671609625 0.4948249015625 0.27116021875 0.4896512890625 0.2753950890625 0.5039682546875001 0.27455357187499996
1 0.353379215625 0.25147247031250003 0.35638144843749997 0.2506532734375 0.36102108125 0.249834325 0.3664794140625 0.252564484375 0.3719377484375 0.253110615625 0.37466691406249997 0.257751984375 0.3812170140625 0.25966319375 0.3965004953125 0.25939012968749997 0.4016860125 0.25802505 0.40987351250000004 0.257205853125 0.420790178125 0.25747891875 0.420790178125 0.249561259375 0.4196984125 0.2460119046875 0.401412946875 0.24410069375000001 0.3965004953125 0.23945932499999997 0.37766914687500003 0.23672891875 0.3763045640625 0.24055133906249998 0.37493997968750004 0.23891319375000003 0.3689357640625 0.23727505 0.3645689484375 0.2348177078125 0.36020238125000004 0.234271825 0.3582919140625 0.23754811562499997 0.3555627484375 0.23891319375000003 0.3389146828125 0.23618303593749998 0.32772495 0.2359099703125 0.3217209828125 0.23434201406250002 0.32936259843750004 0.239186259375 0.3375500984375 0.24000520781249998 0.3541981640625 0.2484689984375 0.353379215625 0.25147247031250003
1 0.38581795625000004 0.2687651296875 0.3973229171875 0.273752728125 0.4032671125 0.2762462796875 0.4049928078125 0.2735607640625 0.41189583281250003 0.27394444375 0.4178400296875 0.275287203125 0.427619046875 0.274136409375 0.4316458328125 0.2760545640625 0.43452207343750004 0.277013640625 0.43912400781249994 0.2760545640625 0.44161681562500005 0.274328125 0.446410465625 0.2754791671875 0.460408234375 0.2758625984375 0.48073363125 0.2750954859375 0.488403521875 0.274903521875 0.493580853125 0.2727936515625 0.4941560015625 0.2687651296875 0.49453943437500003 0.261667659375 0.49300545625 0.26070858124999996 0.48533556562499997 0.2585984625 0.48150049531250005 0.2609005453125 0.4790079359375 0.2609005453125 0.47248834375 0.261667659375 0.46232564531250003 0.261667659375 0.45216294687499997 0.261283978125 0.44257564531250004 0.2599412203125 0.44027455312499997 0.2557212296875 0.4368231640625 0.2557212296875 0.43126240156250006 0.2566803078125 0.42646875 0.25725570468750003 0.4230171125 0.2597495046875 0.422825396875 0.2597495046875 0.42052455312500003 0.257639384375 0.40154117031250003 0.25840674531249996 0.396555803125 0.2609005453125 0.3781096234375 0.261747271875 0.3800654765625 0.2660796125 0.380832340625 0.2666552578125 0.38581795625000004 0.2687651296875
1 0.4414250984375 0.2561049109375 0.44315079375 0.2587904265625 0.44698586249999994 0.2599412203125 0.4517795140625 0.2603249015625 0.4619422125 0.260516865625 0.4744060015625 0.26070858124999996 0.48169246093750007 0.2603249015625 0.48418502031250005 0.2578313484375 0.4864861109375 0.25821478125 0.49108804531250005 0.2595577875 0.493580853125 0.26070858124999996 0.49722395781250006 0.2628187 0.5001001984375 0.2618596234375 0.5033598703125 0.25840674531249996 0.508920634375 0.2593658234375 0.5142896828125 0.2562966265625 0.52828745 0.24440352187499997 0.526178075 0.243828125 0.52311011875 0.2436361609375 0.514097965625 0.24421180625 0.5002919140625 0.2426770828125 0.48284275781249997 0.2419099703125 0.48169246093750007 0.23864880937500002 0.47709027812500004 0.2388407734375 0.476131696875 0.243252728125 0.4661607140625 0.24210168593749998 0.46366790625 0.24171800625 0.4632844734375 0.2396078875 0.4450682046875 0.23845709375 0.4404662703125 0.24114260937499998 0.42014087343749995 0.24114260937499998 0.42071627031250003 0.2484317953125 0.421483134375 0.255529265625 0.4285778765625 0.255529265625 0.43452207343750004 0.25495386875000003 0.43701488125 0.254762153125 0.4414250984375 0.2561049109375
1 0.3831431046875 0.2684952875 0.3791770828125 0.2654094734375 0.3727142859375 0.261148065625 0.3733018359375 0.25673983125 0.3716860125 0.2543888890625 0.3663983140625 0.252184771875 0.365076140625 0.2536540171875 0.35743824375 0.2499806546875 0.35567559531250004 0.2518908734375 0.35229737031249997 0.250274553125 0.3515627484375 0.2476294640625 0.33496478125 0.23998859062500003 0.32806125937499997 0.24072321406250002 0.3097006453125 0.23102505 0.30720362031250004 0.23366989062500002 0.3035314984375 0.2396946921875 0.301915921875 0.245278521875 0.3215912703125 0.25482961249999997 0.32467584375 0.2608544140625 0.34230208281249996 0.26981770781250003 0.34465228125 0.267613590625 0.34773685468750004 0.2684952875 0.34773685468750004 0.27040550625000004 0.3468556546875 0.2726096234375 0.3558154765625 0.2764303078125 0.39224305625 0.2764303078125 0.39518749999999997 0.2756954359375 0.389018353125 0.26981770781250003 0.3831431046875 0.2684952875