5 0.287450396875 0.79092261875 0.2904265875 0.8043154765624999 0.296130953125 0.8139880953124999 0.2988591265625 0.81572420625 0.3020833328125 0.8199404765624999 0.3075396828125 0.8241567453125 0.31349206406249996 0.8271329359375 0.3296130953125 0.8303571421875 0.35776661718749997 0.82231324375 0.34381795625 0.8024689984375 0.32826016875 0.805955109375 0.316457340625 0.7992509921875001 0.308141865625 0.7855746531250001 0.307873759375 0.775384425 0.3113608625 0.7584900796875 0.3234317953125 0.7477633921875 0.33174727187499997 0.7445453875 0.34167212343750003 0.7432046125 0.3526701390625 0.7469588296875 0.3593759921875 0.7533948406250001 0.36420436562499997 0.7673392859375 0.363936259375 0.775920634375 0.36179017812500003 0.7820885421875 0.355084325 0.7938876484375 0.350255953125 0.7989828875 0.3443546625 0.801664434375 0.35830307499999997 0.8215086812499999 0.37177579375 0.810019840625 0.3821924609375 0.79365079375 0.384424603125 0.7867063484375 0.38715277812500004 0.771329365625 0.38616071406249997 0.75967261875 0.3841765875 0.752480159375 0.380704365625 0.744295634375 0.37549603125000003 0.7363591265625 0.3670634921875 0.72842261875 0.3571428578125 0.7237103171875 0.3459821421875 0.7204861109375 0.3345734125 0.7207341265625 0.32118055624999997 0.724454365625 0.315228175 0.7274305562500001 0.3105158734375 0.731894840625 0.3045634921875 0.734126984375 0.3008432546875 0.7383432546875001 0.29241071406249997 0.75 0.2884424609375 0.75967261875 0.2876984125 0.768105159375 0.2864583328125 0.771329365625 0.2864583328125 0.7797619046875 0.287450396875 0.79092261875
5 0.4139384921875 0.818204365625 0.42509920625 0.8236607140625001 0.43868377968749994 0.826377728125 0.44801413749999996 0.8260994546875 0.445368303125 0.801592509375 0.432277778125 0.7999139390625001 0.42169394843749997 0.7908725203125 0.41528819375000003 0.78000545625 0.4158452375 0.769850446875 0.41556671562499997 0.7587048609375 0.4230865578125 0.748828125 0.43116369062500004 0.7422767859375 0.44146899843750004 0.7393611109375 0.45149578437500004 0.7381001984375 0.46082614062499994 0.7438162203124999 0.4666750984375 0.749376984375 0.47182787656249997 0.7581557546875 0.47405605156249997 0.773191715625 0.468485615625 0.7866959328124999 0.45929439531250005 0.7972767859375 0.445925346875 0.801592509375 0.44857118125 0.82596006875 0.45748387968750004 0.824289434375 0.468998015625 0.8194444437499999 0.474950396875 0.815228175 0.4856150796875 0.8040674609374999 0.49007936562500004 0.796875 0.4950396828125 0.7834821421875 0.49677579375 0.7728174609375 0.49578372968749995 0.7586805562500001 0.49305555625 0.7480158734375 0.4895833328125 0.7413194437499999 0.4831349203125 0.7323908734375 0.4734623015625 0.7239583328125 0.46453372968749995 0.71924603125 0.45709325468750006 0.7165178578125 0.446428571875 0.715277778125 0.4362599203125 0.7165178578125 0.4270833328125 0.7197420640625001 0.41790674531249994 0.724454365625 0.41046627031250005 0.7304067453124999 0.40550595312500004 0.7356150796875001 0.39955357187499996 0.744295634375 0.393105159375 0.759920634375 0.3918650796875 0.76884920625 0.3918650796875 0.7795138890625 0.3943452375 0.790674603125 0.40178571406249997 0.8058035718750001 0.4139384921875 0.818204365625
5 0.3841765875 0.685019840625 0.3978174609375 0.6949404765625 0.40625 0.6976686515625 0.4166666671875 0.6989087296875 0.43154761875 0.69717261875 0.4456845234375 0.6897321421875 0.4543650796875 0.6822916671875 0.4635416671875 0.6696428578125 0.46651785781250005 0.662450396875 0.468998015625 0.6498015875 0.468998015625 0.6416170640625001 0.4670138890625 0.630704365625 0.45882936562500004 0.615079365625 0.4513888890625 0.6076388890625 0.44444444375 0.60342261875 0.4365079359375 0.6001984125 0.4283234125 0.5989583328125 0.424851190625 0.599454365625 0.421626984375 0.6011904765625 0.4169146828125 0.5984623015625 0.41344246093750003 0.6001984125 0.41021825468750006 0.6001984125 0.4047619046875 0.6029265875 0.4015376984375 0.60342261875 0.3980654765625 0.606894840625 0.390376984375 0.6108630953125 0.3826884921875 0.61904761875 0.3814484125 0.622519840625 0.37847222187499996 0.6259920640625001 0.374751984375 0.6341765875 0.372271825 0.6453373015625 0.372271825 0.6572420640625001 0.375 0.6698908734375 0.37847222187499996 0.677579365625 0.3841765875 0.685019840625
5 0.2408234125 0.7363591265625 0.2435515875 0.7398313484375 0.2539682546875 0.7445436515625 0.266369046875 0.746527778125 0.2765376984375 0.7457837296875 0.283978175 0.74404761875 0.29737103125000003 0.73759920625 0.3107638890625 0.724950396875 0.3167162703125 0.7147817453124999 0.3209325390625 0.7051091265625 0.3231646828125 0.693204365625 0.322420634375 0.681299603125 0.3167162703125 0.6654265875 0.3110119046875 0.6579861109375 0.3048115078125 0.65302579375 0.2991071421875 0.6525297625 0.2904265875 0.656498015625 0.27544295625 0.6601044140625 0.2743345484375 0.6641676000000001 0.27496602187499997 0.6599853671875 0.26077728125 0.6592700890625001 0.252480159375 0.656001984375 0.24950396874999997 0.656001984375 0.23958333281250002 0.66592261875 0.2301587296875 0.6795634921875 0.2279265875 0.6857638890625 0.22594246093749998 0.696924603125 0.22594246093749998 0.708829365625 0.2279265875 0.7175099203124999 0.23115079375 0.7259424609375 0.237847221875 0.734375 0.2408234125 0.7363591265625
5 0.2743345484375 0.6641676000000001 0.2736545140625 0.6666604656249999 0.2641158234375 0.669759671875 0.2552924109375 0.6767924109375001 0.2490922625 0.6856165671875 0.24658854218749998 0.695268353125 0.2464692453125 0.7052844734375 0.2517155265625 0.7150555562500001 0.2592271828125 0.7210188484375 0.2694813984375 0.7235186015624999 0.28080853125 0.722568453125 0.29010863124999997 0.7163665671875 0.2978588796875 0.7077842265625 0.3007204859375 0.7002748015625 0.3014360125 0.6949107140625 0.30191294687500003 0.6871626984375 0.2990513390625 0.6790572921875 0.29607043593750004 0.6754811515625 0.290347221875 0.669163690625 0.282835565625 0.666302828125 0.274012153125 0.666302828125 0.2743345484375 0.6641676000000001
5 0.5141369046875 0.700396825 0.5198412703125 0.706597221875 0.52802579375 0.713045634375 0.5364583328125 0.7172619046875 0.544394840625 0.71924603125 0.5558035718750001 0.7202380953125 0.5664682546875001 0.71924603125 0.5744047625 0.7167658734375 0.581101190625 0.713045634375 0.5900297625 0.706101190625 0.596230159375 0.6979166671875 0.6009424609375 0.6892361109375 0.6039186515625 0.677579365625 0.6039186515625 0.6644345234375 0.6029265875 0.6577380953125 0.5979662703125 0.6455853171875 0.5925099203124999 0.63740079375 0.578125 0.625 0.5699404765625 0.6210317453124999 0.559523809375 0.6183035718750001 0.5536252484374999 0.61846180625 0.5521475687499999 0.6395858140625 0.562491071875 0.640472221875 0.5722433031249999 0.6459377484375 0.579779265625 0.6561307046875 0.5825868062499999 0.6663234124999999 0.5815525796875 0.6778457343750001 0.5746076390625 0.6892202375 0.5655939984375 0.69512896875 0.5545119046875 0.6970493546875 0.54372495 0.6949813984375 0.534415921875 0.6893678078125001 0.52850545625 0.68094766875 0.525993303125 0.672675346875 0.5261411203125 0.6608576390625001 0.5319040171875 0.6478581343750001 0.5406220234375 0.6409154265625 0.551851934375 0.6386994046875001 0.5534774312499999 0.6181661703125 0.5394345234375 0.6200396828125 0.531498015625 0.6230158734375 0.5200892859375 0.630704365625 0.512896825 0.6391369046875 0.5066964281249999 0.650545634375 0.5039682546875001 0.6631944437499999 0.5039682546875001 0.6736111109375 0.505704365625 0.6830357140625 0.5079365078125 0.6897321421875 0.5141369046875 0.700396825
5 0.550347221875 0.6078869046875 0.561755953125 0.6163194437499999 0.5691964281249999 0.619295634375 0.5833333328125 0.62177579375 0.59052579375 0.621527778125 0.5982142859375 0.6202876984375 0.610119046875 0.61532738125 0.615575396875 0.6116071421875 0.622023809375 0.6051587296875 0.627976190625 0.5959821421875 0.630704365625 0.587549603125 0.6316964281249999 0.5818452375 0.631200396875 0.5699404765625 0.628472221875 0.5602678578125 0.62549603125 0.5548115078125 0.615575396875 0.5426587296875 0.606894840625 0.5367063484375 0.5984623015625 0.5329861109375 0.5860615078125 0.530505953125 0.575021578125 0.530990575 0.579340278125 0.5500193453125 0.590376984375 0.549859375 0.5996540171875 0.5549761906249999 0.6066919640624999 0.562012153125 0.6111703875 0.573365328125 0.6095709328125001 0.58359920625 0.605412203125 0.5917544640625 0.5972547125000001 0.5984704859375001 0.5889372515625 0.6010290171875 0.575821428125 0.60006944375 0.5668640875000001 0.5960719250000001 0.5591865078125 0.5851984125 0.5566272328124999 0.5786423609375 0.5571071421875 0.5676088796875 0.5619057546875 0.5580143843750001 0.570222965625 0.5516183031249999 0.5788603671875 0.549859375 0.5748616078125 0.530990575 0.568204365625 0.5324900796875001 0.559771825 0.5362103171875 0.5523313484375 0.540674603125 0.546626984375 0.546130953125 0.5399305562500001 0.55654761875 0.53720238125 0.565228175 0.5364583328125 0.56845238125 0.536954365625 0.58407738125 0.5426587296875 0.5982142859375 0.550347221875 0.6078869046875
5 0.6365384421875 0.5584499015625 0.6410027281249999 0.563162203125 0.653403521875 0.57085069375 0.665804315625 0.5750669640625 0.681429315625 0.5758110125 0.6920939984375 0.5738268843750001 0.6985424109375 0.57085069375 0.703998759375 0.5676264875 0.7111912203124999 0.560930059375 0.715407490625 0.554977678125 0.71937574375 0.545801090625 0.7208638390625 0.5356324406249999 0.71937574375 0.5242237109375 0.71664756875 0.516783234375 0.7131753468750001 0.5110788687500001 0.70375074375 0.500662203125 0.6977983625 0.4961979171875 0.6824384921875 0.49125917656249996 0.6637361109375 0.48937053593749996 0.6745039687500001 0.5065567953125 0.6899950390625 0.5120337296875 0.700196428125 0.5292720734375 0.6992517359375 0.5392294140625 0.69566245 0.54980555625 0.68659449375 0.55584920625 0.6756376484375 0.556845734375 0.663358134375 0.5560421625 0.6565572921875 0.552076140625 0.6480560515625 0.5431996531250001 0.6461669140625 0.5349379953125 0.6452224703125 0.5226138390624999 0.65088988125 0.5152963796875001 0.6597688484375 0.5090119046875 0.6726150796875 0.5062311515625 0.6622247031249999 0.49012599218749997 0.65315550625 0.49098958281250005 0.6452189984375 0.49446180625 0.6387705859375 0.49867807500000005 0.6305860609375 0.50835069375 0.6276098703125 0.514303075 0.6253777281249999 0.52397569375 0.6253777281249999 0.5326562499999999 0.6273618546875 0.54133680625 0.6305860609375 0.5500173609375001 0.6365384421875 0.5584499015625
5 0.6228033234375 0.3531889875 0.62892261875 0.35540377031250003 0.6391567453125 0.35811458281249997 0.6397688484375 0.3419541171875 0.6361825390625 0.3410796125 0.6302346234375 0.3381063984375 0.6251612109375 0.333296875 0.6228869046875001 0.329012153125 0.6214873515625 0.3247271828125 0.62166245 0.3215959828125 0.6221872515625 0.31676959375 0.624811259375 0.31169766875 0.629622271875 0.307412946875 0.636444940625 0.30408978124999997 0.6391567453125 0.3051560015625 0.6455421625 0.3051560015625 0.6544640375 0.30638045625 0.6593625984375 0.3092661203125 0.6641733624999999 0.3136383921875 0.6687219734375 0.3202842265625 0.6694216265625 0.3262306546875 0.665660465625 0.333996528125 0.66137425625 0.3381939484375 0.6553387890625 0.3416044140625 0.6493033234375 0.3425662203125 0.644142609375 0.3422165171875 0.6409935515625 0.3419541171875 0.6401188 0.358044146875 0.651052828125 0.358027034375 0.6541143359375 0.358201884375 0.6694303078125 0.352940971875 0.674390625 0.34996478125 0.6815830859374999 0.343268353125 0.6848072921874999 0.3388040671875 0.6877834828125 0.330867559375 0.6857993546875 0.3144985125 0.6820791171875 0.3065620046875 0.6793509421875 0.303337796875 0.675134671875 0.29936954375 0.6634779265625 0.2924250984375 0.6505811015625 0.289944940625 0.6451247515625 0.289448909375 0.6349561015625 0.290440971875 0.621811259375 0.2949052578125 0.6170989578125 0.2983774796875 0.60916245 0.30681002031250004 0.6054422125000001 0.3144985125 0.6044501484375 0.3197068453125 0.60494618125 0.3296274796875 0.6081703875 0.3388040671875 0.6128826890625 0.34500446406249996 0.6228033234375 0.3531889875
5 0.4779265875 0.3576388890625 0.484126984375 0.362351190625 0.49305555625 0.36607142812500004 0.499751984375 0.3673115078125 0.5009697421875 0.349784721875 0.4970927578125 0.348012896875 0.4927728171875 0.34491245 0.48922842187500004 0.3420267859375 0.48679141875000004 0.3359365078125 0.48656994062500003 0.3284064984375 0.48956076406250004 0.32253745 0.49288368125000004 0.318994046875 0.49919742031250003 0.315450396875 0.5056217765625 0.313654265625 0.51215699375 0.313211309375 0.521129215625 0.3158688 0.5269997515625 0.31885863125 0.5310982140625 0.323841765625 0.5329811515625 0.33137500000000003 0.5307658734375 0.33868353125 0.5262244546875 0.344884671875 0.5196892359375 0.3487604171875 0.5106063984375 0.3508643359375 0.501855903125 0.35011681562499997 0.5006374015625 0.3666994046875 0.51116021875 0.3661458328125 0.5223214281249999 0.365575396875 0.5367063484375 0.35887896874999997 0.547619046875 0.3459821421875 0.550347221875 0.33779761875 0.5505952375 0.3296130953125 0.5488591265625 0.3216765875 0.5424107140625 0.3105158734375 0.53075396875 0.3023313484375 0.518105159375 0.2986111109375 0.5 0.2988591265625 0.4893353171875 0.3023313484375 0.48239087343750003 0.306299603125 0.477678571875 0.3105158734375 0.47197420625 0.318204365625 0.46875 0.32862103125000003 0.46875 0.3390376984375 0.4702380953125 0.3454861109375 0.47197420625 0.349454365625 0.4779265875 0.3576388890625
5 0.38686011875 0.4274208828125 0.3943005953125 0.42370064531249996 0.4062053578125 0.420228421875 0.414141865625 0.419732390625 0.42530257968749996 0.42146850156250004 0.4277827375 0.42270858125000005 0.43423115156250003 0.42246056562499995 0.4471279765625 0.410059771875 0.449608134375 0.40534747031249996 0.451840278125 0.397162946875 0.4510962296875 0.3842661203125 0.4471279765625 0.375585565625 0.44167162656250003 0.3686411203125 0.437207340625 0.3649208828125 0.4287748015625 0.360456596875 0.41438988125 0.35748040625 0.40170634843749997 0.35898561562500003 0.406196428125 0.3760024796875 0.414038690625 0.3749404765625 0.42183705312499997 0.3767537203125 0.4296354171875 0.38291790625 0.433243303125 0.3915553078125 0.432438740625 0.39730381875 0.431230903125 0.40142013906249996 0.42678422656250004 0.40685367031249997 0.419866815625 0.4121225203125 0.41290724218749997 0.413816715625 0.40647122968750005 0.41481175625000005 0.4014203875 0.41415327343749997 0.39521676562499997 0.4112442953125 0.3888484625 0.405920634375 0.38636879999999996 0.40019543593750007 0.38786011875000004 0.39033035781250003 0.392032490625 0.384183284375 0.3973578875 0.379133928125 0.4059221234375 0.3760057046875 0.40098090312499995 0.3597108140625 0.38710813437499997 0.3646728671875 0.38165178593750004 0.36839310468750003 0.377435515625 0.37236135937500003 0.3719791671875 0.3798018359375 0.3694990078125 0.3842661203125 0.36751488125 0.391706596875 0.367266865625 0.4028673109375 0.3697470234375 0.40981175625 0.376443453125 0.419484375 0.38686011875 0.4274208828125
5 0.278769840625 0.528521825 0.286954365625 0.531001984375 0.2926587296875 0.531994046875 0.3050595234375 0.531498015625 0.32118055624999997 0.52529761875 0.325644840625 0.5228174609375 0.3335813484375 0.515873015625 0.341021825 0.5069444437499999 0.34474206406249996 0.50049603125 0.34697420625 0.49305555625 0.34722222187499996 0.48387896875 0.346230159375 0.47718253906249997 0.34375 0.4704861109375 0.34027777812500004 0.46453372968749995 0.333829365625 0.4583333328125 0.31919642812500004 0.45114087343750003 0.3110119046875 0.44990079375 0.30381944375000003 0.450148809375 0.2925625 0.4524771828125 0.2808263890625 0.4577633921875 0.27644146875 0.46150247968749997 0.2888224203125 0.47349305625 0.2987529765625 0.46717534687500006 0.31100496093749996 0.46704637968749996 0.32041964218749996 0.4720749015625 0.32661011875 0.47877926562499995 0.327383928125 0.490254215625 0.324159721875 0.498763640625 0.3190009921875 0.507402034375 0.3084255953125 0.5112700890624999 0.2928204359375 0.5130751484375 0.2800525796875 0.506112846875 0.277086309375 0.4954114578125 0.27786011875 0.4865151296875 0.2823740078125 0.47916617031250003 0.28843551562499997 0.47387996093750007 0.27529761875 0.46155753906249997 0.2671130953125 0.4704861109375 0.26215277812500004 0.478174603125 0.2581845234375 0.49032738125 0.25892857187499996 0.505704365625 0.26240079375 0.5136408734375 0.268105159375 0.52157738125 0.278769840625 0.528521825
5 0.46651785781250005 0.46428571406249997 0.47271825468750006 0.4677579359375 0.481398809375 0.4704861109375 0.4895833328125 0.471478175 0.49578372968749995 0.471230159375 0.5044642859375 0.46924603125 0.5109126984375 0.4613095234375 0.5146329359374999 0.459325396875 0.519097221875 0.4543650796875 0.521825396875 0.452876984375 0.5245535718750001 0.44742063437499996 0.53075396875 0.44717261875 0.533730159375 0.4456845234375 0.5359623015625 0.434523809375 0.5359623015625 0.4268353171875 0.534226190625 0.41964285781250005 0.53125 0.41319444375 0.527777778125 0.40848214218749995 0.5176091265625 0.40029761875 0.5084325390625 0.396329365625 0.5 0.3945932546875 0.49196651718749995 0.3951200390625 0.49085243125 0.4116879953125 0.5018544140625 0.41321949375000006 0.5088177078125 0.4165607640625 0.5146669140625 0.42268675624999996 0.517730903125 0.4310404265625 0.5166165671875 0.4400900296875 0.510767609375 0.4456592265625 0.503386409375 0.4519243546875 0.496423115625 0.4526205359375 0.48542113125 0.45303819375 0.47873635937500003 0.4501143359375 0.47191220312500004 0.44496304531249997 0.4689875984375 0.437584078125 0.46940550625000005 0.42742063437500005 0.475533234375 0.4190669640625 0.4816609625 0.4147509921875 0.49043452343749994 0.4118271328125 0.49154885937500004 0.394423859375 0.48090277812500004 0.3960813484375 0.47098214218749995 0.40029761875 0.46478174531249994 0.40426587343750003 0.45734127031250005 0.41195436562500004 0.4541170640625 0.4169146828125 0.4516369046875 0.42237103125 0.450148809375 0.42881944375 0.450396825 0.4384920640625 0.45386904687499996 0.44915674531249994 0.4585813484375 0.45758928593750003 0.46651785781250005 0.46428571406249997
5 0.43690500937500004 0.599162946875 0.44608978125 0.5880677078125001 0.45386904687499996 0.5850694437499999 0.46180555625 0.5833333328125 0.46676587343750003 0.5833333328125 0.47470238125 0.5853174609375 0.4779265875 0.5865575390625 0.48214285781250005 0.5900297625 0.48784722187499996 0.5992063484375 0.4890873015625 0.60887896875 0.48660714218749995 0.61904761875 0.481398809375 0.6267361109375 0.4751984125 0.63095238125 0.46875 0.6329365078125 0.4677579359375 0.646329365625 0.46800595312500004 0.653769840625 0.46924603125 0.6550099203124999 0.47867063437499996 0.6540178578125 0.4925595234375 0.6460813484375 0.5047123015625 0.6316964281249999 0.5111607140625 0.615575396875 0.5104166671875 0.5957341265625 0.5042162703125 0.5828373015625 0.4923115078125 0.5699404765625 0.48635912656249997 0.5667162703125 0.47718253906249997 0.5634920640625001 0.46527777812500004 0.562748015625 0.45659722187499996 0.5639880953125 0.4516369046875 0.572420634375 0.44593253906249997 0.57862103125 0.431299603125 0.5895337296875 0.42609127031250005 0.591269840625 0.4201388890625 0.5947420640625001 0.4206349203125 0.5982142859375 0.424355159375 0.59970238125 0.42906746093750003 0.5992063484375 0.43690500937500004 0.599162946875
5 0.35491071406249997 0.619295634375 0.3616071421875 0.6210317453124999 0.372519840625 0.62177579375 0.3802083328125 0.6205357140625 0.39012896874999997 0.60987103125 0.4154265875 0.5954861109375 0.41220238125 0.594494046875 0.4079861109375 0.5949900796875001 0.4052579359375 0.593998015625 0.3955853171875 0.593501984375 0.3841765875 0.5989583328125 0.372023809375 0.6004464281249999 0.36383928593750003 0.5982142859375 0.356894840625 0.593501984375 0.3529265875 0.5855654765625 0.3514384921875 0.580605159375 0.3516865078125 0.5766369046875 0.353670634375 0.5691964281249999 0.358630953125 0.5602678578125 0.3648313484375 0.5540674609375 0.3665674609375 0.54092261875 0.36805555624999997 0.537450396875 0.3665674609375 0.5349702375 0.359375 0.5367063484375 0.3521825390625 0.54092261875 0.343005953125 0.5486111109375 0.33705357187499996 0.556795634375 0.333829365625 0.5637400796875001 0.3298611109375 0.57862103125 0.330605159375 0.591269840625 0.3360615078125 0.60342261875 0.34821428593750003 0.61532738125 0.35491071406249997 0.619295634375
5 0.37416765937499996 0.57708506875 0.3885376984375 0.559553571875 0.3863623515625 0.55452430625 0.3866341765625 0.5493588796875 0.3903053078125 0.5518055562499999 0.39465625000000004 0.55452430625 0.4010466265625 0.561456596875 0.40267832343750004 0.569476190625 0.40376612031250003 0.5712433031249999 0.39914310468749997 0.569476190625 0.39343253906250003 0.5664858625 0.3884017859375 0.560369046875 0.37466914687499997 0.5773601187499999 0.3801078875 0.5826612109375 0.3870421625 0.5870109125 0.3957450390625 0.5909739578125001 0.40095337343750004 0.591469990625 0.4138501984375 0.5912219734375 0.4225307546875 0.5894858625 0.4341875 0.5847735609375 0.4433640875 0.5775811015625 0.4515486109375 0.5691485609375 0.45452480156249997 0.563940228125 0.45849305625000003 0.5453390375 0.45824503906249997 0.5371545140625 0.45675694375000003 0.532194196875 0.452788690625 0.524009671875 0.44782837343750004 0.5175612593750001 0.4384037703125 0.5096247515625 0.430715278125 0.5061525296875 0.4189942953125 0.5030076890624999 0.410972221875 0.5031436015625 0.4017264390625 0.505454365625 0.407709078125 0.5233968250000001 0.4104283234375 0.5223092765625 0.421441715625 0.5225811015625 0.4283759921875 0.5251639390625 0.43449454374999996 0.5307368546875 0.4383015875 0.5391644343750001 0.43898139843750006 0.548407490625 0.436126240625 0.55398040625 0.4313673109375 0.5626798109375 0.4237532234375 0.5681170640625 0.42307341249999997 0.5605049609375 0.41709077343749995 0.548407490625 0.4063494546875 0.537940971875 0.3939764390625 0.53318353125 0.3904412203125 0.5357661203124999 0.399551090625 0.526251240625 0.40716517812499997 0.5235327375 0.40045734062499994 0.50491245 0.38979265937499996 0.5088807046875 0.374415675 0.524009671875 0.36759895781249996 0.537669146875 0.3656951890625 0.549087053125 0.3669188984375 0.559417659375 0.3715419140625 0.570563740625 0.37416765937499996 0.57708506875
5 0.5897817453124999 0.422123015625 0.5954861109375 0.42757936562500004 0.6029265875 0.43154761875 0.6073908734375 0.43353174531249994 0.6185515875 0.4357638890625 0.62523511875 0.4340595234375 0.623639384375 0.418800346875 0.6170563 0.418002728125 0.6107725687500001 0.415609375 0.60408978125 0.41012524843750003 0.600199653125 0.40444146875 0.5991026781250001 0.39716245 0.6004990078125 0.3904813984375 0.60588516875 0.3835014875 0.612368303125 0.3793134921875 0.61984920625 0.3779174109375 0.62703050625 0.37891468281249996 0.633214534375 0.380011409375 0.6410942453125 0.383102678125 0.6455828375 0.3919771828125 0.6480763890625 0.3978603671875 0.6468794640625 0.4055384421875 0.6424908234375 0.41152108125 0.6358080359375 0.4168060515625 0.6280280265625 0.41820213281249996 0.6240381937499999 0.4186009421875 0.6255344734375 0.43366071406250006 0.6328157234375 0.43246403750000006 0.6426091265625 0.4322916671875 0.65029761875 0.42881944375 0.65625 0.424355159375 0.6626984125 0.4164186515625 0.6669146828125 0.4045138890625 0.6666666671875 0.39112103125000003 0.6636904765625 0.38368055624999997 0.658978175 0.3764880953125 0.6507936515625 0.36904761875 0.6448412703125 0.365575396875 0.6289682546875001 0.360119046875 0.6237599203124999 0.359623015625 0.610119046875 0.362103175 0.6016865078125 0.365079365625 0.5949900796875001 0.36904761875 0.590773809375 0.372271825 0.5863095234375 0.377480159375 0.5825892859375 0.3841765875 0.580605159375 0.390625 0.5803571421875 0.4012896828125 0.5818452375 0.40823412656249997 0.584325396875 0.415178571875 0.5897817453124999 0.422123015625
5 0.4652373515625 0.5482296625 0.4798702875 0.5611264874999999 0.49053497031250004 0.5645987109374999 0.4999595734375 0.5653427578125 0.51161631875 0.5645987109374999 0.51707266875 0.5633586312500001 0.5264972718750001 0.5591423609375 0.5341857640625001 0.5534379953124999 0.5396421124999999 0.5477336312500001 0.5473306046874999 0.5323566468750001 0.5465865578125 0.528636409375 0.5450984625 0.52665228125 0.538402034375 0.526404265625 0.5317056046874999 0.523428075 0.52897743125 0.5241721234375001 0.527447171875 0.5265436515624999 0.5254771828125 0.53315550625 0.5197078375 0.5410332343750001 0.5121091265625 0.5455349703125 0.5046512890625 0.5475044640625 0.4980376984375 0.5475044640625 0.49057961250000004 0.5451128468750001 0.48452901718749997 0.5414553578125 0.48185540624999995 0.53737574375 0.4780560515625 0.531889384375 0.47608606093750006 0.523448909375 0.478900296875 0.5136016859375 0.48523263906249997 0.5043169640625 0.49606770781250004 0.5000967265625 0.50394766875 0.499112103125 0.5024397328125 0.49614632968750005 0.50144766875 0.48349752031250004 0.5002075890625 0.48225744062500003 0.49326314531250004 0.48225744062500003 0.4850786203125 0.4847375984375 0.47242981093749997 0.492426090625 0.463997271875 0.5025947421875 0.46077306562500003 0.5082991078125 0.458044890625 0.5164836312500001 0.457548859375 0.52566021875 0.45878893906249996 0.5323566468750001 0.46077306562500003 0.539301090625 0.4652373515625 0.5482296625
5 0.387648809375 0.687251984375 0.389880953125 0.690228175 0.3945932546875 0.69345238125 0.406334325 0.6972435515625001 0.4215533234375 0.699109375 0.414230903125 0.677148809375 0.405472965625 0.6734169140625 0.39915575468750003 0.668393353125 0.3936999015625 0.6557624015625 0.3929818953125 0.6389689984375 0.40188368125 0.626625 0.4122209828125 0.6214578375 0.41681522812500005 0.6204531249999999 0.42806721249999996 0.6202658734375001 0.43838814531250003 0.6268896328125 0.44475917656249997 0.6326220234375 0.4481994046875 0.6411564984375 0.44610466249999997 0.65418353125 0.44452529687500003 0.65935069375 0.440648809375 0.6659531249999999 0.434762153125 0.6718380453125 0.4287321421875 0.673991071875 0.42227108125 0.676144096875 0.4143745046875 0.676574653125 0.42237103125 0.6991567453124999 0.42534722187499996 0.6976686515625 0.43154761875 0.696924603125 0.439980159375 0.69345238125 0.44593253906249997 0.6897321421875 0.45510912656249997 0.68154761875 0.4632936515625 0.6701388890625 0.46651785781250005 0.661954365625 0.46949404687499996 0.65029761875 0.46924603125 0.6393849203124999 0.466269840625 0.627480159375 0.456101190625 0.6116071421875 0.4456845234375 0.60342261875 0.43675595312500004 0.59970238125 0.41989087343750003 0.597222221875 0.40288864062499996 0.60322495 0.39039756875 0.6109759421875001 0.382357390625 0.6197313984374999 0.372271825 0.641369046875 0.372271825 0.6614583328125 0.37822420625 0.67782738125 0.3841765875 0.6857638890625 0.387648809375 0.687251984375
5 0.5859154265625001 0.45382490156250005 0.596197171875 0.45889384843750003 0.6004226187499999 0.46551165625 0.6019719734375 0.471988590625 0.6019719734375 0.4790287703125 0.6002817453125 0.4838162203125 0.5980282734375 0.4870548109375 0.59549305625 0.4908563984375 0.5902817453125 0.494798859375 0.5885915171875 0.5005811015625 0.584788690625 0.5080436515625 0.5778874015625 0.515224703125 0.57746478125 0.5169144343750001 0.591267609375 0.515224703125 0.604225446875 0.5088883921875 0.6101408734375 0.503115575 0.6156339281250001 0.49607539687499996 0.6202817453125 0.4883311015625 0.6216902281250001 0.47748908749999996 0.6216902281250001 0.47242013906249997 0.6205634921875001 0.467914434375 0.6178874015625 0.4624109625 0.61352108125 0.453540178125 0.6060563 0.44452877031250004 0.597746528125 0.43889657812499994 0.5877465281250001 0.4360803578125 0.57647891875 0.43509474218750005 0.5670424109375001 0.435235615625 0.5588732640625 0.4387557046875 0.5523943453125 0.44129017812500004 0.5501408734375001 0.44354290625 0.548732390625 0.44354613125000003 0.5645071921875 0.44692534687499996 0.572676090625 0.45114955312499994 0.5780282734375 0.451712796875 0.5859154265625001 0.45382490156250005
5 0.5700000000000001 0.4746688984375 0.5723943453125 0.482272321875 0.571267609375 0.4915654765625 0.5669015374999999 0.499309771875 0.56042261875 0.504801090625 0.5488732640625 0.509025296875 0.5352113093749999 0.506772321875 0.523802828125 0.4970567953125 0.5205634921875 0.49015749062499997 0.5205634921875 0.4829764390625 0.5219719734375 0.4762177578125 0.524225446875 0.4710079359375 0.50549305625 0.4660798609375 0.5012676093749999 0.479737846875 0.5028169640625 0.49395907812499995 0.5067606640625 0.504237846875 0.513802828125 0.513671875 0.521690228125 0.5202896828125 0.5346478171875 0.5240912703125 0.5530987109375001 0.5260627484375 0.5732395828125 0.5188816968750001 0.58253521875 0.50944766875 0.588309771875 0.5001545140625 0.5909858625 0.48860863125 0.5908449906250001 0.4798787203125 0.5870424109375 0.46762872031249997 0.5785915171875 0.45706845312500005 0.5687323906249999 0.44946478125 0.5588732640625 0.44678968281250003 0.547746528125 0.44397346249999997 0.5367606640625 0.44509995 0.525633928125 0.44932415625 0.5167606640625 0.4542522328125 0.510704365625 0.461433284375 0.5069015375 0.4660798609375 0.5250704359375 0.469459078125 0.5392958828125 0.46199652812499997 0.553802828125 0.46157415625000003 0.5661971718750001 0.46720634843750003 0.5700000000000001 0.4746688984375
5 0.5339437 0.46566145781249996 0.5329578374999999 0.46861830312499997 0.532676090625 0.4727016375 0.53253521875 0.4777705859375 0.5333802078125001 0.4835436515625 0.53647891875 0.492555059375 0.541690228125 0.499313740625 0.5501408734375001 0.5066356640625 0.5560563000000001 0.5043826890625 0.5632395828125001 0.5007217265625 0.56746478125 0.496216021875 0.5614084828125 0.49340005 0.556197171875 0.488190228125 0.5514084828125 0.481431546875 0.55042261875 0.47284250937500005 0.55246478125 0.46411979218750005 0.5485915171875 0.4624228671875 0.54352108125 0.46369022812500005 0.5339437 0.46566145781249996
5 0.5232395828125 0.494248759375 0.5280282734374999 0.4990362109375 0.53549305625 0.5053725203125 0.5432395828125001 0.5050907734375001 0.5378874015624999 0.4965017359375 0.5305634921875 0.489320684375 0.522676090625 0.48467410781250003 0.5211267359375 0.48636383906249997 0.5218311015625 0.49030630000000003 0.5232395828125 0.494248759375
5 0.41961160781249995 0.45369097187499996 0.426033234375 0.45784499062500006 0.430440228125 0.463509425 0.43144766875 0.469048115625 0.432580853125 0.46804117031250003 0.434721478125 0.457970734375 0.4337140375 0.45167683593749997 0.4290553078125 0.4461381453125 0.418730159375 0.44047346249999997 0.40752356093750003 0.438837053125 0.3984575890625 0.44110292656250005 0.391658234375 0.449033234375 0.3890138890625 0.4530615078125 0.38762896874999997 0.4564603171875 0.387376984375 0.45759300625000005 0.38712524843749996 0.46136954374999994 0.39468030781249996 0.4555791171875 0.403368303125 0.45243204375 0.412056546875 0.45180257968750004 0.41961160781249995 0.45369097187499996
5 0.4288033234375 0.49573834375 0.4396321921875 0.48919246093749996 0.446305803125 0.4815138890625 0.4500830859375 0.4745905265625 0.452475446875 0.4654012890625 0.453860615625 0.45684151718750005 0.45323115156249993 0.4525615078125 0.449201884375 0.44035119062500006 0.4407653765625 0.43091021874999996 0.43270684531250003 0.42398685468749997 0.413441715625 0.4195811015625 0.39468030781249996 0.42398685468749997 0.3844811515625 0.43040674531249995 0.3786889875 0.43581944375 0.3734005453125 0.44362400781250005 0.36924528749999996 0.44941443437500006 0.3673563984375 0.4597366078125 0.36697867031250003 0.4704365078125 0.370378471875 0.47635292656250006 0.3749114578125 0.4844092265625 0.37919246093750003 0.4883115078125 0.38334771875 0.4927172625 0.388006696875 0.49573834375 0.3922876984375 0.4967452875 0.3961912203125 0.49938888906249995 0.3971984125 0.47987747968749994 0.3920359625 0.4745905265625 0.38838442500000003 0.4716951890625 0.3859920640625 0.46615649843750007 0.3856143359375 0.45684151718750005 0.3890138890625 0.44878521875 0.3948060515625 0.4411063984375 0.4027388390625 0.4377078375 0.4128120046875 0.4377078375 0.4215002484375 0.44035119062500006 0.4301884921875 0.44400173593750003 0.4319513890625 0.4456381453125 0.43484747031250004 0.4578484625 0.4345954859375 0.46502356093749997 0.42867757968750003 0.47358358125000005 0.4226334328125 0.47899627968749997 0.414197171875 0.4818916171875 0.406264384375 0.4820173609375 0.39996875 0.480884425 0.3988353171875 0.48101041718750004 0.3969466765625 0.5001440968749999 0.4089087296875 0.5011510421875001 0.4206188 0.498381696875 0.4288033234375 0.49573834375
5 0.3672306546875 0.49549380000000004 0.3706302078125 0.5004030265625 0.376170634375 0.505060515625 0.38397743125 0.5090887890625 0.388006696875 0.5104734625 0.3977021328125 0.50631944375 0.4052571921875 0.50367584375 0.4154563484375 0.502039434375 0.4211225203125 0.5032983625 0.42729241093750003 0.5048087796875 0.43270684531250003 0.5055642359375 0.4374915671875 0.5006547625 0.4452983625 0.4933536703125 0.447816715625 0.4859268359375 0.4498313484375 0.4776188 0.4407653765625 0.48844444375 0.4288033234375 0.49549380000000004 0.414448909375 0.501032490625 0.396065228125 0.5006547625 0.3859920640625 0.49574553593750004 0.37793328437499996 0.49071031718749997 0.3713856640625 0.48252802656249993 0.3662232140625 0.47346478125 0.36647495 0.46540848281249997 0.36672693437500004 0.4633943453125 0.36634920625 0.45924032812500004 0.3628234125 0.4689330359375 0.36169022812499996 0.476863590625 0.3640825890625 0.48831870000000005 0.3672306546875 0.49549380000000004
5 0.29646850156250004 0.5874303078125 0.3015766375 0.5935032234375 0.3050280265625 0.5991619546875 0.3055803578125 0.6095133921875 0.3030952375 0.6204169140625 0.29826314531250003 0.6277318953125001 0.283491071875 0.6364270828125 0.272308284375 0.6382212296875001 0.2598829359375 0.6353229171875 0.253946428125 0.6281458328125 0.2511852671875 0.6191746031250001 0.24925247968750003 0.61406795625 0.2306145828125 0.6142061015625 0.23102877031250002 0.626627728125 0.236551090625 0.6379451890625 0.237517609375 0.6416716265625 0.2414040171875 0.646643353125 0.25051587343750004 0.6528541671875 0.2614223703125 0.657684771875 0.2771609625 0.659203125 0.29469444375 0.65340625 0.3054630453125 0.6463673109375 0.313884671875 0.6361540171875 0.31802628906249997 0.6307713296874999 0.322444196875 0.6215240578125 0.3253435015625 0.6114486609374999 0.3258955859375 0.60081324375 0.321891865625 0.588253471875 0.313884671875 0.5766599703125 0.30394444374999996 0.56962103125 0.2949704859375 0.5657564484375001 0.2865491078125 0.56506646875 0.275918403125 0.5665845734375 0.2636312 0.569344990625 0.2518963296875 0.575417659375 0.24195610156249997 0.586597221875 0.235467509375 0.59667261875 0.2325682046875 0.6035736609375 0.231049603125 0.6104744546875 0.231049603125 0.6128209328125 0.2515994546875 0.6137919140625 0.2571217765625 0.597919890625 0.26940897812500003 0.5872924109375 0.2856999015625 0.58370386875 0.29646850156250004 0.5874303078125
5 0.29800793593749997 0.5549791671875 0.3058772328125 0.5610518359375 0.30836235156249997 0.5671247515625 0.3080860609375 0.5720935015624999 0.3166458328125 0.581616815625 0.323134425 0.5905880453125001 0.3260337296875 0.5958325890625 0.32796651718750003 0.5857571921875 0.3296232640625 0.5712653765625 0.328794890625 0.5618799609375 0.3216158234375 0.549734375 0.311813740625 0.54200545625 0.3033921125 0.538002728125 0.292209325 0.53538045625 0.27757514843750003 0.5366225203125 0.2669446921875 0.5407631453125 0.257142609375 0.5465600203125 0.24858283750000001 0.5544270828125 0.24292261874999999 0.5610518359375 0.2376763390625 0.5729216265625 0.235467509375 0.5821688984375 0.23670982187499998 0.5927963796875 0.2458216765625 0.581616815625 0.25327703437500004 0.5736116078125 0.257142609375 0.57236954375 0.2607321421875 0.5697470234375 0.26791121093750003 0.562294146875 0.2788177078125 0.5558072921874999 0.2906907234375 0.554703125 0.29800793593749997 0.5549791671875
5 0.252310515625 0.6162713296875 0.256176090625 0.6205498515625 0.263493303125 0.6234484124999999 0.2712244546875 0.6259325390625 0.28185491093750004 0.6256564984375 0.2911049109375 0.6228963296875001 0.3010451390625 0.6191696421875 0.30325396875 0.6129588296875 0.30463467187500004 0.6048157234375 0.3018735125 0.595706596875 0.2985600203125 0.5984670140625 0.29276165625 0.6019174109375001 0.28668700468749997 0.604677828125 0.278955853125 0.6064719734375 0.2681872515625 0.6044017859374999 0.261560515625 0.5973628468750001 0.2608700390625 0.5977767859374999 0.2543814484375 0.606748015625 0.252310515625 0.6162713296875
5 0.43724131875000005 0.6499459328125 0.4461607140625 0.654022321875 0.4474350203125 0.643322171875 0.44654290625000004 0.636061259375 0.44450421562500003 0.633768353125 0.43978968281249997 0.627271825 0.4362219734375 0.62446949375 0.429978421875 0.621921875 0.42564608125000003 0.6209027781249999 0.420931546875 0.6202658734375001 0.41698164687499994 0.6209027781249999 0.4190203375 0.6290553078125 0.42284300625000004 0.6370803578124999 0.4298509421875 0.6442137890625 0.43724131875000005 0.6499459328125