5 0.3837048609375 0.85346180625 0.3716312 0.8630200890624999 0.36358184531250004 0.88263988125 0.358048115625 0.9047750499999999 0.3741463296875 0.924898065625 0.394772321875 0.934959325 0.42193824375 0.9294255953125001 0.433508928125 0.9082966265625 0.4385396828125 0.8891798109375 0.4385396828125 0.8806274796875 0.433508928125 0.871069196875 0.4465887890625 0.8368603671875 0.43451512968749995 0.8101974203125 0.439042659375 0.8026515375000001 0.44155803593750004 0.7961116078125 0.43703050625 0.784540921875 0.42445362031249995 0.7880622515625 0.3932631453125 0.8554739578125 0.3837048609375 0.85346180625
5 0.44306721250000003 0.8328358140625 0.45262574375 0.848934028125 0.4571532734375 0.8504432046874999 0.47023313437500003 0.85346180625 0.4868345734375 0.8464186515625001 0.5049451890625 0.834847965625 0.5185280265625 0.819755953125 0.51802505 0.8076820437500001 0.4953869046875 0.7734732140625 0.47828224218750004 0.775485615625 0.4606748515625 0.7317182546875001 0.45011036718749997 0.7297061015625 0.43703050625 0.7357428078125 0.42395064531250004 0.7453013390625001 0.424956596875 0.751589534375 0.44306721250000003 0.7961116078125 0.43753348281250004 0.8046636906250001 0.43451512968749995 0.8091914687499999 0.44306721250000003 0.8328358140625
5 0.340773809375 0.67509920625 0.343501984375 0.67782738125 0.34722222187499996 0.684523809375 0.3509424609375 0.690972221875 0.3521825390625 0.69072420625 0.3546626984375 0.6912202375 0.365575396875 0.6989087296875 0.372023809375 0.700396825 0.375744046875 0.700148809375 0.3814484125 0.6986607140625 0.3928571421875 0.6927083328125 0.3988095234375 0.6889880953125 0.40252976250000005 0.685019840625 0.40848214218749995 0.68154761875 0.4114583328125 0.67782738125 0.4154265875 0.6636904765625 0.42237103125 0.6582341265625 0.4365079359375 0.6542658734375 0.4422123015625 0.6495535718750001 0.44717261875 0.6443452375 0.44990079375 0.6386408734375 0.4518849203125 0.630704365625 0.44940476250000005 0.6235119046875 0.44593253906249997 0.6175595234375 0.437748015625 0.6103670640625001 0.430803571875 0.609375 0.4164186515625 0.6160714281249999 0.4136904765625 0.6178075390625 0.41071428593750003 0.621527778125 0.3988095234375 0.6269841265625 0.3928571421875 0.627728175 0.3841765875 0.6237599203124999 0.3814484125 0.624751984375 0.375248015625 0.624751984375 0.372023809375 0.627728175 0.35887896874999997 0.6331845234375 0.35243055624999997 0.63467261875 0.34821428593750003 0.637152778125 0.3415178578125 0.6416170640625001 0.3373015875 0.6478174609375 0.33680555624999997 0.655505953125 0.337549603125 0.662450396875 0.34027777812500004 0.6681547625 0.340773809375 0.67509920625
5 0.2854662703125 0.6981646828125 0.290674603125 0.6984126984375 0.2956349203125 0.69717261875 0.30580357187499996 0.7008928578125 0.3174603171875 0.702380953125 0.3258928578125 0.7013888890625 0.3301091265625 0.6991567453124999 0.340773809375 0.700148809375 0.35044642812500004 0.696924603125 0.353670634375 0.693700396875 0.35342261875 0.6912202375 0.3516865078125 0.688244046875 0.34697420625 0.685019840625 0.33779761875 0.6582341265625 0.3385416671875 0.6476190468749999 0.339451140625 0.645419890625 0.3422619046875 0.6418650796875001 0.3457341265625 0.640873015625 0.3474702375 0.637896825 0.3449900796875 0.6356646828125 0.34027777812500004 0.6336805562500001 0.334325396875 0.6334325390625 0.325396825 0.6354166671875 0.3229166671875 0.637896825 0.318700396875 0.639880953125 0.30803571406249997 0.64112103125 0.29737103125000003 0.65029761875 0.2914186515625 0.65674603125 0.2867063484375 0.671875 0.278273809375 0.67782738125 0.27678571406249997 0.6822916671875 0.278769840625 0.6897321421875 0.2834821421875 0.69717261875 0.2854662703125 0.6981646828125
5 0.393601190625 0.49032738125 0.3988095234375 0.49131944375 0.40203372968749995 0.490575396875 0.40426587343750003 0.49156746093750003 0.406001984375 0.493799603125 0.409226190625 0.505704365625 0.4139384921875 0.5173611109375 0.41815476250000005 0.541170634375 0.4231150796875 0.55282738125 0.4231150796875 0.556795634375 0.424603175 0.5612599203124999 0.42906746093750003 0.5691964281249999 0.430803571875 0.5704365078125 0.437251984375 0.5706845234375 0.4516369046875 0.5672123015625 0.459325396875 0.5602678578125 0.46006944375 0.556299603125 0.45907738125 0.5478670640625001 0.45709325468750006 0.543402778125 0.45734127031250005 0.54092261875 0.45535714218749995 0.5381944437499999 0.45535714218749995 0.5327380953125 0.452876984375 0.5235615078125 0.450396825 0.49007936562500004 0.44915674531249994 0.48660714218749995 0.45089285781250005 0.48239087343750003 0.44742063437499996 0.4739583328125 0.44469246093750003 0.4578373015625 0.44469246093750003 0.4548611109375 0.4466765875 0.45114087343750003 0.4451884921875 0.4427083328125 0.4424603171875 0.439980159375 0.43551587343750003 0.4389880953125 0.4139384921875 0.44196428593750003 0.39012896874999997 0.44866071406249997 0.3826884921875 0.4543650796875 0.3826884921875 0.462053571875 0.38467261875 0.4742063484375 0.3888888890625 0.4831349203125 0.393601190625 0.49032738125
5 0.4362599203125 0.4074900796875 0.43700396875 0.4112103171875 0.43973214218749995 0.4139384921875 0.44196428593750003 0.4203869046875 0.44965277812500004 0.4322916671875 0.450148809375 0.4454365078125 0.4484126984375 0.45114087343750003 0.44593253906249997 0.4546130953125 0.446428571875 0.46304563437499996 0.44866071406249997 0.4742063484375 0.45089285781250005 0.47991071406249997 0.46031746093750003 0.497519840625 0.468998015625 0.5037202375 0.48090277812500004 0.505704365625 0.48660714218749995 0.5039682546875001 0.4952876984375 0.4982638890625 0.4982638890625 0.49776785781250005 0.5017361109375 0.4945436515625 0.51612103125 0.48759920625 0.52157738125 0.4833829359375 0.525545634375 0.47470238125 0.5265376984375 0.4675099203125 0.5220734125 0.453373015625 0.513144840625 0.43948412656249997 0.509424603125 0.437748015625 0.5006634421875 0.42887103125000003 0.49015798593750004 0.42770362031250003 0.46031746093750003 0.3802083328125 0.45709325468750006 0.3802083328125 0.4546130953125 0.3769841265625 0.4513888890625 0.3787202375 0.4456845234375 0.3762400796875 0.43948412656249997 0.3767361109375 0.43377976250000005 0.3799603171875 0.430803571875 0.3866567453125 0.4310515875 0.396329365625 0.43377976250000005 0.40029761875 0.43402777812500004 0.40401785781250005 0.4362599203125 0.4074900796875
5 0.462053571875 0.37822420625 0.46651785781250005 0.3886408734375 0.48363095312500004 0.4050099203125 0.4982638890625 0.41071428593750003 0.5042162703125 0.41195436562500004 0.509920634375 0.41220238125 0.51612103125 0.4109623015625 0.5220734125 0.40823412656249997 0.525049603125 0.4052579359375 0.527777778125 0.4045138890625 0.5300099203124999 0.40054563437499996 0.533730159375 0.3978174609375 0.5399305562500001 0.3886408734375 0.544394840625 0.3730158734375 0.543898809375 0.3643353171875 0.5421626984375 0.3571428578125 0.5396825390625 0.3521825390625 0.5334821421875 0.346230159375 0.5248015875 0.34275793593750004 0.521329365625 0.33779761875 0.516369046875 0.33506944375000003 0.5039682546875001 0.3323412703125 0.49553571406249997 0.32911706406249996 0.49007936562500004 0.3323412703125 0.4858630953125 0.3320932546875 0.4796626984375 0.334325396875 0.466021825 0.328373015625 0.455605159375 0.32911706406249996 0.4476686515625 0.3373015875 0.4449404765625 0.3457341265625 0.4456845234375 0.356646825 0.44866071406249997 0.3630952375 0.45684523749999995 0.3702876984375 0.462053571875 0.37822420625
5 0.49652777812500004 0.24032738125000003 0.5012400796875001 0.2606646828125 0.49404761875 0.2695932546875 0.491071428125 0.275049603125 0.48883928593750003 0.287450396875 0.48660714218749995 0.290674603125 0.48660714218749995 0.2986111109375 0.48859127031250005 0.3107638890625 0.4908234125 0.314980159375 0.4925595234375 0.32142857187499996 0.4987599203125 0.32862103125000003 0.51884920625 0.333829365625 0.5220734125 0.33407738125 0.5334821421875 0.3320932546875 0.537450396875 0.3301091265625 0.5448908734375 0.328373015625 0.54737103125 0.32490079375 0.5510912703125 0.3239087296875 0.559027778125 0.3189484125 0.563244046875 0.3174603171875 0.5647321421875 0.311755953125 0.5644841265625 0.3020833328125 0.5602678578125 0.2790178578125 0.5550595234375 0.2676091265625 0.5481150796875001 0.259920634375 0.5419146828125 0.2554563484375 0.5404265875 0.252480159375 0.536954365625 0.22371031718749998 0.53125 0.20386904687500002 0.5272817453124999 0.19866071406250002 0.5200892859375 0.193204365625 0.5166170640625001 0.19196428593749998 0.512896825 0.19196428593749998 0.506200396875 0.1951884921875 0.5012400796875001 0.19618055625 0.4952876984375 0.20114087343749998 0.493799603125 0.20585317500000003 0.493799603125 0.2177579359375 0.4945436515625 0.224950396875 0.49578372968749995 0.22743055625 0.49652777812500004 0.24032738125000003
5 0.237847221875 0.20907738125000003 0.252480159375 0.21800595312499998 0.25892857187499996 0.21676587343749998 0.268601190625 0.2202380953125 0.2775297625 0.23189484062500001 0.28447420625 0.23685515937499999 0.28794642812500004 0.23759920625 0.2991071421875 0.234623015625 0.3005952375 0.2328869046875 0.3018353171875 0.22867063437500001 0.3053075390625 0.22842261874999997 0.30555555624999997 0.2266865078125 0.30803571406249997 0.224950396875 0.3082837296875 0.22048611093749998 0.30654761875 0.218998015625 0.3050595234375 0.2147817453125 0.299355159375 0.20510912656250002 0.29637896874999997 0.2041170640625 0.29365079375 0.2016369046875 0.2894345234375 0.193204365625 0.2889384921875 0.1889880953125 0.2904265875 0.1860119046875 0.2896825390625 0.17881944375 0.286954365625 0.174851190625 0.2854662703125 0.1696428578125 0.278769840625 0.1617063484375 0.2693452375 0.1542658734375 0.2581845234375 0.15029761875 0.2383432546875 0.15798611093749998 0.2328869046875 0.16220238125 0.22767857187499999 0.1698908734375 0.22371031718749998 0.180803571875 0.2234623015625 0.18576388906250002 0.2251984125 0.1927083328125 0.230902778125 0.2018849203125 0.237847221875 0.20907738125000003
5 0.1894841265625 0.20982142812500001 0.184771825 0.23189484062500001 0.18427579375 0.24107142812500001 0.17906746093749998 0.25892857187499996 0.17881944375 0.2676091265625 0.1835317453125 0.271825396875 0.19072420625 0.2730654765625 0.19444444375 0.2703373015625 0.196428571875 0.263144840625 0.1994047625 0.2616567453125 0.202876984375 0.25694444375000003 0.2075892859375 0.24404761874999997 0.22147817500000003 0.22619047656250002 0.2289186515625 0.20064484062500001 0.2242063484375 0.19196428593749998 0.2234623015625 0.1835317453125 0.22445436562499999 0.1733630953125 0.22371031718749998 0.1698908734375 0.20907738125000003 0.1639384921875 0.20262896874999997 0.1626984125 0.1966765875 0.15947420625 0.1939484125 0.1626984125 0.184771825 0.16220238125 0.18154761875 0.1654265875 0.1800595234375 0.169146825 0.1795634921875 0.184771825 0.18154761875 0.18923611093749998 0.1825396828125 0.1951884921875 0.1894841265625 0.2046130953125 0.1894841265625 0.20982142812500001
5 0.206101190625 0.2884424609375 0.21130952343749998 0.2894345234375 0.2175099203125 0.28819444375000003 0.228174603125 0.2916666671875 0.24107142812500001 0.2919146828125 0.2522321421875 0.2889384921875 0.2636408734375 0.283978175 0.2678571421875 0.2797619046875 0.2698412703125 0.2790178578125 0.2735615078125 0.271825396875 0.27430555624999997 0.268353175 0.2740575390625 0.255704365625 0.27157738125 0.24801587343749998 0.268601190625 0.2435515875 0.26215277812500004 0.2358630953125 0.25669642812500004 0.23189484062500001 0.2519841265625 0.2289186515625 0.2460317453125 0.22718253906250002 0.2408234125 0.22619047656250002 0.23387896874999997 0.2266865078125 0.22867063437500001 0.228174603125 0.22197420625 0.23164682499999997 0.2132936515625 0.2385912703125 0.2085813484375 0.24479166718749998 0.20486111093749998 0.2552083328125 0.2016369046875 0.259920634375 0.197420634375 0.2633928578125 0.1949404765625 0.26884920625 0.19469246093749998 0.27529761875 0.196428571875 0.2829861109375 0.20064484062500001 0.284226190625 0.206101190625 0.2884424609375
5 0.16741071406250002 0.340773809375 0.1798115078125 0.3420138890625 0.20039682499999997 0.3387896828125 0.202876984375 0.337549603125 0.20560515937499999 0.33258928593750003 0.2108134921875 0.330853175 0.21602182499999997 0.33134920625 0.2197420640625 0.3303571421875 0.22916666718749998 0.3303571421875 0.237351190625 0.32862103125000003 0.2554563484375 0.327876984375 0.259424603125 0.3258928578125 0.2616567453125 0.322420634375 0.263144840625 0.3167162703125 0.26116071406249997 0.306299603125 0.2591765875 0.303075396875 0.2487599203125 0.296875 0.2398313484375 0.2951388890625 0.23263888906250002 0.2951388890625 0.2289186515625 0.29365079375 0.22470238125000003 0.29365079375 0.22048611093749998 0.2956349203125 0.2172619046875 0.294394840625 0.2108134921875 0.294394840625 0.20560515937499999 0.2921626984375 0.1994047625 0.2864583328125 0.19097222187500001 0.28472222187499996 0.171875 0.2864583328125 0.1641865078125 0.28571428593750003 0.1614583328125 0.286954365625 0.15376984062500001 0.2948908734375 0.149553571875 0.3070436515625 0.149553571875 0.3189484125 0.15550595312499998 0.330605159375 0.1626984125 0.338045634375 0.16741071406250002 0.340773809375
5 0.140625 0.6230158734375 0.1483134921875 0.625248015625 0.1515376984375 0.634424603125 0.15525793593749998 0.6852678578125 0.1617063484375 0.6892361109375 0.1671626984375 0.68700396875 0.1760912703125 0.6852678578125 0.1820436515625 0.6822916671875 0.1852678578125 0.67782738125 0.184523809375 0.6736111109375 0.18675595312499998 0.6698908734375 0.18501984062500001 0.6443452375 0.18303571406250002 0.6319444437499999 0.1835317453125 0.6267361109375 0.18576388906250002 0.622271825 0.1875 0.6106150796875001 0.18650793593749998 0.5954861109375 0.1760912703125 0.5860615078125 0.174603175 0.5870535718750001 0.171875 0.5870535718750001 0.1696428578125 0.58407738125 0.1703869046875 0.5796130953125 0.16741071406250002 0.580605159375 0.16493055625 0.578869046875 0.1614583328125 0.580853175 0.1584821421875 0.5801091265625 0.1510416671875 0.583829365625 0.1498015875 0.5833333328125 0.14930555625 0.5882936515625 0.146825396875 0.5900297625 0.13814484062500001 0.5895337296875 0.1366567453125 0.59325396875 0.13467261875 0.5952380953125 0.13467261875 0.6029265875 0.13715277812499999 0.6106150796875001 0.13814484062500001 0.6195436515625 0.140625 0.6230158734375
5 0.190228175 0.59375 0.1917162703125 0.597222221875 0.1887400796875 0.6230158734375 0.18700396875 0.6264880953125 0.18725198437499999 0.6388888890625 0.1889880953125 0.6495535718750001 0.1914682546875 0.6540178578125 0.1951884921875 0.656001984375 0.203125 0.65674603125 0.2110615078125 0.65575396875 0.2145337296875 0.6542658734375 0.218501984375 0.63740079375 0.2229662703125 0.6264880953125 0.22470238125000003 0.61904761875 0.22371031718749998 0.6113591265625 0.22569444375 0.59970238125 0.2301587296875 0.59697420625 0.23164682499999997 0.597222221875 0.23387896874999997 0.5915178578125 0.2356150796875 0.5768849203124999 0.234623015625 0.57217261875 0.224950396875 0.561755953125 0.22371031718749998 0.5585317453124999 0.2229662703125 0.5458829359374999 0.21701388906250002 0.5414186515625 0.20833333281250002 0.541170634375 0.196924603125 0.544146825 0.19345238125 0.546626984375 0.18725198437499999 0.5486111109375 0.1820436515625 0.556299603125 0.1793154765625 0.5679563484375 0.1793154765625 0.575396825 0.18501984062500001 0.5915178578125 0.190228175 0.59375
5 0.23611111093749998 0.5716765875 0.237847221875 0.575396825 0.2358630953125 0.5957341265625 0.2408234125 0.603670634375 0.24330357187499999 0.6051587296875 0.246527778125 0.6054067453124999 0.268353175 0.58779761875 0.2678571421875 0.5833333328125 0.2720734125 0.572420634375 0.2824900796875 0.5679563484375 0.28571428593750003 0.5642361109375 0.287450396875 0.55282738125 0.287450396875 0.5451388890625 0.2849702375 0.52529761875 0.2829861109375 0.5220734125 0.2765376984375 0.5178571421875 0.2698412703125 0.515625 0.24107142812500001 0.514880953125 0.234126984375 0.5168650796875001 0.2296626984375 0.521329365625 0.22544642812500001 0.528273809375 0.22470238125000003 0.5334821421875 0.22445436562499999 0.550347221875 0.22619047656250002 0.5605158734375 0.2289186515625 0.5647321421875 0.23611111093749998 0.5716765875
5 0.16319444375 0.7433035718750001 0.1641865078125 0.7457837296875 0.1639384921875 0.7490079359374999 0.161954365625 0.7517361109375 0.16344246093749998 0.75595238125 0.1614583328125 0.7638888890625 0.1614583328125 0.775545634375 0.16319444375 0.7790178578125 0.16741071406250002 0.78174603125 0.1800595234375 0.783730159375 0.18700396875 0.7797619046875 0.190476190625 0.77529761875 0.193204365625 0.768353175 0.1949404765625 0.766369046875 0.1994047625 0.747023809375 0.21130952343749998 0.7331349203124999 0.21354166718749998 0.72470238125 0.2142857140625 0.7100694437499999 0.21354166718749998 0.705605159375 0.209325396875 0.6951884921875 0.2053571421875 0.690476190625 0.1991567453125 0.6862599203124999 0.18501984062500001 0.6827876984375 0.1666666671875 0.6884920640625001 0.1602182546875 0.6946924609375 0.1574900796875 0.700148809375 0.1542658734375 0.70362103125 0.1525297625 0.712549603125 0.1515376984375 0.721478175 0.1540178578125 0.7326388890625 0.158978175 0.7408234125 0.16319444375 0.7433035718750001
5 0.12822420625 0.5448908734375 0.1329365078125 0.5488591265625 0.1351686515625 0.5520833328125 0.1426091265625 0.5540674609375 0.14756944375 0.5577876984375 0.1609623015625 0.561755953125 0.16865079375 0.5610119046875 0.1760912703125 0.5572916671875 0.1798115078125 0.5538194437499999 0.1825396828125 0.5491071421875 0.18675595312499998 0.5453869046875 0.1889880953125 0.540674603125 0.18998015937499999 0.5302579359374999 0.18849206406250002 0.525545634375 0.18849206406250002 0.5168650796875001 0.18998015937499999 0.5104166671875 0.1939484125 0.5009920640625001 0.19618055625 0.49801587343750003 0.1951884921875 0.4950396828125 0.2008928578125 0.4861111109375 0.2008928578125 0.48040674531249994 0.202876984375 0.478174603125 0.20560515937499999 0.4779265875 0.20882936562499999 0.474950396875 0.21130952343749998 0.47569444375 0.21205357187499999 0.47445436562500004 0.21130952343749998 0.471230159375 0.206597221875 0.46279761875 0.2016369046875 0.45882936562500004 0.1966765875 0.45659722187499996 0.18774801562500001 0.45734127031250005 0.1862599203125 0.4583333328125 0.1822916671875 0.4640376984375 0.17906746093749998 0.46651785781250005 0.178075396875 0.471726190625 0.1738591265625 0.47842261875 0.1669146828125 0.48660714218749995 0.161954365625 0.4952876984375 0.1542658734375 0.505704365625 0.14930555625 0.5084325390625 0.1393849203125 0.50967261875 0.13814484062500001 0.512896825 0.1354166671875 0.5133928578125 0.13095238125 0.5173611109375 0.12946428593749998 0.5210813484375 0.125 0.5267857140625 0.125 0.5399305562500001 0.12673611093749998 0.5404265875 0.12822420625 0.5448908734375
5 0.13988095312499998 0.502976190625 0.146825396875 0.497519840625 0.1525297625 0.4945436515625 0.1577380953125 0.4895833328125 0.1614583328125 0.48784722187499996 0.1698908734375 0.4796626984375 0.1765873015625 0.47098214218749995 0.17881944375 0.46651785781250005 0.1765873015625 0.46155753906249997 0.17013888906250002 0.455853175 0.1614583328125 0.453373015625 0.13814484062500001 0.471726190625 0.127728175 0.47842261875 0.12673611093749998 0.48090277812500004 0.125 0.481398809375 0.125 0.5141369046875 0.1292162703125 0.51512896875 0.13988095312499998 0.502976190625
5 0.1448412703125 0.4422123015625 0.14756944375 0.4439484125 0.1520337296875 0.4456845234375 0.1602182546875 0.4513888890625 0.1671626984375 0.452876984375 0.1758432546875 0.45758928593750003 0.181299603125 0.45510912656249997 0.1832837296875 0.4516369046875 0.18501984062500001 0.450644840625 0.18774801562500001 0.452876984375 0.1939484125 0.45386904687499996 0.2043650796875 0.4580853171875 0.2140376984375 0.4635416671875 0.2199900796875 0.4637896828125 0.22445436562499999 0.46155753906249997 0.23164682499999997 0.45386904687499996 0.2366071421875 0.4513888890625 0.243799603125 0.443700396875 0.2390873015625 0.4387400796875 0.2321428578125 0.4365079359375 0.2150297625 0.424851190625 0.21155753906250002 0.41840277812500004 0.2095734125 0.41195436562500004 0.20808531718749998 0.41046627031250005 0.193700396875 0.403273809375 0.1832837296875 0.396825396875 0.1765873015625 0.3945932546875 0.1666666671875 0.39508928593750003 0.1582341265625 0.3985615078125 0.1443452375 0.4079861109375 0.1443452375 0.410631696875 0.14236111093749998 0.4154265875 0.14161706406250002 0.42584325468750006 0.1391369046875 0.4357638890625 0.143353175 0.4392361109375 0.1448412703125 0.4422123015625
5 0.3229166671875 0.325148809375 0.32465277812500004 0.3298611109375 0.328373015625 0.334325396875 0.3261408734375 0.3417658734375 0.32465277812500004 0.34275793593750004 0.3226686515625 0.3422619046875 0.3216765875 0.343501984375 0.3209325390625 0.34970238125 0.31845238125 0.35342261875 0.3164682546875 0.3613591265625 0.334325396875 0.4052579359375 0.34052579375 0.4007936515625 0.34275793593750004 0.396329365625 0.3425099203125 0.3937251984375 0.34366741093750003 0.3909556046875 0.346230159375 0.3886408734375 0.3489583328125 0.3834325390625 0.3529265875 0.3665674609375 0.3578869046875 0.35590277812500004 0.35838293593750004 0.349454365625 0.3606150796875 0.3425099203125 0.36631944375000003 0.3390376984375 0.3732638890625 0.33779761875 0.38392857187499996 0.3258928578125 0.3891369046875 0.3102678578125 0.390376984375 0.302579365625 0.3893849203125 0.2986111109375 0.3854166671875 0.2948908734375 0.38095238125 0.291170634375 0.3732638890625 0.286954365625 0.36830357187499996 0.2859623015625 0.361855159375 0.2829861109375 0.3546626984375 0.28224206406249996 0.346478175 0.2790178578125 0.340773809375 0.27802579375 0.328125 0.278273809375 0.3263888890625 0.2792658734375 0.322420634375 0.284226190625 0.3177083328125 0.2983630953125 0.31597222187499996 0.3105158734375 0.3164682546875 0.3144841265625 0.31919642812500004 0.32217261875 0.3229166671875 0.325148809375
5 0.28819444375000003 0.509920634375 0.2891865078125 0.5208333328125 0.2919146828125 0.528769840625 0.2921626984375 0.533730159375 0.2953869046875 0.544394840625 0.2956349203125 0.5515873015625 0.29737103125000003 0.55654761875 0.297123015625 0.5610119046875 0.2929067453125 0.5644841265625 0.2921626984375 0.57217261875 0.2919146828125 0.5801091265625 0.294146825 0.5917658734375 0.30009920625 0.6011904765625 0.3040674609375 0.60342261875 0.3082837296875 0.6039186515625 0.3174603171875 0.603670634375 0.321924603125 0.6019345234375 0.3345734125 0.6001984125 0.343501984375 0.5977182546875001 0.3477182546875 0.5954861109375 0.35243055624999997 0.591269840625 0.35342261875 0.588045634375 0.3521825390625 0.5801091265625 0.34970238125 0.5736607140625 0.349950396875 0.552579365625 0.3353174609375 0.49652777812500004 0.3318452375 0.4858630953125 0.32911706406249996 0.48239087343750003 0.327876984375 0.47842261875 0.3226686515625 0.475446428125 0.3102678578125 0.4761904765625 0.303075396875 0.47842261875 0.28720238125 0.48065476250000005 0.2832341265625 0.4828869046875 0.2829861109375 0.4861111109375 0.2862103171875 0.497271825 0.2859623015625 0.5022321421875 0.28819444375000003 0.509920634375
5 0.2698412703125 0.48511904687499996 0.28447420625 0.4833829359375 0.297619046875 0.47991071406249997 0.30580357187499996 0.4789186515625 0.3177083328125 0.4761904765625 0.3201884921875 0.47445436562500004 0.3196924609375 0.46651785781250005 0.315228175 0.45684523749999995 0.31299603125000003 0.440228175 0.29017857187499996 0.44122023749999995 0.27008928593750003 0.44469246093750003 0.2638888890625 0.4476686515625 0.26116071406249997 0.4516369046875 0.2609126984375 0.455853175 0.2633928578125 0.47073412656249997 0.2673611109375 0.47594246093750003 0.2698412703125 0.48511904687499996
5 0.41231249999999997 0.5267569437499999 0.40063244062500003 0.4921334328125 0.3902036203125 0.4929677578125 0.38478050625 0.478367559375 0.38102628906249997 0.4541728671875 0.3877006453125 0.4470813484375 0.38478050625 0.43832118124999997 0.3718489578125 0.4199665171875 0.364757440625 0.415377728125 0.34890575468749996 0.414543403125 0.3309682546875 0.4287266859375 0.3155334828125 0.441658234375 0.3151165671875 0.45041840312500003 0.3184536203125 0.4570927578125 0.3238767359375 0.4666872515625 0.3322197421875 0.48087053593749995 0.338894096875 0.4817048609375 0.348071428125 0.48149627968750003 0.38436334375 0.5363514390625 0.3981294640625 0.541774553125 0.40814112031249994 0.5355171125 0.41231249999999997 0.5267569437499999
5 0.35099131875 0.567220734375 0.35099131875 0.5726436015624999 0.365174603125 0.6051813 0.3776889875 0.6081014390624999 0.399380953125 0.6035126484375 0.4118953375 0.59767261875 0.42274131875 0.5834895828125 0.42190699374999996 0.5747294140625 0.40396949375 0.540940228125 0.38895213281249996 0.541357390625 0.355580109375 0.49255059531249995 0.35015699375 0.4900478671875 0.33972842187499996 0.495470734375 0.3409796625 0.5079853671875 0.359334325 0.56054613125 0.35099131875 0.567220734375
5 0.24881969218750002 0.5115230656249999 0.2657552078125 0.5111773312500001 0.275087053125 0.50080853125 0.275087053125 0.48629241093750003 0.26644642812499997 0.4845642359375 0.264027034375 0.4779975203125 0.2622991078125 0.46659176562500004 0.2605709328125 0.45069320468749996 0.257805803125 0.448273809375 0.255040921875 0.44654563437499994 0.2436354171875 0.44585441406250004 0.22808234062500002 0.4603705359375 0.21702232187499998 0.4703938484375 0.21633110156250002 0.48663814531250005 0.2004322921875 0.49700669687500004 0.1942110609375 0.5135967265625 0.199741071875 0.52845858125 0.20803596249999998 0.5332973703125 0.2346490578125 0.5160161203125 0.234303571875 0.509794890625 0.239487846875 0.509794890625 0.24881969218750002 0.5115230656249999
5 0.3174794140625 0.32557539687500003 0.3239791671875 0.3285297625 0.3266381453125 0.33000694375 0.3233883921875 0.32291641875 0.3180704359375 0.31789409687500003 0.315116071875 0.3113943453125 0.31009350156250004 0.3099171625 0.30182118125 0.3134623015625 0.2885262890625 0.3190756453125 0.2849811515625 0.3279389875 0.282322171875 0.3394610609375 0.28350396875 0.352460565625 0.29000347187500003 0.354528521875 0.295616815625 0.35393774843750003 0.29827579375 0.33384771875 0.3000486109375 0.3294161703125 0.306548115625 0.3249846234375 0.3174794140625 0.32557539687500003
5 0.309798115625 0.38052728125 0.3160022328125 0.391754215625 0.31954761875000004 0.40002653749999995 0.321615575 0.4109578375 0.3204337796875 0.4121396328125 0.3130478671875 0.40002653749999995 0.306252728125 0.38820882968750003 0.30182118125 0.3834818953125 0.2941396328125 0.38643625937500004 0.2944352671875 0.393822171875 0.3027075890625 0.40593526718749995 0.3127524796875 0.4195255453125 0.3201383921875 0.4254342765625 0.3284107140625 0.4257299109375 0.33372867031250003 0.4221845234375 0.33491046562500004 0.41273040625 0.331365328125 0.39854935468749997 0.3266381453125 0.38466344218750004 0.3201383921875 0.3698916171875 0.31009350156250004 0.358073909375 0.3021165671875 0.352460565625 0.2970939984375 0.35393774843750003 0.2941396328125 0.357483134375 0.2938442453125 0.3601421125 0.2949521328125 0.36449975156250003 0.298866815625 0.370482390625 0.3038891375 0.3701870046875 0.306548115625 0.376095734375 0.309798115625 0.38052728125
5 0.17380853125 0.168015625 0.1795290171875 0.156759425 0.184326884375 0.15233060468749998 0.1915235609375 0.15122346250000002 0.19244618125 0.15214608125 0.195398809375 0.1604499015625 0.2061014390625 0.1628489578125 0.2055478671875 0.15436036718749999 0.2022264390625 0.148086309375 0.2005654765625 0.1421813 0.1957678578125 0.1381217765625 0.19004737031250002 0.13572271875 0.1802671125 0.1359072421875 0.17196329375 0.1414432046875 0.1667963796875 0.150116071875 0.16015327343750002 0.16321800625 0.159415178125 0.1759506453125 0.17067137968749999 0.17964112031249999 0.1717787703125 0.177611359375 0.172332340625 0.1733670640625 0.17380853125 0.168015625
5 0.15904613125 0.18868328437499998 0.16292113125000002 0.1927428078125 0.169748759375 0.19643353125000002 0.179898065625 0.1977251984375 0.18008258906250002 0.1918201890625 0.1797135421875 0.1838854171875 0.1769454359375 0.1838854171875 0.1715942453125 0.1827782734375 0.1631979171875 0.17659647812499998 0.1618139875 0.1787185015625 0.15646255 0.184992559375 0.15904613125 0.18868328437499998
5 0.1422951390625 0.6434357640624999 0.15094270781250002 0.6398325890625001 0.1480602671875 0.6279422125 0.136169890625 0.623618303125 0.132566715625 0.5915500984375 0.146619046875 0.5875865578125 0.15382539687500002 0.57569618125 0.15490625 0.5663278765624999 0.1495014875 0.559121528125 0.125 0.5447088296875 0.125 0.6250595234375 0.13184598281249998 0.6452373515625001 0.1422951390625 0.6434357640624999
5 0.1422951390625 0.4538189484375 0.1458983140625 0.4520173609375 0.141574653125 0.44733333281250004 0.13905233125 0.4462524796875 0.1347286703125 0.44300942499999996 0.127882440625 0.43580307500000004 0.127522321875 0.42211111093750003 0.1340079359375 0.4091396328125 0.14085391875 0.4073380453125 0.145537946875 0.4113015875 0.1480602671875 0.4022936515625 0.14769990156249999 0.39724925624999996 0.13941269843749998 0.394366815625 0.1322063484375 0.39580803593749997 0.125 0.401933284375 0.125 0.4545396828125 0.1340079359375 0.4556205359375 0.1422951390625 0.4538189484375
5 0.727578125 0.266039434375 0.735511409375 0.25197569375 0.7398387890625 0.236830109375 0.7373144843749999 0.22276636875000003 0.7304630453125001 0.213030009375 0.723611359375 0.20689955312500002 0.7178415171875 0.20257217187499998 0.7109900796875 0.200769096875 0.6969263390625 0.1996875 0.689353421875 0.20040848281249998 0.6796170640625 0.20257217187499998 0.6637502484375 0.21158755 0.655095734375 0.22096329374999998 0.6507683531249999 0.234305803125 0.6468015874999999 0.2508938484375 0.648244046875 0.26207266875 0.65473511875 0.2757760421875 0.6590622515625 0.281545634375 0.6698807046875 0.288397321875 0.686108134375 0.288397321875 0.6814201390625 0.2710880453125 0.6709625499999999 0.2645969734375 0.6680776296875 0.26135168593749997 0.6641108625000001 0.24800892812500003 0.6641108625000001 0.24151810468749998 0.6709625499999999 0.22781497968750003 0.67853521875 0.221323909375 0.6925989578125 0.2166359125 0.703056546875 0.216275296875 0.7088263890625 0.21916021875 0.7145962296875 0.22493005937500002 0.719283978125 0.23069990156250003 0.7207264390625 0.2379119546875 0.715678075 0.254139384375 0.7091870046875 0.2577455359375 0.6990900296875 0.2635151296875 0.6886321921875 0.2671212796875 0.6853869046875001 0.2667606640625 0.6826822921875 0.2680228171875 0.686829365625 0.2865942453125 0.7026959328125 0.2833487109375 0.7178415171875 0.2732517359375 0.727578125 0.266039434375
5 0.201763640625 0.7535364578125 0.20141542656250003 0.766765625 0.20454861093750001 0.7775577874999999 0.211511409375 0.7890463796875 0.223347965625 0.7974015375 0.23483630937500002 0.8026235125 0.24423611093750003 0.799490328125 0.2525912703125 0.7914831343750001 0.259205853125 0.778950396875 0.25955381875 0.766417659375 0.25885763906250003 0.7577142859375 0.2581614578125 0.75144766875 0.2550280265625 0.7441369046874999 0.2424952875 0.73195238125 0.2334439484375 0.7295153765625 0.218822171875 0.73369295625 0.2167333828125 0.738566715625 0.2212591765625 0.746573909375 0.2282217265625 0.7437889390625 0.23100694375000003 0.7451812999999999 0.23553273749999998 0.746573909375 0.2417991078125 0.7524920640625 0.2435396828125 0.7570178578125 0.244584078125 0.766417659375 0.244584078125 0.7719875984375 0.24214707343750003 0.7813874015625 0.23483630937500002 0.785912946875 0.22961433593749997 0.785216765625 0.22195535781250003 0.779646578125 0.217081596875 0.7747728171875 0.2156889875 0.768158234375 0.2153407734375 0.7570178578125 0.218822171875 0.74970709375 0.2127299109375 0.7394372515625001 0.208030009375 0.7434407234375 0.204896825 0.7441369046874999 0.201763640625 0.7535364578125