1 0.146825396875 0.581101190625 0.150049603125 0.580853175 0.1550099203125 0.583829365625 0.17088293593749998 0.5873015875 0.17782738125 0.591269840625 0.1798115078125 0.593998015625 0.18725198437499999 0.599454365625 0.218998015625 0.6113591265625 0.22544642812500001 0.615079365625 0.2435515875 0.6227678578125 0.2522321421875 0.6237599203124999 0.2542162703125 0.625744046875 0.26215277812500004 0.628472221875 0.266369046875 0.6316964281249999 0.2790178578125 0.637648809375 0.358630953125 0.6701388890625 0.560019840625 0.7552083328125 0.5977182546875001 0.7698412703125 0.599950396875 0.769097221875 0.6019345234375 0.765873015625 0.6106150796875001 0.740079365625 0.612103175 0.7331349203124999 0.611855159375 0.72842261875 0.59970238125 0.7237103171875 0.5833333328125 0.715773809375 0.578373015625 0.7123015875 0.5553075390625 0.7021329359374999 0.4605654765625 0.6545138890625 0.4484126984375 0.6498015875 0.424603175 0.637896825 0.41344246093750003 0.6341765875 0.3988095234375 0.6264880953125 0.3789682546875 0.6183035718750001 0.3576388890625 0.6076388890625 0.3365575390625 0.5984623015625 0.32862103125000003 0.593501984375 0.3231646828125 0.5922619046875 0.30654761875 0.583829365625 0.2834821421875 0.5741567453124999 0.28174603125000003 0.571924603125 0.2757936515625 0.56845238125 0.271329365625 0.5672123015625 0.2606646828125 0.5612599203124999 0.2542162703125 0.559523809375 0.25 0.55654761875 0.24007936562499999 0.5518353171875 0.23685515937499999 0.5513392859375 0.2251984125 0.5448908734375 0.21825396874999997 0.5431547625 0.2172619046875 0.54092261875 0.1703869046875 0.5171130953125 0.1609623015625 0.514880953125 0.1498015875 0.5203373015625 0.1480654765625 0.5260416671875 0.13467261875 0.5424107140625 0.1314484125 0.5523313484375 0.1331845234375 0.5540674609375 0.1331845234375 0.5555555562500001 0.1292162703125 0.5585317453124999 0.1297123015625 0.57217261875 0.1324404765625 0.5761408734375 0.1369047625 0.5763888890625 0.146825396875 0.581101190625
1 0.2564484125 0.39657738125 0.2581845234375 0.40252976250000005 0.26463293593750004 0.40625 0.2705853171875 0.41195436562500004 0.2762896828125 0.41468253906249997 0.28224206406249996 0.41989087343750003 0.3373015875 0.45758928593750003 0.343998015625 0.46031746093750003 0.3509424609375 0.46651785781250005 0.3772321421875 0.4826388890625 0.38392857187499996 0.48487103125 0.3893849203125 0.4853670640625 0.39756944375000003 0.484126984375 0.3998015875 0.486855159375 0.406498015625 0.4908234125 0.41344246093750003 0.49652777812500004 0.42113095312500004 0.500248015625 0.424851190625 0.5039682546875001 0.4362599203125 0.5119047625 0.4454365078125 0.5168650796875001 0.44890872968749995 0.5205853171875 0.45734127031250005 0.5260416671875 0.46006944375 0.5292658734375 0.4637896828125 0.5297619046875 0.468501984375 0.5322420640625001 0.47222222187499996 0.536954365625 0.48040674531249994 0.5419146828125 0.4831349203125 0.5451388890625 0.48809523749999995 0.546626984375 0.4952876984375 0.553075396875 0.50595238125 0.5605158734375 0.5114087296875 0.562251984375 0.5178571421875 0.568204365625 0.5225694437499999 0.5706845234375 0.5292658734375 0.5763888890625 0.5414186515625 0.5820932546875001 0.5426587296875 0.58407738125 0.5513392859375 0.5870535718750001 0.5570436515625 0.5855654765625 0.5625 0.5793650796875001 0.5634920640625001 0.5761408734375 0.562748015625 0.5711805562500001 0.5572916671875 0.5662202375 0.547619046875 0.559771825 0.5451388890625 0.5555555562500001 0.52529761875 0.5431547625 0.5223214281249999 0.5399305562500001 0.503472221875 0.5270337296875 0.48660714218749995 0.513144840625 0.46651785781250005 0.5 0.46006944375 0.49404761875 0.4481646828125 0.48660714218749995 0.43973214218749995 0.4791666671875 0.42534722187499996 0.4702380953125 0.4169146828125 0.46279761875 0.412946428125 0.4613095234375 0.41195436562500004 0.45882936562500004 0.412450396875 0.450644840625 0.41071428593750003 0.44593253906249997 0.40823412656249997 0.44320436562500004 0.287450396875 0.3509424609375 0.2797619046875 0.35069444375000003 0.2668650796875 0.35342261875 0.2616567453125 0.3573908734375 0.2537202375 0.3712797625 0.2512400796875 0.37400793593750004 0.24925595312499998 0.37450396874999997 0.2477678578125 0.3767361109375 0.24801587343749998 0.3821924609375 0.252976190625 0.3856646828125 0.25694444375000003 0.393105159375 0.2564484125 0.39657738125
1 0.5540674609375 0.47222222187499996 0.5572916671875 0.47569444375 0.559771825 0.48214285781250005 0.562748015625 0.48511904687499996 0.575644840625 0.505704365625 0.5793650796875001 0.509424603125 0.5863095234375 0.5238095234375 0.59325396875 0.53174603125 0.5954861109375 0.5367063484375 0.6016865078125 0.5429067453124999 0.609375 0.55654761875 0.60987103125 0.560019840625 0.6133432546875001 0.5639880953125 0.61259920625 0.56845238125 0.615575396875 0.57490079375 0.6165674609375 0.574652778125 0.6185515875 0.57762896875 0.6170634921875 0.5796130953125 0.6183035718750001 0.5835813484375 0.622271825 0.587549603125 0.6240079359374999 0.5915178578125 0.627728175 0.594494046875 0.6299603171875 0.59970238125 0.6339285718750001 0.603670634375 0.6356646828125 0.6073908734375 0.6418650796875001 0.6148313484375 0.6473214281249999 0.6185515875 0.6507936515625 0.622519840625 0.653521825 0.63095238125 0.662450396875 0.63467261875 0.6708829359374999 0.6359126984375 0.6827876984375 0.6423611109375 0.6862599203124999 0.6423611109375 0.6887400796875001 0.64384920625 0.689980159375 0.643353175 0.693204365625 0.639880953125 0.6964285718750001 0.631200396875 0.6961805562500001 0.6294642859375 0.690476190625 0.622023809375 0.6798115078125 0.603670634375 0.6763392859375 0.59970238125 0.674851190625 0.5954861109375 0.6540178578125 0.5644841265625 0.64657738125 0.5558035718750001 0.6445932546875001 0.550347221875 0.643105159375 0.5486111109375 0.6388888890625 0.547123015625 0.6361607140625 0.5478670640625001 0.6324404765625 0.546626984375 0.6289682546875001 0.5426587296875 0.6160714281249999 0.521329365625 0.5979662703125 0.49677579375 0.5927579359374999 0.4861111109375 0.5818452375 0.4697420640625 0.5716765875 0.4580853171875 0.568700396875 0.4513888890625 0.562748015625 0.4456845234375 0.5334821421875 0.42906746093750003 0.5302579359374999 0.4293154765625 0.5292658734375 0.43055555625 0.5302579359374999 0.43526785781250005 0.5352182546875001 0.44444444375 0.5451388890625 0.4578373015625 0.5540674609375 0.47222222187499996
1 0.4947916671875 0.3360615078125 0.4925595234375 0.337549603125 0.4898313484375 0.33680555624999997 0.4890873015625 0.337549603125 0.4893353171875 0.34027777812500004 0.4826388890625 0.3529265875 0.48784722187499996 0.3551587296875 0.4925595234375 0.359126984375 0.5302579359374999 0.3640873015625 0.5669642859375 0.365575396875 0.5791170640625001 0.3670634921875 0.6329365078125 0.3695436515625 0.659722221875 0.3700396828125 0.66865079375 0.3678075390625 0.6738591265625 0.369295634375 0.6810515875 0.369295634375 0.6857638890625 0.3678075390625 0.6919642859375 0.3635912703125 0.7008928578125 0.35069444375000003 0.7043650796875001 0.3420138890625 0.70634920625 0.3206845234375 0.703373015625 0.3070436515625 0.6976686515625 0.2988591265625 0.6917162703125 0.294146825 0.656498015625 0.2864583328125 0.6393849203124999 0.2867063484375 0.5865575390625 0.280505953125 0.568204365625 0.28025793593750004 0.5456349203124999 0.2772817453125 0.5245535718750001 0.2757936515625 0.5225694437499999 0.2762896828125 0.5101686515625 0.2859623015625 0.5014880953125 0.2951388890625 0.49925595312500004 0.30009920625 0.4987599203125 0.3189484125 0.49627976250000005 0.3261408734375 0.49627976250000005 0.33159722187499996 0.4947916671875 0.3360615078125
1 0.2929067453125 0.1383928578125 0.296130953125 0.14012896875 0.3077876984375 0.1542658734375 0.312748015625 0.15625 0.3139880953125 0.15798611093749998 0.3139880953125 0.161954365625 0.321924603125 0.1654265875 0.325148809375 0.17013888906250002 0.3293650796875 0.17237103125 0.3320932546875 0.17633928593749998 0.3395337296875 0.1798115078125 0.341021825 0.181795634375 0.3417658734375 0.1855158734375 0.3459821421875 0.18675595312499998 0.3492063484375 0.1912202375 0.35590277812500004 0.196428571875 0.358630953125 0.2008928578125 0.3797123015625 0.22073412656250002 0.390376984375 0.23263888906250002 0.4112103171875 0.2522321421875 0.421626984375 0.2636408734375 0.42534722187499996 0.26612103125000003 0.437251984375 0.2792658734375 0.4392361109375 0.2800099203125 0.450148809375 0.29017857187499996 0.46006944375 0.30282738125 0.46279761875 0.3043154765625 0.4742063484375 0.31696428593750003 0.4779265875 0.3189484125 0.486855159375 0.31349206406249996 0.4935515875 0.3077876984375 0.497023809375 0.30381944375000003 0.4987599203125 0.29786706406249996 0.5044642859375 0.2931547625 0.5084325390625 0.28720238125 0.5233134921875 0.27232142812500004 0.52802579375 0.2638888890625 0.5272817453124999 0.2601686515625 0.5240575390625 0.255704365625 0.47594246093750003 0.206597221875 0.4739583328125 0.20362103125000003 0.46502976250000005 0.1954365078125 0.453373015625 0.181795634375 0.44146825468750006 0.1696428578125 0.43245709374999997 0.1623678078125 0.428571428125 0.15724206406250002 0.41865079375 0.1480654765625 0.4164186515625 0.1443452375 0.33407738125 0.0605158734375 0.33134920625 0.059523809375 0.325644840625 0.0607638890625 0.296130953125 0.07936507968749999 0.290674603125 0.08407738125 0.2889384921875 0.08779761875 0.2859623015625 0.10391865156249999 0.284226190625 0.1073908734375 0.283978175 0.115575396875 0.28819444375000003 0.1230158734375 0.2904265875 0.1341765875 0.2929067453125 0.1383928578125
1 0.70634920625 0.6520337296875 0.7123015875 0.6525297625 0.71825396875 0.6478174609375 0.72197420625 0.6423611109375 0.7291666671875 0.630704365625 0.7445436515625 0.6014384921875 0.75049603125 0.5959821421875 0.7539682546875001 0.591269840625 0.768601190625 0.56845238125 0.7710813484375 0.5642361109375 0.7698412703125 0.5602678578125 0.7586805562500001 0.5560515875 0.756200396875 0.553075396875 0.752976190625 0.5558035718750001 0.7385912703125 0.5758928578125 0.733630953125 0.5848214281249999 0.71875 0.606894840625 0.7150297625 0.6106150796875001 0.709325396875 0.6205357140625 0.703869046875 0.6267361109375 0.6964285718750001 0.6386408734375 0.6984126984375 0.646329365625 0.700148809375 0.6485615078125 0.70634920625 0.6520337296875
1 0.78075396875 0.5329861109375 0.7857142859375 0.534226190625 0.793402778125 0.5290178578125 0.809027778125 0.5037202375 0.812748015625 0.4952876984375 0.811755953125 0.49007936562500004 0.809027778125 0.48809523749999995 0.80282738125 0.48759920625 0.7921626984375 0.5042162703125 0.7876984125 0.5084325390625 0.78447420625 0.50967261875 0.781001984375 0.5138888890625 0.7733134921875 0.52529761875 0.7765376984375 0.528521825 0.77802579375 0.528521825 0.78075396875 0.5329861109375
1 0.849867559375 0.601524553125 0.8627929062499999 0.5960959828125 0.8627929062499999 0.5953206843750001 0.8651192953125 0.5891165671875 0.8648608624999999 0.583429315625 0.8627929062499999 0.579293403125 0.8612418156249999 0.5795518359375 0.6192814984375 0.438423859375 0.1257755453125 0.14450396875 0.126033978125 0.19982415625 0.44296056562499997 0.3774166671875 0.6738311015625 0.5056349203125 0.849867559375 0.601524553125
1 0.6164201390625 0.14633506875 0.6140255453125001 0.14739930625 0.6060436515625 0.150326140625 0.5964652781249999 0.15564732187500002 0.5786388890625 0.162298859375 0.5682624015625 0.168418403125 0.6095024796875 0.28176165625 0.6597884421875 0.2873489578125 0.6164201390625 0.14633506875
1 0.7158678078125 0.4866130953125 0.683914434375 0.3707140375 0.6776862593749999 0.3709848703125 0.66198040625 0.3709848703125 0.6324640375 0.37017261874999996 0.6579184031249999 0.458721478125 0.7164094734375 0.493112103125 0.7158678078125 0.4866130953125
1 0.732115328125 0.5388759921874999 0.6733536703125 0.505568453125 0.70801488125 0.618759425 0.7410515875 0.57055853125 0.732115328125 0.5388759921874999
1 0.7721927078124999 0.6769796625 0.7497170140625 0.6000749015625 0.719658978125 0.646109375 0.7245332343750001 0.65802430625 0.7721927078124999 0.6769796625
1 0.7594655265625 0.7481979171875001 0.7662351187499999 0.7490104171875 0.7749005453125 0.7468439984375 0.7816703875 0.743053075 0.7906063984375 0.73817881875 0.7786917156250001 0.6994553578125 0.729407490625 0.6832078375 0.745655009375 0.7406158234375 0.749175346875 0.7441361609375 0.7594655265625 0.7481979171875001
2 0.7512075890625 0.5141703875 0.765545634375 0.5138370531249999 0.781884425 0.5088353171875 0.7922212296875 0.50049925625 0.8008906250000001 0.4918296125 0.80122420625 0.48416046562500004 0.8048921124999999 0.37145634843750003 0.7982232140625001 0.3604528765625 0.7858856640624999 0.3544508921875 0.781217509375 0.353450396875 0.7702137890625 0.3531170640625 0.7608774796875 0.3524501484375 0.7448720234375 0.35478422656249997 0.7392036203125001 0.358785465625 0.7335349703125 0.3661212796875 0.7302006453125001 0.37345709375 0.716529265625 0.4851607140625 0.7175297625 0.49316344218749997 0.720197171875 0.4951641859375 0.7512075890625 0.5141703875
2 0.654700396875 0.65648363125 0.874751984375 0.7317083328125 0.874751984375 0.7166634421875 0.76430381875 0.674633184375 0.5488797125 0.59418353125 0.2821359125 0.4957658734375 0.1252388390625 0.43797420625 0.125 0.47379538749999994 0.20431770781249997 0.5005419140625 0.654700396875 0.65648363125