1 0.3373015875 0.8457341265625 0.3417658734375 0.849950396875 0.346726190625 0.8521825390625001 0.3516865078125 0.855902778125 0.369295634375 0.862351190625 0.377976190625 0.8633432546875 0.38368055624999997 0.865079365625 0.38740079375 0.8648313484375001 0.389880953125 0.8660714281249999 0.41220238125 0.8678075390625001 0.428075396875 0.8670634921874999 0.4456845234375 0.8611111109375 0.44742063437499996 0.8571428578125 0.4521329359375 0.853670634375 0.45709325468750006 0.84697420625 0.46502976250000005 0.8147321421875 0.46676587343750003 0.8033234125 0.4675099203125 0.7824900796875001 0.46304563437499996 0.77529761875 0.46006944375 0.77529761875 0.45659722187499996 0.781994046875 0.45089285781250005 0.787450396875 0.43154761875 0.7889384921875 0.40699404687499996 0.787450396875 0.393353175 0.784722221875 0.3814484125 0.780505953125 0.37549603125000003 0.7795138890625 0.3727678578125 0.77802579375 0.3695436515625 0.7730654765625 0.36631944375000003 0.771329365625 0.3643353171875 0.7676091265625 0.36036706406249996 0.765873015625 0.3576388890625 0.762152778125 0.35491071406249997 0.7616567453124999 0.3529265875 0.7641369046875 0.35069444375000003 0.7643849203124999 0.3479662703125 0.7633928578125 0.346230159375 0.7604166671875 0.34027777812500004 0.7676091265625 0.33705357187499996 0.7745535718750001 0.32862103125000003 0.81845238125 0.32862103125000003 0.8234126984374999 0.3333333328125 0.83134920625 0.33407738125 0.83779761875 0.3373015875 0.8457341265625
1 0.212549603125 0.937748015625 0.21155753906250002 0.943700396875 0.2085813484375 0.950644840625 0.2053571421875 0.950148809375 0.202876984375 0.9508928578125 0.20138888906250002 0.9543650796875 0.2018849203125 0.9568452375 0.20386904687500002 0.959325396875 0.2078373015625 0.9615575390625001 0.21130952343749998 0.9667658734375 0.2147817453125 0.96875 0.2328869046875 0.9861111109375 0.24107142812500001 0.9962797625 0.2460317453125 0.999751984375 0.3206845234375 0.999751984375 0.33482142812500004 0.98387896875 0.34375 0.968501984375 0.3539186515625 0.955605159375 0.356646825 0.9419642859374999 0.35590277812500004 0.9397321421875 0.3509424609375 0.9362599203125 0.3417658734375 0.9126984125 0.338045634375 0.9066220234375001 0.33482142812500004 0.8802083328125001 0.3244047625 0.8670634921874999 0.3105158734375 0.8529265875 0.3077876984375 0.8514384921874999 0.30381944375000003 0.8504464281249999 0.29017857187499996 0.849950396875 0.287450396875 0.8521825390625001 0.283730159375 0.85342261875 0.28125 0.8573908734375 0.27455357187499996 0.8573908734375 0.2552083328125 0.84052579375 0.25 0.83779761875 0.24131944375 0.8296130953124999 0.234623015625 0.828869046875 0.231398809375 0.8330853171875001 0.2306547625 0.838045634375 0.2264384921875 0.841269840625 0.224950396875 0.8459821421875 0.22048611093749998 0.85342261875 0.2085813484375 0.86532738125 0.2078373015625 0.8675595234375001 0.20362103125000003 0.872519840625 0.2021329359375 0.8769841265625 0.20138888906250002 0.884424603125 0.2016369046875 0.91220238125 0.21056547656250002 0.9231150796875 0.215277778125 0.9325396828124999 0.212549603125 0.937748015625
1 0.35549627968749997 0.9535334828125 0.3499794140625 0.9618087796875001 0.35963368125 0.98594444375 0.376184028125 0.984565228125 0.4561765875 0.9431897328125001 0.45341815468749996 0.9190540671875 0.464451884375 0.9128477187499999 0.47134771875 0.8976765875 0.47410615156249997 0.8762993546875 0.47617485156250006 0.8549218749999999 0.47272693437499996 0.83975074375 0.4692790171875 0.8307862109374999 0.46376215312499997 0.8404404765625 0.4603142359375 0.8528531750000001 0.44445362031249996 0.8645761406249999 0.41755952343749997 0.870782490625 0.386527778125 0.8680240578125 0.3617026296875 0.86388665625 0.350669146875 0.856990575 0.3368772328125 0.8673345734375 0.3472212296875 0.9100892859374999 0.3541170640625 0.9466376484374999 0.35549627968749997 0.9535334828125
1 0.47721899843750004 0.848082340625 0.47592683593749996 0.8691872515625001 0.47463467187499997 0.8915845734375001 0.47161979218749994 0.9066597218749999 0.46171329375000003 0.9191505453125 0.4535295140625 0.9247500000000001 0.4552524796875 0.929487846875 0.4574060015625 0.932072171875 0.54871800625 0.9204427078125 0.553025296875 0.901921875 0.581021825 0.901491071875 0.5883439984375001 0.8958918656250001 0.5935126484375 0.8812475203125001 0.596527778125 0.86961805625 0.5922204859375 0.8592807546874999 0.5827447921875 0.849805059375 0.5797296625 0.847220734375 0.5663774796875 0.8562658734375 0.5607782734375 0.8653110125 0.5508717765625 0.876509671875 0.5319201390625 0.8790939984374999 0.5155528281249999 0.8747867062499999 0.5052155265625 0.8691872515625001 0.497893353125 0.853681546875 0.49444766875 0.848082340625 0.48798685468749997 0.8321455859375 0.49272495000000005 0.821377728125 0.494878471875 0.8183628468749999 0.4926170640625 0.8114712296875 0.46817385937499995 0.8127633921875 0.46171329375000003 0.8308534218749999 0.47032762968749997 0.8355915171875001 0.47721899843750004 0.848082340625
1 0.49057118125 0.8356991562499999 0.49358630937500003 0.8473283734375 0.5069384921875 0.8671413687499999 0.5241671625000001 0.8736021828125 0.5413958328125 0.8748943453125 0.5465644843749999 0.8740329859375 0.5556096234375001 0.86843353125 0.5616396328125 0.857665675 0.5672388390624999 0.8546505453125001 0.57671478125 0.8503435015624999 0.600404265625 0.8115788687500001 0.5999734625 0.7904737109375 0.5956661703125 0.7840131453125 0.5866212796875 0.775829365625 0.57154613125 0.774106646875 0.5728382937500001 0.7590314984375001 0.553025296875 0.751278521875 0.5370887890625 0.751278521875 0.5258901296875 0.756447171875 0.5026314484375 0.7956423609375001 0.5030620046875 0.8111483140625 0.4940171125 0.8236391375000001 0.49057118125 0.8356991562499999
1 0.655966765625 0.8894310515624999 0.6693189484375 0.8872775296875 0.684824653125 0.8803859125000001 0.6990384421875 0.8592807546874999 0.6990384421875 0.8554045140625 0.68267113125 0.8377450390625001 0.677071925 0.825254215625 0.683101934375 0.8127633921875 0.691285465625 0.7998420140625 0.6882705859375 0.791658234375 0.6684575890625 0.7791674109375 0.6499365078125 0.7692609125 0.6361537703125 0.7666765875 0.6184942953125 0.7692609125 0.597819940625 0.7744295640625001 0.600404265625 0.7864895828125 0.601696428125 0.8032876984374999 0.601696428125 0.8127633921875 0.597819940625 0.8231006937500001 0.5892056046875 0.83817584375 0.5818834328125 0.847220734375 0.6107413187499999 0.8778018359375 0.6240935015625 0.87607886875 0.6408916171875 0.8868467265625 0.655966765625 0.8894310515624999
1 0.5052155265625 0.7798134921875 0.52115228125 0.762584821875 0.5289050093750001 0.7531091265625001 0.5543174609375 0.7513861609375 0.573699653125 0.7587083328124999 0.597819940625 0.7108988093749999 0.6176329359375 0.708314484375 0.6555359625 0.7065915171875 0.68137896875 0.71305233125 0.6766411203125 0.6958236609374999 0.6706111109374999 0.6760106640625 0.658551090625 0.6531827875 0.6430451390624999 0.635092509375 0.63227728125 0.6299238593750001 0.6219399796875 0.628631696875 0.6137564484375 0.6251860125 0.584467509375 0.6424146828125 0.569392609375 0.652751984375 0.569392609375 0.6613663187500001 0.5659466765625 0.6678271328125 0.5659466765625 0.6747185015625 0.5594861109375 0.6876401296875 0.543549603125 0.6971158234375 0.5258901296875 0.7061609625 0.5103841765625 0.70788368125 0.5000471234375 0.71046800625 0.4750654765625 0.7225282734375 0.46429761875000003 0.7479404765625 0.469896825 0.7591391375 0.47592683593749996 0.7742142859375 0.484110615625 0.797472965625 0.49703199375 0.8004878468750001 0.5009084828125 0.79531944375 0.5026314484375 0.789289434375 0.5052155265625 0.7798134921875
1 0.6229952875 0.9876552578125001 0.63087574375 0.98371478125 0.6366349203125 0.977955853125 0.6436061515625 0.9646195437499999 0.6457279265625 0.9512829859374999 0.6445153765625 0.937340278125 0.6420905265625 0.9273380453125 0.6339069937499999 0.920366815625 0.6236014390625 0.9152140375 0.615417659375 0.9140014875 0.60147495 0.918851190625 0.59147271875 0.927944196875 0.5863199406249999 0.938552828125 0.5826827875 0.9491612109374999 0.5820766374999999 0.9561326890625 0.5820766374999999 0.96492261875 0.5826827875 0.9721969250000001 0.5878355656250001 0.9834117062500001 0.599353421875 0.9918985609375 0.6054154265625 0.9934141859375 0.6126897328124999 0.9922016375 0.6181455859375 0.98371478125 0.5999595734375001 0.9888675593749999 0.59177579375 0.9809868546875 0.5896540171875 0.9728033234375 0.5887447921875 0.9640133921875 0.5878355656250001 0.9585575390625 0.59329141875 0.9491612109374999 0.6008688 0.9346123515625001 0.6117805062499999 0.9246101187500001 0.6311790671875 0.920972965625 0.6351192953125 0.9261257437499999 0.637544146875 0.9340062 0.6369379953125 0.9467366078125 0.6339069937499999 0.9621946921875001 0.6214796625 0.979471478125 0.6196612109374999 0.98432118125 0.615417659375 0.9897767859375 0.6229952875 0.9876552578125001
1 0.468716765625 0.9971269843749999 0.4650796125 0.979850446875 0.45325868125 0.9646951890625 0.4226453375 0.959542659375 0.39233531718750003 0.9737881937499999 0.36960267812500003 0.9871247515625001 0.3668747515625 0.99379290625 0.37293675625 0.998945684375 0.3717244546875 0.999751984375 0.41173363125 0.9995518359375 0.43446627031249996 0.989549603125 0.4496212796875 0.9904588296875 0.46417013906250004 0.9965208328124999 0.468716765625 0.9971269843749999
1 0.4235545640625 0.7873053078125001 0.43204141875 0.780334078125 0.4553802078125 0.778818453125 0.47265699375 0.709711309375 0.47932539687500003 0.689403521875 0.47447569375 0.68364459375 0.46568576406249995 0.6866755953125 0.4053685515625 0.6730362109375 0.387788690625 0.66697420625 0.37142113125 0.6706113593749999 0.3505071921875 0.751236359375 0.3668747515625 0.76426959375 0.3650560515625 0.7730595234375001 0.39021354218750004 0.779727678125 0.40021577343750003 0.78427430625 0.41809895781249995 0.7870022328124999 0.4235545640625 0.7873053078125001
1 0.47265699375 0.6817502484375 0.47386954374999996 0.6265858140625 0.48932762968750004 0.622039434375 0.49023685468749995 0.6138556546875 0.4856904765625 0.5369436999999999 0.468413690625 0.5375498515625 0.439012896875 0.540580853125 0.4032467765625 0.540277778125 0.38415153750000003 0.5411872515625 0.3811205359375 0.551492559375 0.37596775781249997 0.5548266374999999 0.3793018359375 0.602716765625 0.39233531718750003 0.6202966265625001 0.396881696875 0.630601934375 0.40279216250000005 0.6337844734375 0.4047624015625 0.671444940625 0.45659275781249997 0.68478125 0.4693229171875 0.6853876484375 0.47265699375 0.6817502484375
1 0.4987237109375 0.7066046625 0.523578125 0.7041798109374999 0.5357021328125 0.69720858125 0.558434771875 0.681447171875 0.5632842265625 0.6738697921875 0.5644967765625 0.6638673109375001 0.5629811515625 0.6578053078125 0.5405515875 0.6196145828125 0.53267113125 0.6174928078125 0.5220625 0.5962757937500001 0.5150912703125 0.5935478671875 0.5026641859375001 0.5926386406249999 0.49417733124999996 0.59657886875 0.48993377968749996 0.5987006453125 0.48932762968750004 0.6168866562499999 0.48781200468749997 0.6232517359374999 0.47386954374999996 0.6281014390624999 0.4732631453125 0.629616815625 0.4732631453125 0.6426502968750001 0.4787189984375 0.6581083828125001 0.4747787703125 0.6617455359375 0.4835687 0.6802348703125001 0.4987237109375 0.7066046625
1 0.485084078125 0.5132259421875001 0.48538740156250004 0.5238345734375 0.48932762968750004 0.5429300593749999 0.49417733124999996 0.5538415171875 0.5044826390625 0.5662688484375 0.5199407234375 0.57566493125 0.5369144343750001 0.5823330859375 0.5487353671874999 0.5853640875 0.557525296875 0.5886981640625 0.5799548609375 0.5862735609375 0.6254201390625 0.5471733624999999 0.6257232140625 0.5420205859375 0.6260262890625 0.5247438 0.6205704359374999 0.49625247968749997 0.6142053578125 0.47048883906250005 0.6078402781250001 0.4668516859375 0.5581316968750001 0.451090278125 0.5344895828125 0.44866542656249997 0.5305493546875 0.44866542656249997 0.5044826390625 0.46927628906249996 0.49053993125 0.4892810015625 0.48599355156249996 0.5017083328124999 0.485084078125 0.5132259421875001
1 0.601171875 0.46419940468750004 0.6142053578125 0.47086755937499997 0.6242075890625001 0.5084521328125 0.6269355156249999 0.5354283234375 0.6311790671875 0.5345188484375 0.6260262890625 0.460865328125 0.6078402781250001 0.453591021875 0.6087495046875 0.4490443953125 0.602990575 0.43419246093749997 0.5999595734375001 0.40236681562500004 0.5966254953125001 0.39933581406249996 0.5945037203125 0.39872966249999997 0.5723772328125001 0.40024503906250003 0.55116021875 0.4032760421875 0.5423702875 0.40842881875000003 0.5432795140625 0.4193405265625 0.541915675 0.44624082343750004 0.5490384421875001 0.4496505453125 0.57268055625 0.45601562500000004 0.601171875 0.46419940468750004
1 0.55146329375 0.63704290625 0.566012153125 0.6455297625 0.575408234375 0.6491669140624999 0.6054154265625 0.631283978125 0.624813740625 0.6209784218750001 0.6475463796875001 0.602186259375 0.6475463796875001 0.5903653281250001 0.6584580859375 0.583697171875 0.67209771875 0.5749072421875 0.6757348703125 0.5624799109375 0.6757348703125 0.5542963796875 0.6678541671875 0.5424754468749999 0.6630047125 0.5352008921875 0.6536083828125 0.5279265875 0.6502743062499999 0.5264109625 0.637847221875 0.5255017359374999 0.6336036703125 0.5276232640625 0.6311790671875 0.533685515625 0.628451140625 0.53732266875 0.6254201390625 0.5467187499999999 0.578439484375 0.5873343249999999 0.5587378468749999 0.588849703125 0.5405515875 0.585515625 0.5299432046875 0.5806661703125 0.525396578125 0.5791505453125 0.53115550625 0.600670634375 0.538430059375 0.6188568953125 0.547219990625 0.629768353125 0.55146329375 0.63704290625
1 0.63087574375 0.45980456406250003 0.6399689984375 0.46556349218750004 0.645424603125 0.4734439484375 0.647243303125 0.481021578125 0.647243303125 0.49193328437500006 0.6457279265625 0.501632440625 0.6399689984375 0.5134533734375 0.63239136875 0.521940228125 0.6354223703125 0.52618353125 0.6478494546875 0.52618353125 0.6551240078125 0.5225463796875001 0.6593673109375 0.516484375 0.6636108625 0.5043603671875 0.6687633921875 0.48822023750000004 0.665126240625 0.47503521875 0.6596703875000001 0.46412375937499994 0.6551240078125 0.45866790625 0.645121528125 0.451696428125 0.63239136875 0.44805927656250005 0.615417659375 0.45472743125 0.6223891375 0.4579858625 0.625116815625 0.4576827875 0.63087574375 0.45980456406250003
1 0.5320649796875 0.34796006875 0.5432795140625 0.36948040625 0.545704365625 0.3758454859375 0.547523065625 0.3834228671875 0.556616071875 0.3991842765625 0.5690431546875 0.396759425 0.5887447921875 0.3864541171875 0.61238665625 0.371601934375 0.6275416671875 0.3573563984375 0.6232983625 0.3446259921875 0.6163271328125 0.3352299109375 0.6042028765625 0.32825868125 0.59207886875 0.3112849703125 0.5817735609375 0.2949174109375 0.577226934375 0.28824925625 0.5620719249999999 0.2964330359375 0.5490384421875001 0.30461656718749996 0.5381269843750001 0.31067881875 0.5341865078125 0.31431597187500004 0.53100396875 0.3193928578125 0.5266091265624999 0.3221966765625 0.5341865078125 0.332805059375 0.5320649796875 0.3403826890625 0.5320649796875 0.34796006875
1 0.597534721875 0.2562720734375 0.599353421875 0.26415277812500004 0.597534721875 0.2762767859375 0.5957160218750001 0.2862790171875 0.5957160218750001 0.29021949375 0.60147495 0.2947658734375 0.6054154265625 0.2984030265625 0.615417659375 0.301130953125 0.6236014390625 0.3002217265625 0.6299665171875 0.2971907234375 0.6311790671875 0.29112872031250003 0.6345131453125 0.2726396328125 0.6390595234374999 0.2638494546875 0.642696925 0.253241071875 0.6442123015625 0.23778298593749997 0.646637153125 0.2308115078125 0.6620952375 0.22808358125 0.67058209375 0.2217185015625 0.6733100203125 0.2086852671875 0.686646578125 0.132152034375 0.6617921625000001 0.11760317499999999 0.647243303125 0.1112380953125 0.6275416671875 0.1112380953125 0.6199642859375001 0.1115411703125 0.6108712796875 0.11305679531249999 0.6020813484375 0.11639087343750001 0.5996564984375 0.1206341765625 0.5838950890625 0.20883680624999998 0.5887447921875 0.2173236609375 0.59389756875 0.2182328875 0.597837796875 0.2179298109375 0.6026875 0.214747271875 0.602384425 0.22474950468750002 0.5987470234375001 0.233842509375 0.597534721875 0.24626959375 0.597534721875 0.2562720734375
1 0.57268055625 0.27021478125 0.5651029265624999 0.25445337343749996 0.5438859125 0.22929613125 0.5335803578125 0.213231646875 0.5299432046875 0.20838194375 0.5357021328125 0.1956517859375 0.5199407234375 0.17534399843749998 0.5120602671875 0.174737846875 0.508726190625 0.1756470734375 0.47993154687499995 0.14079042656250002 0.4650796125 0.13442534687500002 0.429919890625 0.17110069375 0.40415625000000005 0.19807663749999999 0.399003471875 0.205957340625 0.4347693453125 0.24596651718749998 0.4326478171875 0.2547564484375 0.45204613125000004 0.2729427078125 0.4635639875 0.27233630937500003 0.4693229171875 0.2690022328125 0.47447569375 0.2705178578125 0.5238812 0.323863590625 0.5508571421874999 0.3008278765625 0.5669216265625 0.28052008906250003 0.57268055625 0.27021478125
1 0.407490328125 0.3337142859375 0.4014283234375 0.351294146875 0.4529553578125 0.4049432046875 0.45992683593750006 0.4070649796875 0.46992906718749994 0.4052462796875 0.4823563984375 0.3976686515625 0.5053918656249999 0.37523933593750003 0.5241842765625 0.354931546875 0.53145858125 0.334320684375 0.48175 0.2797624015625 0.47265699375 0.2706693953125 0.45780505937499993 0.27945932500000004 0.44083134843750005 0.263091765625 0.438103421875 0.25672668593750003 0.407490328125 0.23581274843750002 0.40233755000000004 0.23823759843749998 0.388091765625 0.25308953437500004 0.3626314484375 0.278853175 0.38415153750000003 0.301282490625 0.388091765625 0.304919890625 0.4032467765625 0.321287203125 0.407490328125 0.3337142859375
1 0.4756879953125 0.44768055625000003 0.48417485156250006 0.45162078437500003 0.487508928125 0.4679880953125 0.48781200468749997 0.47586880000000004 0.49235863125 0.47799057500000003 0.4996329359375 0.4749595734375 0.5132725687499999 0.461016865625 0.5211532734375 0.4558640875 0.5211532734375 0.44313392812499997 0.526002728125 0.437375 0.53297420625 0.432525296875 0.5305493546875 0.4070649796875 0.53145858125 0.360084078125 0.526912203125 0.354931546875 0.5190314984375 0.361902778125 0.5059982640625 0.371601934375 0.4990267859375 0.38766641874999996 0.486599703125 0.3979717265625 0.47296006874999996 0.40676190468750006 0.4696259921875 0.40797420625 0.4626547625 0.4094895828125 0.459623759375 0.432525296875 0.46992906718749994 0.437375 0.47356646874999997 0.44010292656249994 0.4756879953125 0.44768055625000003
1 0.45416790625000003 0.40448859062500003 0.39294146875 0.34371676562500003 0.385969990625 0.341898065625 0.36778397812499997 0.36341840312499996 0.35475074375000004 0.37493625937499997 0.348991815625 0.37917956406250003 0.34505133906249996 0.40039657812499996 0.3650560515625 0.421310515625 0.369299603125 0.432525296875 0.37960491093750004 0.4437400796875 0.3868794640625 0.44813516875000003 0.43325396875 0.4454072421875 0.44446874999999997 0.4311614578125 0.4511369046875 0.4202497515625 0.45416790625000003 0.40448859062500003
1 0.4229484125 0.5383834328125 0.4550771328125 0.5398990578125 0.48387177656249997 0.5350493546874999 0.48387177656249997 0.51746949375 0.4802346234375 0.449271825 0.4650796125 0.447453125 0.43992212343750003 0.44684697343749996 0.4217361109375 0.445634425 0.39385069375000004 0.44684697343749996 0.37354290625000003 0.45442435468750003 0.37354290625000003 0.47564161718750003 0.3777864578125 0.4847346234375 0.3820297625 0.49503993125 0.389304315625 0.5201974203125 0.388091765625 0.5380803578125 0.39506324375 0.541414434375 0.3996096234375 0.5405052078125 0.4229484125 0.5383834328125
1 0.20835466249999998 0.70286631875 0.2042467765625 0.7080009921875 0.223758928125 0.73572891875 0.23813640937499997 0.751475446875 0.2696297125 0.7340173609375 0.30831175625 0.70320858125 0.3165275296875 0.70320858125 0.32645461249999996 0.7148474703125001 0.35315550625 0.6973891375 0.3552095734375 0.6922544640625 0.35281324375 0.6854079859375 0.36000198437500003 0.6785615078125 0.36890228125 0.6754806546875 0.378144840625 0.6631572421875 0.38909895781250003 0.6631572421875 0.4003955859375 0.6474104656249999 0.40244940468749996 0.639537203125 0.38499131875 0.6063323406250001 0.36958680625 0.5912703375 0.352128471875 0.571415675 0.3418591265625 0.5666232640625 0.3137889390625 0.5830545640625 0.2994114578125 0.5957204859375 0.29564608125 0.59777430625 0.28263789687499996 0.5892162703125 0.25833333281250004 0.60564756875 0.2576485609375 0.62002505 0.26209871093750003 0.623105903125 0.2614141859375 0.6272137890625 0.23505555625 0.6470682046875 0.21485863125 0.6634995046875 0.2080124015625 0.6672651296875001 0.20835466249999998 0.70286631875
1 0.23984796562500002 0.5761227671875 0.25833333281250004 0.5713301093750001 0.2833224203125 0.562772321875 0.3000959828125 0.581599703125 0.337751240625 0.56824925625 0.37780257968750003 0.552502728125 0.3867028765625 0.5333328374999999 0.38738740156249996 0.5162167656250001 0.3795141375 0.4871197921875 0.36890228125 0.465211309375 0.3552095734375 0.44484350156249997 0.3346703875 0.43560069375 0.2549099703125 0.46024776718749993 0.254225446875 0.4790751484375 0.2549099703125 0.48763318437500003 0.2477212296875 0.4931103671875 0.21588566406249998 0.504064484375 0.21451636875000002 0.548908234375 0.211435515625 0.548565971875 0.2068998015625 0.5537864578125 0.2107509921875 0.5641416171875 0.21383184531250002 0.5696185515625001 0.21485863125 0.5792036203125 0.23984796562500002 0.5761227671875
1 0.24395585312499998 0.3495932546875 0.2576485609375 0.34616989062500003 0.272710565625 0.347196925 0.284691715625 0.350277778125 0.2980421625 0.3612318953125 0.30420386875 0.3711592265625 0.3076272328125 0.38177108125000003 0.3089962796875 0.3937522328125 0.30591542656250004 0.4067604171875 0.2994114578125 0.417030009375 0.2860610125 0.42593030781249996 0.27236830312500004 0.42969568437500005 0.25285615156249996 0.42969568437500005 0.2384786703125 0.4207953875 0.22410119062499997 0.40539112031249996 0.21759722187500002 0.401283234375 0.211777778125 0.4125798609375 0.22341666718750003 0.42319171562499996 0.23539781718750002 0.435857390625 0.250459821875 0.45331572343750004 0.256621528125 0.45810813437500003 0.333985615625 0.43448834375 0.33638194375 0.4320920140625 0.343912946875 0.40573338281250004 0.34904761875 0.37560937499999997 0.35041691406250003 0.360205109375 0.3161850203125 0.3259732140625 0.2925649796875 0.30440699375 0.2521713796875 0.31228050625 0.2244437 0.32015377031250003 0.22033581406249997 0.392725446875 0.22033581406249997 0.3992294140625 0.2251282234375 0.400940971875 0.2210203375 0.38382514843750004 0.2254704859375 0.3711592265625 0.23471329375 0.35712425625 0.24395585312499998 0.3495932546875
1 0.2980421625 0.2865208328125 0.3045463796875 0.26974727187499997 0.3035193453125 0.25194667656249997 0.3000959828125 0.23893849218750002 0.2809263390625 0.22113789687500002 0.24840600156249998 0.2132646328125 0.23745163749999998 0.21634548593749997 0.22855158750000001 0.2262728171875 0.22718229218750002 0.2516044140625 0.223758928125 0.26084697343749996 0.22786681562500002 0.2724858625 0.227524553125 0.289259425 0.2264975203125 0.29644816406249996 0.227524553125 0.30260987031250003 0.22683978124999998 0.31732961249999997 0.2521713796875 0.31116790625 0.29222271875 0.304321428125 0.2980421625 0.2865208328125
1 0.32063516875000003 0.278904265625 0.3168697921875 0.304920634375 0.31481572343750003 0.3097130453125 0.30831175625 0.317586309375 0.3165275296875 0.3295674609375 0.327823909375 0.336071428125 0.337408978125 0.3394947921875 0.3445974703125 0.3388100203125 0.3476783234375 0.33435987031250003 0.34904761875 0.3230634921875 0.3466515375 0.31827108125 0.35931721250000004 0.265639384375 0.36205580312499996 0.265639384375 0.36890228125 0.263243303125 0.3795141375 0.257081596875 0.38567584374999997 0.25263144843749996 0.39799925625 0.2440734125 0.3997108140625 0.23619990156249998 0.3966299609375 0.230722965625 0.3942338796875 0.2173725203125 0.39765699374999997 0.18279836249999998 0.4021071421875 0.15986284687500002 0.3990262890625 0.15575520781250002 0.3942338796875 0.1489087296875 0.38191021875 0.13795461250000002 0.3709561015625 0.1328196921875 0.356236359375 0.12871180625 0.331589534375 0.12836954375 0.3192658734375 0.1362428078125 0.3055731640625 0.1937524796875 0.29393427656250004 0.2002564484375 0.288799603125 0.22387648750000003 0.29461904687499996 0.23346155781250003 0.304888640625 0.2447579359375 0.32131994062499997 0.25023511875 0.3250853171875 0.254257440625 0.32063516875000003 0.268634671875 0.32063516875000003 0.278904265625
1 0.3312470234375 0.118784721875 0.333643353125 0.1270002484375 0.3596594734375 0.129054315625 0.3801986609375 0.1341889875 0.3921798109375 0.14171999062500001 0.4021071421875 0.15986284687500002 0.40279166718750004 0.16944791718750002 0.40142261875 0.180059771875 0.41340377031250003 0.18211359062500002 0.42230381875 0.17800570468750002 0.449689484375 0.1482239578125 0.4698861609375 0.1266579859375 0.46783234062499995 0.09276835312500001 0.4551666671875 0.062302082812500006 0.4359967765625 0.042105159375 0.41545758906249997 0.031493303125 0.394576140625 0.029097221875000003 0.38191021875 0.0273854171875 0.372667659375 0.032178075 0.3565786203125 0.0489516375 0.3476783234375 0.060932787499999995 0.33946279687500003 0.07086011875 0.33569717187500003 0.0753102671875 0.32850868125 0.0814719734375 0.3520571484375 0.0695710640625 0.3466515375 0.0756525296875 0.33706646875 0.0773640875 0.327823909375 0.08386805625 0.3223469734375 0.0855796125 0.3312470234375 0.118784721875
1 0.35218805625 0.06950490625 0.3709561015625 0.073940971875 0.374379215625 0.096533978125 0.388072171875 0.11707316406249998 0.40724181562500006 0.131108134375 0.4199077375 0.13247743125 0.43496974218749995 0.131792659375 0.43668129999999994 0.1194692453125 0.42983506875 0.102353421875 0.4199077375 0.09105679531250001 0.4062150296875 0.0797604171875 0.39252232187499997 0.0722294140625 0.372667659375 0.0715446421875 0.36547891875 0.0677790171875 0.3603442453125 0.0653829359375 0.35218805625 0.06950490625