1 0.45734127031250005 0.1835317453125 0.5798611109375 0.5915178578125 0.5835813484375 0.5959821421875 0.5868055562500001 0.60342261875 0.59052579375 0.6227678578125 0.59697420625 0.6391369046875 0.637648809375 0.759424603125 0.6391369046875 0.7676091265625 0.646825396875 0.79092261875 0.6480654765625 0.7926587296875 0.653521825 0.794394840625 0.662450396875 0.7929067453124999 0.668402778125 0.7889384921875 0.669146825 0.78720238125 0.668402778125 0.7824900796875001 0.6629464281249999 0.7638888890625 0.6579861109375 0.7512400796875001 0.6507936515625 0.7239583328125 0.643601190625 0.7053571421875 0.641369046875 0.6894841265625 0.634424603125 0.67237103125 0.6230158734375 0.63467261875 0.6173115078125 0.6200396828125 0.6165674609375 0.6148313484375 0.6081349203124999 0.5915178578125 0.606646825 0.5798611109375 0.593998015625 0.5429067453124999 0.5716765875 0.4704861109375 0.5696924609375 0.46651785781250005 0.5352182546875001 0.3509424609375 0.47197420625 0.15029761875 0.46031746093750003 0.1140873015625 0.4543650796875 0.09895833281250001 0.4516369046875 0.08779761875 0.4484126984375 0.08556547656249999 0.4424603171875 0.0853174609375 0.43700396875 0.08779761875 0.430803571875 0.09375 0.4310515875 0.100446428125 0.435019840625 0.1111111109375 0.4546130953125 0.1773313484375 0.45734127031250005 0.1835317453125
1 0.5510912703125 0.3102678578125 0.5533234125 0.311755953125 0.5639880953125 0.31299603125000003 0.5677083328125 0.31150793593750004 0.5729166671875 0.3008432546875 0.5766369046875 0.286954365625 0.5865575390625 0.1669146828125 0.5860615078125 0.16468253906250002 0.5833333328125 0.1626984125 0.5570436515625 0.15798611093749998 0.5540674609375 0.161954365625 0.5508432546875001 0.1696428578125 0.5478670640625001 0.19990079375 0.54737103125 0.21552579375 0.543898809375 0.22842261874999997 0.54365079375 0.23387896874999997 0.5399305562500001 0.2519841265625 0.5396825390625 0.2614087296875 0.5376984125 0.2757936515625 0.5359623015625 0.2991071421875 0.5367063484375 0.30654761875 0.5391865078125 0.30803571406249997 0.5510912703125 0.3102678578125
1 0.422123015625 0.3333333328125 0.42509920625 0.34275793593750004 0.4295634921875 0.343998015625 0.431299603125 0.34722222187499996 0.43675595312500004 0.3891369046875 0.4389880953125 0.39756944375000003 0.44146825468750006 0.4201388890625 0.44890872968749995 0.466269840625 0.45089285781250005 0.4702380953125 0.45386904687499996 0.5 0.4546130953125 0.5017361109375 0.45684523749999995 0.502728175 0.4635416671875 0.502976190625 0.466269840625 0.5017361109375 0.468998015625 0.5019841265625 0.47197420625 0.5009920640625001 0.4734623015625 0.49776785781250005 0.4516369046875 0.349454365625 0.4516369046875 0.3452380953125 0.45510912656249997 0.341021825 0.45535714218749995 0.3335813484375 0.4454365078125 0.2636408734375 0.4456845234375 0.2591765875 0.443700396875 0.25322420625 0.439980159375 0.246527778125 0.43526785781250005 0.24404761874999997 0.43353174531249994 0.24007936562499999 0.430803571875 0.2383432546875 0.424603175 0.2380952375 0.41964285781250005 0.23958333281250002 0.4164186515625 0.24801587343749998 0.412450396875 0.2519841265625 0.412946428125 0.27157738125 0.419394840625 0.3189484125 0.4208829359375 0.32142857187499996 0.422123015625 0.3333333328125
1 0.315476190625 0.3417658734375 0.35987103125000003 0.5639880953125 0.3635912703125 0.588045634375 0.36607142812500004 0.5974702375 0.3668154765625 0.606894840625 0.37152777812500004 0.6262400796875001 0.37177579375 0.631200396875 0.374255953125 0.6356646828125 0.381200396875 0.6359126984375 0.40054563437499996 0.6297123015625 0.4050099203125 0.6292162703125 0.40699404687499996 0.627480159375 0.40699404687499996 0.62549603125 0.391369046875 0.55009920625 0.377976190625 0.47222222187499996 0.3608630953125 0.3923611109375 0.3519345234375 0.3452380953125 0.3487103171875 0.3335813484375 0.346230159375 0.3147321421875 0.343998015625 0.3072916671875 0.3400297625 0.283978175 0.338045634375 0.2795138890625 0.3345734125 0.25099206406249996 0.3323412703125 0.24950396874999997 0.328125 0.24925595312499998 0.309771825 0.2519841265625 0.30009920625 0.2547123015625 0.2991071421875 0.25669642812500004 0.3020833328125 0.27430555624999997 0.3142361109375 0.3293650796875 0.315476190625 0.3417658734375
1 0.5394345234375 0.768601190625 0.5426587296875 0.7646329359374999 0.5647321421875 0.7135416671875 0.574652778125 0.6929563484375 0.580853175 0.6783234125 0.5820932546875001 0.6738591265625 0.581597221875 0.67237103125 0.57762896875 0.6696428578125 0.5726686515625 0.6679067453124999 0.568700396875 0.6639384921875 0.5625 0.661954365625 0.5577876984375 0.658730159375 0.5478670640625001 0.65575396875 0.5453869046875 0.653521825 0.5424107140625 0.6540178578125 0.5431547625 0.655505953125 0.525049603125 0.7011408734375 0.5228174609375 0.7048611109375 0.52157738125 0.7142857140625 0.5230654765625 0.724454365625 0.5364583328125 0.765376984375 0.5394345234375 0.768601190625
1 0.49553571406249997 0.8194444437499999 0.5069444437499999 0.8236607140625001 0.5133928578125 0.8244047625 0.515873015625 0.8226686515624999 0.5223214281249999 0.8105158734375 0.5281569937499999 0.7984588296874999 0.5225694437499999 0.7829861109375 0.518601190625 0.7738095234375 0.5171130953125 0.7673611109375 0.5101686515625 0.7482638890625 0.508837796875 0.7396517859375 0.502728175 0.7512400796875001 0.48834325468750006 0.7829861109375 0.484375 0.7951388890625 0.481894840625 0.799603175 0.48090277812500004 0.80654761875 0.4831349203125 0.8105158734375 0.486855159375 0.8142361109375 0.49553571406249997 0.8194444437499999
1 0.5973665671874999 0.6426309531250001 0.5922619046875 0.6292162703125 0.5865575390625 0.6113591265625 0.5863095234375 0.6073908734375 0.5796130953125 0.5927579359374999 0.5776227671874999 0.58849454375 0.568204365625 0.6051587296875 0.5555436515625 0.635200396875 0.568700396875 0.6421130953125 0.5903608625000001 0.652821428125 0.5922619046875 0.650049603125 0.5973665671874999 0.6426309531250001
1 0.4947916671875 0.630704365625 0.5044642859375 0.6336805562500001 0.5084325390625 0.6383928578125 0.512896825 0.6388888890625 0.53075396875 0.6460813484375 0.5334821421875 0.646329365625 0.5394345234375 0.6490575390625 0.5478670640625001 0.6550099203124999 0.5548115078125 0.656994046875 0.5729166671875 0.66592261875 0.5823412703125 0.669146825 0.5833333328125 0.6703869046875 0.5848214281249999 0.6698908734375 0.5959821421875 0.6741071421875 0.6004464281249999 0.67782738125 0.6044146828125 0.6788194437499999 0.606894840625 0.68154761875 0.6103670640625001 0.68154761875 0.6049107140625 0.66592261875 0.6029265875 0.6626984125 0.5957341265625 0.658978175 0.5835813484375 0.65029761875 0.56572420625 0.643601190625 0.56200396875 0.640873015625 0.5324900796875001 0.627480159375 0.521825396875 0.6205357140625 0.519097221875 0.6212797625 0.51612103125 0.6185515875 0.4985119046875 0.6108630953125 0.4925595234375 0.6108630953125 0.48834325468750006 0.6183035718750001 0.48809523749999995 0.6232638890625 0.4895833328125 0.625744046875 0.49429563437499996 0.6292162703125 0.4947916671875 0.630704365625
1 0.7150297625 0.7291666671875 0.71825396875 0.7294146828125 0.7209821421875 0.7264384921875 0.721478175 0.7199900796875001 0.7142857140625 0.71279761875 0.6478174609375 0.68154761875 0.6421130953125 0.6790674609375 0.6393849203124999 0.6798115078125 0.641369046875 0.6917162703125 0.6453373015625 0.6979166671875 0.6951884921875 0.722222221875 0.7150297625 0.7291666671875
1 0.497519840625 0.609623015625 0.5012400796875001 0.611855159375 0.5091765875 0.6135912703125 0.5133928578125 0.6178075390625 0.519097221875 0.61904761875 0.521825396875 0.6113591265625 0.5205853171875 0.606894840625 0.5248015875 0.599950396875 0.531498015625 0.5585317453124999 0.53075396875 0.5543154765625 0.5270337296875 0.553075396875 0.5265376984375 0.5481150796875001 0.5300099203124999 0.5329861109375 0.5324900796875001 0.5119047625 0.536954365625 0.490575396875 0.53720238125 0.481894840625 0.5391865078125 0.4742063484375 0.5404265875 0.46279761875 0.5391865078125 0.45510912656249997 0.5362103171875 0.44915674531249994 0.533978175 0.43824404687499996 0.5334821421875 0.437251984375 0.530505953125 0.43700396875 0.528769840625 0.4357638890625 0.527777778125 0.43303571406249997 0.5245535718750001 0.4427083328125 0.521329365625 0.46676587343750003 0.516369046875 0.49032738125 0.515625 0.49801587343750003 0.513144840625 0.5066964281249999 0.5079365078125 0.54092261875 0.50595238125 0.54737103125 0.5014880953125 0.549851190625 0.49925595312500004 0.5535714281249999 0.48883928593750003 0.6071428578125 0.48834325468750006 0.6113591265625 0.4895833328125 0.6135912703125 0.491071428125 0.6111111109375 0.497519840625 0.609623015625
1 0.6103670640625001 0.5667162703125 0.6116071421875 0.5639880953125 0.615575396875 0.56200396875 0.624255953125 0.5545634921875 0.6304563484375 0.5550595234375 0.63467261875 0.5520833328125 0.6386408734375 0.546875 0.6515376984375 0.5205853171875 0.656001984375 0.5089285718750001 0.6639384921875 0.4925595234375 0.665674603125 0.4861111109375 0.67509920625 0.46676587343750003 0.6793154765625 0.4546130953125 0.685019840625 0.4451884921875 0.6946924609375 0.4236111109375 0.696924603125 0.4164186515625 0.7085813484375 0.3960813484375 0.71279761875 0.384920634375 0.718005953125 0.3735119046875 0.7256944437499999 0.3551587296875 0.7299107140625 0.3487103171875 0.733630953125 0.33779761875 0.731646825 0.333829365625 0.7274305562500001 0.3298611109375 0.7197420640625001 0.327380953125 0.718005953125 0.3258928578125 0.709537946875 0.3227549609375 0.700396825 0.3231646828125 0.6964285718750001 0.32862103125000003 0.6946924609375 0.32911706406249996 0.6634424609375 0.3953373015625 0.6671626984375 0.4050099203125 0.671875 0.40699404687499996 0.6788194437499999 0.4074900796875 0.6822916671875 0.41071428593750003 0.68154761875 0.41195436562500004 0.6852678578125 0.419146825 0.685019840625 0.4236111109375 0.6783234125 0.4322916671875 0.672123015625 0.43700396875 0.6676587296875 0.4424603171875 0.6639384921875 0.444196428125 0.6612103171875 0.44742063437499996 0.6577380953125 0.44940476250000005 0.6520337296875 0.45535714218749995 0.6478174609375 0.456101190625 0.6428571421875 0.46031746093750003 0.638144840625 0.459325396875 0.6331845234375 0.46006944375 0.6314484125 0.4613095234375 0.6304563484375 0.46428571406249997 0.6272321421875 0.4670138890625 0.6269841265625 0.4704861109375 0.624255953125 0.474950396875 0.6207837296875 0.48511904687499996 0.6160714281249999 0.49404761875 0.609375 0.5104166671875 0.6039186515625 0.518353175 0.5952380953125 0.54092261875 0.596478175 0.5456349203124999 0.606894840625 0.5801091265625 0.60887896875 0.577876984375 0.6103670640625001 0.5667162703125
1 0.5039682546875001 0.652777778125 0.5071924609375 0.6525297625 0.51240079375 0.64384920625 0.515873015625 0.6426091265625 0.512648809375 0.64112103125 0.5091765875 0.6369047625 0.502728175 0.6339285718750001 0.49553571406249997 0.6334325390625 0.4935515875 0.634424603125 0.49404761875 0.6383928578125 0.49652777812500004 0.640376984375 0.499751984375 0.6495535718750001 0.5039682546875001 0.652777778125
1 0.5453869046875 0.362351190625 0.6207837296875 0.44320436562500004 0.6383928578125 0.459821428125 0.64012896875 0.4595734125 0.6458333328125 0.45510912656249997 0.6495535718750001 0.44965277812500004 0.6522817453124999 0.44915674531249994 0.653769840625 0.45114087343750003 0.6540178578125 0.44990079375 0.658730159375 0.44717261875 0.6607142859375 0.4424603171875 0.6640625 0.44072420625 0.668402778125 0.440228175 0.67237103125 0.434523809375 0.68154761875 0.42757936562500004 0.6837797625 0.4236111109375 0.6805555562500001 0.41964285781250005 0.6800595234375 0.41592261875 0.6768353171875 0.41617063437499996 0.675347221875 0.41468253906249997 0.6741071421875 0.4109623015625 0.66592261875 0.4052579359375 0.6639384921875 0.3998015875 0.6180555562500001 0.353174603125 0.6158234125 0.349454365625 0.6056547625 0.3400297625 0.581101190625 0.3125 0.574652778125 0.3072916671875 0.5716765875 0.306795634375 0.5696924609375 0.3112599203125 0.5642361109375 0.31299603125000003 0.559523809375 0.312251984375 0.5550595234375 0.3137400796875 0.5424107140625 0.3261408734375 0.53447420625 0.33705357187499996 0.53447420625 0.3452380953125 0.5359623015625 0.349454365625 0.543898809375 0.359126984375 0.5453869046875 0.362351190625
2 0.6153080359375 0.5635049609375 0.611676090625 0.5732832343750001 0.6097204859375001 0.5875314984375 0.6167048609375 0.61239608125 0.6192192453125 0.6199392359375 0.6284387406249999 0.6258063 0.6351438484374999 0.626923859375 0.751923859375 0.6118373015625 0.7572318953125 0.602059028125 0.7591875 0.5936778281249999 0.7611431046875 0.581664434375 0.7597462796875 0.576076884375 0.75555555625 0.5657400796875 0.7510855656250001 0.555123759375 0.7407485125 0.5495362109374999 0.6289975203125 0.557079365625 0.624248015625 0.560711309375 0.6200575390624999 0.560711309375 0.6153080359375 0.5635049609375
2 0.395926090625 0.39478968281250004 0.42779811562500003 0.487431546875 0.47029439531249995 0.6195947421875 0.49791691406250005 0.7011872515625 0.524689484375 0.783842509375 0.5550744046875 0.8747842265625 0.5903462296875001 0.9780500984374999 0.605857390625 0.9740128968749999 0.596295634375 0.9472403281249999 0.5132641375 0.6962259421875 0.49084474218749996 0.628254215625 0.48880654687499997 0.6276428578125001 0.48717609062499995 0.6255027281250001 0.48717609062499995 0.6219360125 0.48768551562500007 0.6185731640625 0.48014459374999996 0.595440228125 0.3913318453125 0.3285265375 0.3491879953125 0.1999759421875 0.33329885937500003 0.2046669140625 0.333669146875 0.20865625 0.35704191406249997 0.2781376484375 0.395926090625 0.39478968281250004