5 0.638144840625 0.275049603125 0.6356646828125 0.28794642812500004 0.6339285718750001 0.290674603125 0.6341765875 0.296130953125 0.6329365078125 0.3043154765625 0.6356646828125 0.31299603125000003 0.6386408734375 0.31845238125 0.6423611109375 0.3204365078125 0.653521825 0.31572420625 0.65947420625 0.3147321421875 0.6644345234375 0.31150793593750004 0.6741071421875 0.3082837296875 0.6860119046875 0.30009920625 0.6875 0.294146825 0.6832837296875 0.28224206406249996 0.6800595234375 0.278521825 0.6770833328125 0.2775297625 0.674603175 0.27455357187499996 0.666170634375 0.2695932546875 0.6636904765625 0.265873015625 0.6612103171875 0.2641369046875 0.6455853171875 0.224950396875 0.6423611109375 0.22048611093749998 0.6359126984375 0.218501984375 0.6272321421875 0.2209821421875 0.622519840625 0.22544642812500001 0.6227678578125 0.23263888906250002 0.6319444437499999 0.2549603171875 0.6351686515625 0.2676091265625 0.638144840625 0.275049603125
5 0.6138392859375 0.35069444375000003 0.622519840625 0.3546626984375 0.6237599203124999 0.359375 0.627480159375 0.3665674609375 0.6361607140625 0.372519840625 0.6475694437499999 0.3767361109375 0.6507936515625 0.3764880953125 0.662450396875 0.372023809375 0.6641865078125 0.36830357187499996 0.66865079375 0.365079365625 0.6706349203124999 0.360119046875 0.6738591265625 0.3571428578125 0.6768353171875 0.349454365625 0.67782738125 0.341269840625 0.675347221875 0.3330853171875 0.6701388890625 0.32911706406249996 0.65674603125 0.3226686515625 0.6445932546875001 0.3216765875 0.6423611109375 0.3226686515625 0.6386408734375 0.322420634375 0.6361607140625 0.32366071406249997 0.6302083328125 0.3229166671875 0.6272321421875 0.3206845234375 0.615575396875 0.3172123015625 0.60887896875 0.3204365078125 0.603174603125 0.3298611109375 0.6021825390625 0.338045634375 0.6039186515625 0.3420138890625 0.606646825 0.3449900796875 0.6138392859375 0.35069444375000003
5 0.6095404265625 0.383101934375 0.622519840625 0.4117063484375 0.6207837296875 0.4164186515625 0.6237599203124999 0.42385912656249997 0.6272321421875 0.4295634921875 0.6336805562500001 0.4357638890625 0.6369047625 0.43700396875 0.6418650796875001 0.43551587343750003 0.6507936515625 0.4298115078125 0.6599702375 0.42237103125 0.6649305562500001 0.41989087343750003 0.6731150796875001 0.4109623015625 0.674355159375 0.408730159375 0.6741071421875 0.40426587343750003 0.6651785718750001 0.393353175 0.6626984125 0.391369046875 0.659226190625 0.39112103125000003 0.6542658734375 0.3886408734375 0.6483134921875 0.39012896874999997 0.6383928578125 0.3888888890625 0.6294642859375 0.37822420625 0.627976190625 0.375248015625 0.6232638890625 0.372519840625 0.62177579375 0.36805555624999997 0.6180555562500001 0.36631944375000003 0.6165674609375 0.36284722187499996 0.6111111109375 0.356398809375 0.606646825 0.3556547625 0.6011904765625 0.356894840625 0.5982142859375 0.358630953125 0.596230159375 0.3613591265625 0.5954861109375 0.365079365625 0.59970238125 0.372519840625 0.603174603125 0.375248015625 0.6095404265625 0.383101934375
5 0.59697420625 0.44915674531249994 0.6083829359374999 0.47098214218749995 0.612103175 0.4761904765625 0.6180555562500001 0.48040674531249994 0.627480159375 0.4791666671875 0.6299603171875 0.477678571875 0.6331845234375 0.4699900796875 0.6294642859375 0.46155753906249997 0.627976190625 0.45386904687499996 0.625248015625 0.4466765875 0.6212797625 0.4392361109375 0.6207837296875 0.4357638890625 0.6230158734375 0.4268353171875 0.6202876984375 0.41765872968749995 0.6202876984375 0.4117063484375 0.6163194437499999 0.40203372968749995 0.6108630953125 0.3953373015625 0.60987103125 0.3943452375 0.6039186515625 0.39384920625 0.5870535718750001 0.40029761875 0.5791170640625001 0.40625 0.574652778125 0.4079861109375 0.5711805562500001 0.4117063484375 0.5711805562500001 0.41815476250000005 0.5744047625 0.428571428125 0.580605159375 0.4365079359375 0.59697420625 0.44915674531249994
5 0.5297619046875 0.43030753906249997 0.5357142859375 0.43551587343750003 0.5421626984375 0.43799603125 0.5424107140625 0.443700396875 0.5431547625 0.435019840625 0.5451388890625 0.43353174531249994 0.549851190625 0.43402777812500004 0.5518353171875 0.435019840625 0.5540674609375 0.43799603125 0.5607638890625 0.44196428593750003 0.5644841265625 0.4466765875 0.5701884921875 0.45089285781250005 0.5699404765625 0.4548611109375 0.5711805562500001 0.456101190625 0.5818452375 0.462549603125 0.5863095234375 0.4640376984375 0.5892857140625 0.4632936515625 0.5959821421875 0.45734127031250005 0.59697420625 0.45510912656249997 0.596230159375 0.453373015625 0.5892857140625 0.4456845234375 0.578125 0.4360119046875 0.5758928578125 0.431299603125 0.571924603125 0.4270833328125 0.5679563484375 0.4206349203125 0.5662202375 0.41617063437499996 0.5664682546875001 0.4114583328125 0.565228175 0.40401785781250005 0.5615079359374999 0.396329365625 0.5523313484375 0.38963293593750004 0.5508432546875001 0.3891369046875 0.5451388890625 0.393353175 0.5394345234375 0.3955853171875 0.530505953125 0.40426587343750003 0.5210813484375 0.415674603125 0.5200892859375 0.41989087343750003 0.52157738125 0.4236111109375 0.52529761875 0.42782738125 0.5297619046875 0.43030753906249997
5 0.41046627031250005 0.24330357187499999 0.41765872968749995 0.24156746093749998 0.43055555625 0.2462797625 0.4427083328125 0.2549603171875 0.44866071406249997 0.2549603171875 0.4516369046875 0.252480159375 0.45709325468750006 0.24032738125000003 0.455853175 0.237351190625 0.4518849203125 0.2328869046875 0.443700396875 0.22743055625 0.4389880953125 0.2199900796875 0.435019840625 0.21701388906250002 0.4325396828125 0.20560515937499999 0.4283234125 0.19717261875 0.419394840625 0.1927083328125 0.41319444375 0.19196428593749998 0.4077380953125 0.19345238125 0.4010416671875 0.20138888906250002 0.3945932546875 0.21155753906250002 0.3888888890625 0.22619047656250002 0.3886408734375 0.22842261874999997 0.390625 0.2321428578125 0.39955357187499996 0.2390873015625 0.41046627031250005 0.24330357187499999
5 0.381200396875 0.299603175 0.3841765875 0.299851190625 0.39149305624999997 0.2981150796875 0.4010416671875 0.3033234125 0.409226190625 0.3043154765625 0.4169146828125 0.3040674609375 0.42261904687499996 0.302579365625 0.4283234125 0.299603175 0.43402777812500004 0.29340277812500004 0.4375 0.2829861109375 0.43675595312500004 0.27529761875 0.43402777812500004 0.26612103125000003 0.42757936562500004 0.25868055624999997 0.4171626984375 0.2552083328125 0.4045138890625 0.25669642812500004 0.3985615078125 0.259424603125 0.390376984375 0.265625 0.3851686515625 0.2728174609375 0.37549603125000003 0.2760416671875 0.372519840625 0.278273809375 0.37177579375 0.28025793593750004 0.3712797625 0.287450396875 0.372023809375 0.290674603125 0.3762400796875 0.296875 0.381200396875 0.299603175
5 0.3608630953125 0.343998015625 0.3630952375 0.34424603125000003 0.3727678578125 0.343005953125 0.37549603125000003 0.34375 0.3841765875 0.3422619046875 0.387896825 0.3382936515625 0.38963293593750004 0.333829365625 0.39737103125 0.330605159375 0.4045138890625 0.3303571421875 0.41319444375 0.328125 0.4166666671875 0.328373015625 0.4293154765625 0.3261408734375 0.43377976250000005 0.3216765875 0.43427579375 0.31845238125 0.43154761875 0.3077876984375 0.4283234125 0.30654761875 0.42534722187499996 0.3033234125 0.422123015625 0.30381944375000003 0.419146825 0.30555555624999997 0.415178571875 0.30580357187499996 0.40575396875 0.30580357187499996 0.390873015625 0.3033234125 0.38392857187499996 0.3048115078125 0.372519840625 0.296626984375 0.3697916671875 0.2981150796875 0.3640873015625 0.2988591265625 0.36036706406249996 0.30133928593750003 0.3546626984375 0.302579365625 0.3519345234375 0.3060515875 0.3509424609375 0.3102678578125 0.3484623015625 0.3144841265625 0.3484623015625 0.3258928578125 0.3511904765625 0.3333333328125 0.3573908734375 0.3415178578125 0.3608630953125 0.343998015625
5 0.39012896874999997 0.42559523749999995 0.3953373015625 0.42782738125 0.3988095234375 0.4273313484375 0.40054563437499996 0.4236111109375 0.40414186562500004 0.42237103125 0.41071428593750003 0.422123015625 0.4136904765625 0.424355159375 0.424603175 0.42782738125 0.434523809375 0.4283234125 0.4427083328125 0.43030753906249997 0.4466765875 0.42782738125 0.4543650796875 0.41592261875 0.4516369046875 0.4109623015625 0.4456845234375 0.4079861109375 0.43030753906249997 0.40625 0.4086485609375 0.4004087296875 0.412946428125 0.3970734125 0.40972222187499996 0.3921130953125 0.4047619046875 0.3883928578125 0.3985615078125 0.3854166671875 0.39112103125000003 0.38392857187499996 0.3841765875 0.38467261875 0.37946428593750003 0.3886408734375 0.375248015625 0.3960813484375 0.372023809375 0.40699404687499996 0.372271825 0.4169146828125 0.3737599203125 0.41989087343750003 0.37822420625 0.424355159375 0.39012896874999997 0.42559523749999995
5 0.349454365625 0.4831349203125 0.3608630953125 0.484623015625 0.372023809375 0.47569444375 0.375744046875 0.471230159375 0.3762400796875 0.4704861109375 0.374255953125 0.46676587343750003 0.375744046875 0.46180555625 0.3789682546875 0.459325396875 0.3814484125 0.45535714218749995 0.3841765875 0.45362103125 0.3851686515625 0.45114087343750003 0.38963293593750004 0.446428571875 0.39384920625 0.4429563484375 0.39756944375000003 0.43551587343750003 0.396825396875 0.43179563437499996 0.3958333328125 0.43030753906249997 0.3921130953125 0.4295634921875 0.389880953125 0.4270833328125 0.3841765875 0.42633928593750003 0.377976190625 0.4268353171875 0.37450396874999997 0.4298115078125 0.3730158734375 0.4325396828125 0.3695436515625 0.4325396828125 0.36607142812500004 0.43675595312500004 0.35342261875 0.4422123015625 0.3492063484375 0.4427083328125 0.343005953125 0.446924603125 0.3363095234375 0.4548611109375 0.334325396875 0.45882936562500004 0.334325396875 0.4670138890625 0.3373015875 0.4742063484375 0.3417658734375 0.47867063437499996 0.349454365625 0.4831349203125
5 0.3960813484375 0.4990079359375 0.4077380953125 0.4990079359375 0.40997023749999995 0.497023809375 0.4154265875 0.48660714218749995 0.41765872968749995 0.484126984375 0.419146825 0.4791666671875 0.41840277812500004 0.4742063484375 0.4136904765625 0.466269840625 0.4126984125 0.4623015875 0.41592261875 0.4613095234375 0.41741071406249997 0.45907738125 0.41815476250000005 0.45049603125 0.42609127031250005 0.43526785781250005 0.42509920625 0.43154761875 0.41964285781250005 0.42757936562500004 0.4109623015625 0.424851190625 0.40699404687499996 0.42609127031250005 0.4010416671875 0.43551587343750003 0.4012896828125 0.4392361109375 0.3955853171875 0.45089285781250005 0.39657738125 0.455605159375 0.393105159375 0.45709325468750006 0.389880953125 0.46031746093750003 0.3831845234375 0.46279761875 0.377728175 0.471726190625 0.37549603125000003 0.47842261875 0.375248015625 0.4828869046875 0.3762400796875 0.48635912656249997 0.381200396875 0.493303571875 0.3960813484375 0.4990079359375
5 0.4077380953125 0.544146825 0.4117063484375 0.5451388890625 0.4144345234375 0.5486111109375 0.4164186515625 0.5570436515625 0.41815476250000005 0.559027778125 0.41865079375 0.564980159375 0.4208829359375 0.57217261875 0.43030753906249997 0.577380953125 0.43402777812500004 0.577876984375 0.43948412656249997 0.56845238125 0.439980159375 0.565228175 0.43675595312500004 0.5550595234375 0.434523809375 0.5399305562500001 0.437748015625 0.5295138890625 0.4375 0.5230654765625 0.435019840625 0.5168650796875001 0.43402777812500004 0.515625 0.431299603125 0.514880953125 0.4295634921875 0.509424603125 0.4265873015625 0.505704365625 0.419146825 0.5037202375 0.4171626984375 0.5052083328125 0.40972222187499996 0.5064484125 0.4047619046875 0.5084325390625 0.3958333328125 0.518353175 0.3955853171875 0.5223214281249999 0.396825396875 0.527777778125 0.4012896828125 0.536954365625 0.4077380953125 0.544146825
5 0.44122023749999995 0.52157738125 0.44171627031250005 0.544394840625 0.446924603125 0.5523313484375 0.45734127031250005 0.5538194437499999 0.4613095234375 0.5488591265625 0.46279761875 0.5394345234375 0.462053571875 0.52529761875 0.459821428125 0.5210813484375 0.46676587343750003 0.514880953125 0.468998015625 0.5114087296875 0.4702380953125 0.5064484125 0.4699900796875 0.5009920640625001 0.46651785781250005 0.49776785781250005 0.4608134921875 0.48387896875 0.45758928593750003 0.48090277812500004 0.4518849203125 0.4791666671875 0.4454365078125 0.4794146828125 0.437748015625 0.4833829359375 0.43377976250000005 0.4858630953125 0.4300595234375 0.4920634921875 0.4295634921875 0.4947916671875 0.430803571875 0.5071924609375 0.434771825 0.5138888890625 0.44122023749999995 0.52157738125
5 0.47197420625 0.5019841265625 0.4734623015625 0.5133928578125 0.48015872968749995 0.5178571421875 0.4895833328125 0.5138888890625 0.49280753906249997 0.50967261875 0.49156746093750003 0.50595238125 0.49578372968749995 0.497271825 0.4987599203125 0.49652777812500004 0.50322420625 0.49007936562500004 0.5047123015625 0.48214285781250005 0.5044642859375 0.477678571875 0.5014880953125 0.46924603125 0.4987599203125 0.4677579359375 0.4935515875 0.462053571875 0.48660714218749995 0.459325396875 0.48040674531249994 0.4583333328125 0.46800595312500004 0.462549603125 0.4640376984375 0.465773809375 0.4623015875 0.4697420640625 0.4613095234375 0.4742063484375 0.46180555625 0.48387896875 0.466269840625 0.49553571406249997 0.47197420625 0.5019841265625
5 0.4310515875 0.4739583328125 0.4456845234375 0.4675099203125 0.44890872968749995 0.46428571406249997 0.4516369046875 0.4632936515625 0.453125 0.4610615078125 0.45634920625 0.459821428125 0.4610615078125 0.46006944375 0.46651785781250005 0.462053571875 0.47743055625 0.45882936562500004 0.4856150796875 0.45510912656249997 0.48660714218749995 0.45362103125 0.486855159375 0.44990079375 0.4861111109375 0.44717261875 0.48090277812500004 0.4427083328125 0.477678571875 0.4422123015625 0.4769345234375 0.4392361109375 0.471726190625 0.434771825 0.46924603125 0.424851190625 0.46949404687499996 0.41989087343750003 0.466269840625 0.4164186515625 0.462549603125 0.41840277812500004 0.45709325468750006 0.418898809375 0.45238095312500004 0.421626984375 0.4451884921875 0.4295634921875 0.44171627031250005 0.43526785781250005 0.4429563484375 0.4387400796875 0.4424603171875 0.44097222187499996 0.4265873015625 0.453373015625 0.4233630953125 0.4585813484375 0.4228670640625 0.46304563437499996 0.4236111109375 0.46676587343750003 0.42782738125 0.471726190625 0.4310515875 0.4739583328125
5 0.5796130953125 0.5585317453124999 0.5833333328125 0.5610119046875 0.5900297625 0.5625 0.5954861109375 0.5625 0.60342261875 0.5587797625 0.611855159375 0.549603175 0.6135912703125 0.54092261875 0.6180555562500001 0.531994046875 0.62450396875 0.5270337296875 0.627728175 0.5262896828125 0.6326884921875 0.5210813484375 0.6336805562500001 0.5176091265625 0.6331845234375 0.5133928578125 0.6302083328125 0.509920634375 0.62450396875 0.50595238125 0.6185515875 0.5054563484375 0.6165674609375 0.5101686515625 0.6078869046875 0.5168650796875001 0.5989583328125 0.5210813484375 0.5922619046875 0.5208333328125 0.5885416671875 0.5193452375 0.5835813484375 0.5223214281249999 0.5744047625 0.5240575390625 0.572420634375 0.5265376984375 0.5677083328125 0.5292658734375 0.5662202375 0.5329861109375 0.5669642859375 0.5431547625 0.571924603125 0.55282738125 0.578125 0.556299603125 0.5796130953125 0.5585317453124999
5 0.5262896828125 0.5689484125 0.5329861109375 0.56845238125 0.5362103171875 0.5669642859375 0.5538194437499999 0.5689484125 0.5662202375 0.56845238125 0.5741567453124999 0.5642361109375 0.5768849203124999 0.5605158734375 0.577876984375 0.5570436515625 0.5706845234375 0.547619046875 0.5664682546875001 0.5354662703125 0.5667162703125 0.5292658734375 0.5625 0.5265376984375 0.55927579375 0.5265376984375 0.5520833328125 0.5300099203124999 0.5416666671875 0.531994046875 0.5334821421875 0.5376984125 0.530505953125 0.544146825 0.5275297625 0.544394840625 0.5228174609375 0.546626984375 0.518601190625 0.5520833328125 0.518353175 0.5605158734375 0.52157738125 0.565972221875 0.5243055562500001 0.56845238125 0.5262896828125 0.5689484125
5 0.6207837296875 0.68154761875 0.6304563484375 0.6855158734375 0.6339285718750001 0.6857638890625 0.6453373015625 0.685019840625 0.65029761875 0.68154761875 0.650049603125 0.6773313484375 0.6507936515625 0.6758432546875001 0.653521825 0.674603175 0.656498015625 0.6609623015625 0.6552579359374999 0.656498015625 0.653769840625 0.6547619046875 0.6507936515625 0.6550099203124999 0.650049603125 0.652777778125 0.6522817453124999 0.6421130953125 0.6540178578125 0.6396329359374999 0.656994046875 0.63095238125 0.656994046875 0.6259920640625001 0.6542658734375 0.619295634375 0.652777778125 0.608630953125 0.6507936515625 0.6051587296875 0.6450892859375 0.6016865078125 0.6388888890625 0.6029265875 0.6341765875 0.6111111109375 0.631200396875 0.6240079359374999 0.62549603125 0.64112103125 0.6178075390625 0.6453373015625 0.6148313484375 0.655505953125 0.6116071421875 0.6584821421875 0.610119046875 0.6654265875 0.6106150796875001 0.6698908734375 0.615575396875 0.6773313484375 0.6207837296875 0.68154761875
5 0.6572420640625001 0.615079365625 0.6552579359374999 0.61904761875 0.6584821421875 0.6272321421875 0.6674107140625 0.6359126984375 0.6741071421875 0.6359126984375 0.6820436515625 0.6289682546875001 0.6914682546875001 0.6230158734375 0.6979166671875 0.6170634921875 0.702380953125 0.6111111109375 0.6986607140625 0.60342261875 0.6946924609375 0.59970238125 0.68700396875 0.5947420640625001 0.6708829359374999 0.590277778125 0.6582341265625 0.5803571421875 0.6542658734375 0.5758928578125 0.6507936515625 0.5744047625 0.6450892859375 0.5744047625 0.641369046875 0.5763888890625 0.6361607140625 0.58407738125 0.6453373015625 0.5974702375 0.6512896828125 0.603174603125 0.6572420640625001 0.615079365625
5 0.44122023749999995 0.6113591265625 0.4439484125 0.6143353171875 0.4422123015625 0.61904761875 0.4429563484375 0.62822420625 0.446428571875 0.63095238125 0.4546130953125 0.6314484125 0.45684523749999995 0.630704365625 0.4605654765625 0.6227678578125 0.46279761875 0.611855159375 0.46651785781250005 0.609126984375 0.471726190625 0.5977182546875001 0.47247023749999995 0.5915178578125 0.47073412656249997 0.5835813484375 0.46552579375 0.5761408734375 0.4623015875 0.5736607140625 0.45238095312500004 0.5709325390625 0.4429563484375 0.5716765875 0.43973214218749995 0.5736607140625 0.4365079359375 0.577876984375 0.434523809375 0.5853174609375 0.4325396828125 0.587549603125 0.4325396828125 0.596230159375 0.4365079359375 0.606398809375 0.43973214218749995 0.6078869046875 0.44122023749999995 0.6113591265625
5 0.484375 0.6302083328125 0.49156746093750003 0.6319444437499999 0.500744046875 0.630704365625 0.5081845234375 0.625744046875 0.5114087296875 0.6195436515625 0.512152778125 0.61532738125 0.5114087296875 0.6078869046875 0.5076884921875 0.6014384921875 0.50049603125 0.5949900796875001 0.49305555625 0.5915178578125 0.4828869046875 0.590773809375 0.474950396875 0.5949900796875001 0.4721813 0.59811011875 0.47662549531250004 0.6034213796875 0.4789017859375 0.6049389875 0.48247867031249997 0.6002780265625 0.4875731640625 0.5991939484375 0.49429340312500003 0.6001696421875 0.49743675625000006 0.604180059375 0.5016641859375001 0.607540178125 0.5033983140625 0.6156696421875 0.5012306546875 0.6208725203125 0.4946185515625 0.623582340625 0.4861639390625 0.62119766875 0.4784682546875 0.616862103125 0.47705902812499995 0.6054809031249999 0.47315699375 0.5995193453125001 0.46825396875 0.606894840625 0.46800595312500004 0.611855159375 0.471478175 0.6207837296875 0.47842261875 0.6269841265625 0.484375 0.6302083328125
5 0.4201388890625 0.611855159375 0.42609127031250005 0.6145833328125 0.43427579375 0.615079365625 0.44097222187499996 0.6113591265625 0.439980159375 0.6071428578125 0.4360119046875 0.6041666671875 0.43358358125 0.6059484125 0.43113343281249994 0.6062063484375 0.4233963296875 0.603240328125 0.41656175624999997 0.5958901296875 0.4154012890625 0.5886686515624999 0.419269840625 0.5841552578125 0.4252016375 0.5826078875 0.4326810515625 0.5862185015625 0.43435739062499995 0.5827368546875 0.4362916671875 0.5777078375 0.432165178125 0.57835243125 0.42237103125 0.5741567453124999 0.419146825 0.5744047625 0.415178571875 0.5761408734375 0.41071428593750003 0.5801091265625 0.4074900796875 0.5868055562500001 0.4074900796875 0.594494046875 0.41021825468750006 0.6016865078125 0.41344246093750003 0.60615079375 0.4201388890625 0.611855159375
5 0.312790675 0.196706596875 0.3135337296875 0.1879764390625 0.31873462343750003 0.1799893359375 0.3267217265625 0.180360615625 0.3317368546875 0.1840756453125 0.3365662203125 0.19001959375 0.3369377484375 0.198006696875 0.3361946921875 0.20432217187499999 0.3335942453125 0.20933730156250002 0.328021825 0.2123092765625 0.3228209328125 0.2124950390625 0.3176200390625 0.2111946921875 0.31204761875 0.20747991093749998 0.3074040171875 0.20989459375 0.30803571406249997 0.21602182499999997 0.3110119046875 0.218998015625 0.3201884921875 0.2234623015625 0.328373015625 0.2234623015625 0.3318452375 0.22147817500000003 0.33506944375000003 0.2209821421875 0.338045634375 0.21800595312499998 0.34375 0.20833333281250002 0.346478175 0.1979166671875 0.346230159375 0.193204365625 0.3420138890625 0.181299603125 0.33928571406249997 0.177579365625 0.333829365625 0.17286706406250002 0.3261408734375 0.1696428578125 0.3196924609375 0.16939484062500001 0.3110119046875 0.1731150796875 0.3050595234375 0.18030753906250002 0.3023313484375 0.18923611093749998 0.30282738125 0.20114087343749998 0.3061036703125 0.208780009375 0.31501959375 0.20562227187499998 0.312790675 0.196706596875
5 0.2571924609375 0.322420634375 0.26116071406249997 0.3241567453125 0.27008928593750003 0.32490079375 0.2760416671875 0.32217261875 0.280505953125 0.3179563484375 0.2834821421875 0.309523809375 0.28322817499999997 0.29836135937499997 0.27316021875 0.29972172656249996 0.27302430625 0.3080208328125 0.2666297125 0.314279265625 0.2592829859375 0.313326884375 0.25329662656249996 0.3067963796875 0.2526165671875 0.2945518359375 0.2572423109375 0.2870689484375 0.2602353671875 0.286796875 0.2659494046875 0.291966765625 0.268670634375 0.3016264875 0.28075396874999997 0.2953869046875 0.2775297625 0.2894345234375 0.268353175 0.2792658734375 0.2584325390625 0.2765376984375 0.2519841265625 0.278521825 0.24677579375 0.2832341265625 0.243799603125 0.29241071406249997 0.2435515875 0.2986111109375 0.2462797625 0.30902777812500004 0.24950396874999997 0.315228175 0.2571924609375 0.322420634375
5 0.346726190625 0.4265873015625 0.3519995046875 0.42546800625000003 0.359934771875 0.42208010937499996 0.362876984375 0.416373759375 0.3557206359375 0.412272978125 0.3633432546875 0.415674603125 0.3648313484375 0.40699404687499996 0.3640873015625 0.39955357187499996 0.362351190625 0.39409722187499996 0.359375 0.387896825 0.3571428578125 0.3854166671875 0.3492063484375 0.3804563484375 0.34375 0.37946428593750003 0.337549603125 0.3804563484375 0.330605159375 0.384920634375 0.3268849203125 0.39409722187499996 0.3266369046875 0.4015376984375 0.328125 0.408978175 0.330605159375 0.41468253906249997 0.337549603125 0.4231150796875 0.346726190625 0.4265873015625
5 0.35514134999999997 0.41194103281250005 0.35672495 0.40719047656249996 0.3554766859375 0.3988985609375 0.3501272328125 0.39230084375 0.34477752968750003 0.388377728125 0.33791245000000003 0.392657490625 0.3351483140625 0.39747197343749996 0.3364858625 0.4076361609375 0.3423702875 0.4143231640625 0.35173214218750004 0.416284721875 0.354941715625 0.41182663750000004 0.35514134999999997 0.41194103281250005
5 0.47468576406249996 0.32104241093749997 0.48025520781250003 0.318125 0.48622247031250004 0.318920634375 0.4908638390625 0.32064459375 0.49444419687499996 0.3248881453125 0.4989528765625 0.33377281718749996 0.49722891875 0.3445138890625 0.4914227890625 0.35018798281249996 0.5002787703125 0.3475639875 0.5021354171875 0.3365575390625 0.502533234375 0.33443576406250003 0.4966431046875 0.32055183593750003 0.49540302656249996 0.31286334375 0.4924268359375 0.3096391375 0.48821056562500004 0.3083990578125 0.4777938984375 0.30864707343750003 0.4678732640625 0.313359375 0.46316096250000005 0.31931175624999997 0.460184771875 0.3279923109375 0.460184771875 0.33766493125 0.46415302656249996 0.3465935015625 0.46646403750000004 0.35048139843750004 0.47229861093750003 0.342790178125 0.46991170625 0.33443576406250003 0.47097271875 0.325948909375 0.47468576406249996 0.32104241093749997
5 0.48179138593750004 0.3509799359375 0.47972470312500004 0.3511443453125 0.47097271875 0.3451770828125 0.46500520781250004 0.35247048593749997 0.46911334374999997 0.3565141375 0.4745696921875 0.35949032812500004 0.47804191406249996 0.35849826406249996 0.47977802656249996 0.3525458828125 0.48179138593750004 0.3509799359375
5 0.48363095312500004 0.3737599203125 0.49156746093750003 0.38095238125 0.5014880953125 0.388144840625 0.512152778125 0.390873015625 0.51612103125 0.390873015625 0.518601190625 0.3883928578125 0.5203373015625 0.38467261875 0.5195932546875001 0.3804563484375 0.5067765375 0.362813740625 0.4937810015625 0.35207266875 0.49577033750000005 0.3693115078125 0.497494046875 0.365466021875 0.504655009375 0.372494046875 0.5085004953125 0.378991815625 0.507969990625 0.38190922656250004 0.5018702875 0.38031795625 0.4940463796875 0.375544146875 0.48781374062499994 0.36626165624999996 0.48781374062499994 0.3622834828125 0.48927256874999997 0.36042683593749997 0.49311805625 0.362813740625 0.49218973281249995 0.35207266875 0.4861111109375 0.3509424609375 0.4833829359375 0.3514384921875 0.48040674531249994 0.35342261875 0.48040674531249994 0.3560682046875 0.47743055625 0.3608630953125 0.477678571875 0.36532738125 0.48363095312500004 0.3737599203125
5 0.768105159375 0.27777777812500004 0.7696051890625 0.26707977031249996 0.769867559375 0.2770483625 0.7852182546875001 0.2760416671875 0.791170634375 0.2730654765625 0.7986111109375 0.2673611109375 0.8060515875 0.25669642812500004 0.8087797625 0.24503968281250002 0.8072916671874999 0.234126984375 0.8053075390625001 0.22842261874999997 0.8020833328125001 0.22395833281250002 0.7921626984375 0.21602182499999997 0.7854662703125 0.2132936515625 0.7790178578125 0.21279761874999997 0.768601190625 0.21378968281250002 0.75595238125 0.2199900796875 0.74677579375 0.2301587296875 0.74404761875 0.23487103125000003 0.7413194437499999 0.2435515875 0.7415674609375 0.25595238125 0.74677579375 0.2673611109375 0.750248015625 0.271329365625 0.759424603125 0.2772817453125 0.768105159375 0.27777777812500004
5 0.769609409375 0.267049671875 0.7793392859375 0.2657348703125 0.7880218250000001 0.25942038749999996 0.7940731640625 0.2512641375 0.7951254953125 0.2436341765625 0.7917051093749999 0.233373015625 0.7846014390625 0.22705853125000003 0.7748665671875 0.22495386874999998 0.766447171875 0.227847965625 0.7580280265625 0.23416245 0.7530290171875 0.2460022328125 0.7546076390625001 0.25494766874999997 0.7588172125 0.2646825390625 0.769867559375 0.26520858125 0.769609409375 0.267049671875
5 0.3554067453125 0.5427390875 0.3608630953125 0.5462113093750001 0.3697916671875 0.5479474203125 0.37549603125000003 0.546707340625 0.3824404765625 0.5419950390625 0.38194444375000003 0.5335625 0.372509425 0.5383645828125 0.36697569375 0.5381339281249999 0.36144221249999997 0.535943453125 0.356139384375 0.532139384375 0.36040476250000003 0.5270669640625 0.35660044687500003 0.5239543656250001 0.35838293593750004 0.51744146875 0.353948909375 0.5096594734375001 0.34970238125 0.5159533734374999 0.3487103171875 0.5179375 0.3484623015625 0.5221537703125 0.3509424609375 0.5303382937500001 0.3511904765625 0.5377787703125 0.3554067453125 0.5427390875
5 0.388226190625 0.2246245046875 0.3896966765625 0.21433085312500003 0.3893291171875 0.204772321875 0.381241071875 0.19852256875000002 0.3639623015625 0.19741964218750002 0.3463157234375 0.20256646875 0.34411011875 0.223521578125 0.3463157234375 0.2319771828125 0.3544037703125 0.23785937499999998 0.3499920640625 0.277563740625 0.355506696875 0.2852842265625 0.368373759375 0.288960565625 0.3738883921875 0.2742552078125 0.3783000984375 0.24227108125000002 0.3845498515625 0.2393298609375 0.39043204375 0.235653521875 0.388226190625 0.2246245046875
5 0.52167733125 0.3676341765625 0.528294890625 0.335282490625 0.539323909375 0.330870784375 0.547044146875 0.3165329859375 0.5459412203125 0.301092509375 0.5385885421875 0.29263690468750003 0.5242507437499999 0.2867547125 0.5135892859375 0.286387153125 0.5084424609375 0.288960565625 0.500722221875 0.2919015375 0.496310515625 0.2974161703125 0.496310515625 0.312121528125 0.500722221875 0.3231505453125 0.50366319375 0.33123834375 0.50366319375 0.3341795640625 0.49778124999999995 0.349987846875 0.5102807546875 0.3628549109375 0.5198392859375 0.3768251484375 0.52167733125 0.3676341765625
5 0.57845709375 0.5100282734375 0.5956359124999999 0.49906944375 0.605113590625 0.4898876484375 0.6089640375 0.48366790625 0.5929702375 0.465896825 0.5852693453125 0.46885863125 0.5725334828124999 0.454049603125 0.558316715625 0.4419060015625 0.5503196921875 0.43746329375000004 0.5446922125 0.43538988125 0.538176090625 0.44131374062499995 0.5666098703125 0.48455654687500005 0.56246329375 0.4913685515625 0.57845709375 0.5100282734375
5 0.5192497515625 0.49182886875 0.5256401296875 0.5114923109375 0.53104761875 0.514933284375 0.5364551093750001 0.5154248515625001 0.547761409375 0.5146875 0.5580845734375 0.5092800093750001 0.5659499015625 0.5011688984375 0.5657041171875 0.4979737109375 0.5620173609375 0.49281200468749997 0.5642294140625 0.489616815625 0.56152579375 0.4837177578125 0.5568556546875 0.47904761875 0.547761409375 0.47831026718749997 0.5317849703124999 0.4360342265625 0.528835565625 0.43038095312499997 0.5226907234375 0.4321014390625 0.510646825 0.43898363125 0.5111383921875 0.443162203125 0.5263774796875 0.48322619062500005 0.5244112109375 0.48543824375 0.5229365078125 0.4864213796875 0.5192497515625 0.49182886875
5 0.519987103125 0.43357638906249996 0.5226907234375 0.42915203437500005 0.5207244546875 0.42325297656250005 0.5175290171875 0.41809151718750004 0.518512153125 0.41292981093750003 0.5177748015625 0.40604761875 0.5163000984375 0.4016232640625 0.50376488125 0.40064012968749996 0.49294990156249996 0.4045729171875 0.482380953125 0.41170089218749994 0.47721924531250004 0.41563343281250004 0.475498759375 0.42202405781249996 0.47795659687500003 0.4313640875 0.48434722187499996 0.4434079859375 0.48828000937500005 0.44463690468749995 0.493195684375 0.44267063437500004 0.49688268906250005 0.44439112031250005 0.51507118125 0.4847008921875 0.5258859124999999 0.4834719734375 0.5104010421875 0.43873784687499995 0.519987103125 0.43357638906249996
5 0.4787532234375 0.55475694375 0.48266567499999996 0.5562239578125 0.48723040624999997 0.5550828375 0.49896775781249997 0.547584078125 0.50516245 0.55084449375 0.510053075 0.550518353125 0.5144546125 0.5474208828125 0.525376984375 0.5436716265625 0.5318978171875 0.5335642359375 0.5323869046875 0.527532490625 0.5281483140625001 0.5167733140624999 0.52553993125 0.513023809375 0.5188561515625 0.5068291171875 0.5087490078125 0.5040577875000001 0.5001088796875 0.50780704375 0.48788244062499997 0.51905555625 0.48723040624999997 0.5247611609375 0.486415178125 0.52834771875 0.4719064984375 0.5389439484375 0.47125446406249993 0.5443236609375 0.47321056562499997 0.549051090625 0.4787532234375 0.55475694375
5 0.39372891875 0.500476934375 0.39259127031249996 0.49952877031250004 0.38519494062500004 0.49459796562499997 0.3787470234375 0.4900463796875 0.3740057046875 0.48283978125000004 0.369454365625 0.4843571421875 0.3614890875 0.4889084828125 0.352006696875 0.496873759375 0.35162747968749997 0.5029424609375 0.3599719734375 0.5188727671875 0.36509250937500004 0.5209588296875001 0.3715404265625 0.5186830359375 0.39486681562500003 0.55490550625 0.40207341249999995 0.5497852187500001 0.40852157812499995 0.5465610125 0.4035907734375 0.5406820437500001 0.3988494546875 0.5363201890625 0.3944875984375 0.5285446421875 0.39429786718750004 0.5196312 0.388987846875 0.508821428125 0.389746528125 0.5069250984375 0.3903154765625 0.5054077375 0.39372891875 0.500476934375
5 0.47024603125000003 0.524962053125 0.46757093281250006 0.5286909718749999 0.4662740578125 0.532744046875 0.4651391375 0.5389858624999999 0.46570659687499993 0.5440927578125 0.46716567500000006 0.5477408234375 0.4700838296875 0.5517938984375 0.4725158734375 0.555684771875 0.4780280265625 0.5592514875 0.4888903765625 0.5615213296875 0.4949702375 0.56160243125 0.50194146875 0.55819766875 0.5057514875 0.5511453375 0.49942857187499995 0.547902778125 0.496915675 0.551875 0.4921329359375 0.554712053125 0.488647321875 0.5551173109375 0.4838645828125 0.55690079375 0.4793251484375 0.5563333328125 0.4730022328125 0.5498482140625 0.47089459375000003 0.5441738593750001 0.4719484125 0.5380131453125 0.4738938484375 0.53314930625 0.47762276718749996 0.5277993546874999 0.48240550625 0.5265022328125 0.48499950468749997 0.5268266374999999 0.48613442500000004 0.52715079375 0.4863774796875 0.5197740578125 0.48046006874999997 0.5191254953125 0.4755151296875 0.521152034375 0.47024603125000003 0.524962053125