5 0.3244047625 0.5758928578125 0.328125 0.57862103125 0.33506944375000003 0.5863095234375 0.3365575390625 0.5917658734375 0.3420138890625 0.5954861109375 0.3489583328125 0.6044146828125 0.3576388890625 0.6133432546875001 0.36036706406249996 0.6232638890625 0.3648313484375 0.6269841265625 0.3665674609375 0.6304563484375 0.3789682546875 0.6460813484375 0.41493055625 0.6897321421875 0.434523809375 0.716269840625 0.43948412656249997 0.7207341265625 0.4513888890625 0.7385912703125 0.4580853171875 0.743799603125 0.4640376984375 0.7519841265625 0.4734623015625 0.7619047625 0.477678571875 0.7695932546875001 0.48363095312500004 0.7760416671875 0.48809523749999995 0.7792658734375 0.49032738125 0.7829861109375 0.49032738125 0.7857968750000001 0.487351190625 0.79092261875 0.49156746093750003 0.7946428578125 0.490575396875 0.7986111109375 0.499751984375 0.8070436515624999 0.5042162703125 0.809027778125 0.5071924609375 0.809771825 0.5168650796875001 0.806795634375 0.5223214281249999 0.8015873015625001 0.5260416671875 0.7946428578125 0.5275297625 0.78720238125 0.5265376984375 0.781994046875 0.5228174609375 0.77529761875 0.513144840625 0.7666170640625001 0.5084325390625 0.7668650796875001 0.502480159375 0.7616567453124999 0.4950396828125 0.752976190625 0.475446428125 0.7276785718750001 0.47197420625 0.724454365625 0.42633928593750003 0.6646825390625 0.40823412656249997 0.643353175 0.40550595312500004 0.637648809375 0.384920634375 0.6140873015625 0.3821924609375 0.608630953125 0.337549603125 0.5545634921875 0.3333333328125 0.5515873015625 0.3263888890625 0.5394345234375 0.3209325390625 0.5367063484375 0.3189484125 0.5334821421875 0.3137400796875 0.5295138890625 0.3048115078125 0.5295138890625 0.3008432546875 0.531498015625 0.296130953125 0.5357142859375 0.29588293593750004 0.537450396875 0.297619046875 0.5394345234375 0.299603175 0.5446428578125 0.3244047625 0.5758928578125
5 0.471478175 0.865079365625 0.474950396875 0.8645833328125001 0.48759920625 0.8573908734375 0.49305555625 0.8501984125 0.493799603125 0.8447420640625 0.4982638890625 0.840277778125 0.5014880953125 0.8392857140625001 0.512896825 0.8318452375 0.515873015625 0.830853175 0.5238095234375 0.82490079375 0.5451388890625 0.8139880953124999 0.5515873015625 0.809027778125 0.571924603125 0.7986111109375 0.57762896875 0.794146825 0.5922619046875 0.7867063484375 0.6009424609375 0.781001984375 0.6051587296875 0.7797619046875 0.6073908734375 0.7770337296875 0.60987103125 0.7767857140625 0.612351190625 0.7745535718750001 0.615575396875 0.7743055562500001 0.6185515875 0.771329365625 0.621527778125 0.7705853171875 0.627728175 0.7698412703125 0.6331845234375 0.7638888890625 0.6361607140625 0.7641369046875 0.6423611109375 0.7569444437499999 0.6602182546875001 0.7477678578125 0.6651785718750001 0.7430555562500001 0.6728670640625001 0.7398313484375 0.6820436515625 0.733630953125 0.6860119046875 0.7323908734375 0.6875 0.7304067453124999 0.700148809375 0.724454365625 0.7078373015625 0.718005953125 0.71279761875 0.7165178578125 0.71875 0.7100694437499999 0.71924603125 0.7048611109375 0.7132936515625 0.69990079375 0.70634920625 0.69990079375 0.7008928578125 0.7043650796875001 0.69717261875 0.7043650796875001 0.6941964281249999 0.7070932546875001 0.6927083328125 0.7103174609375 0.6894841265625 0.7115575390625 0.687251984375 0.716269840625 0.678075396875 0.7199900796875001 0.671130953125 0.71825396875 0.6664186515625 0.721478175 0.658730159375 0.724454365625 0.656001984375 0.7269345234375 0.646825396875 0.731894840625 0.6448412703125 0.734126984375 0.6391369046875 0.7361111109375 0.63740079375 0.7383432546875001 0.624255953125 0.7460317453124999 0.615079365625 0.7487599203124999 0.6111111109375 0.7522321421875 0.606894840625 0.7542162703125 0.6044146828125 0.7569444437499999 0.5979662703125 0.7591765875 0.59052579375 0.7636408734375 0.5887896828125 0.7673611109375 0.5694444437499999 0.7795138890625 0.5602678578125 0.7824900796875001 0.5570436515625 0.781994046875 0.5545634921875 0.783730159375 0.5483630953125 0.7849702375 0.540674603125 0.7914186515625 0.5292658734375 0.797123015625 0.5243055562500001 0.8013392859374999 0.52157738125 0.8058035718750001 0.5166170640625001 0.8087797625 0.5114087296875 0.8110119046875001 0.5017361109375 0.8125 0.48834325468750006 0.8201884921874999 0.46825396875 0.82217261875 0.46006944375 0.825396825 0.4578373015625 0.830605159375 0.45734127031250005 0.838045634375 0.4585813484375 0.841269840625 0.455605159375 0.846230159375 0.45535714218749995 0.849454365625 0.4613095234375 0.8549107140625001 0.46552579375 0.8616071421875 0.471478175 0.865079365625
5 0.265873015625 0.20882936562499999 0.26116071406249997 0.24255952343749998 0.2584325390625 0.2519841265625 0.25694444375000003 0.2633928578125 0.2552083328125 0.2673611109375 0.24925595312499998 0.30282738125 0.24479166718749998 0.32142857187499996 0.2408234125 0.35243055624999997 0.2358630953125 0.368799603125 0.22867063437500001 0.40029761875 0.2289186515625 0.41046627031250005 0.2227182546875 0.430803571875 0.2227182546875 0.43551587343750003 0.2289186515625 0.4387400796875 0.2435515875 0.4387400796875 0.24826388906250002 0.43551587343750003 0.25 0.42782738125 0.250248015625 0.4166666671875 0.252976190625 0.4050099203125 0.2547123015625 0.391369046875 0.2671130953125 0.333829365625 0.271329365625 0.3077876984375 0.278769840625 0.271825396875 0.2829861109375 0.243799603125 0.28447420625 0.24032738125000003 0.287450396875 0.224950396875 0.28794642812500004 0.21602182499999997 0.29017857187499996 0.2078373015625 0.2929067453125 0.1894841265625 0.296130953125 0.178075396875 0.2986111109375 0.1612103171875 0.299851190625 0.15699404687500002 0.30555555624999997 0.1510416671875 0.3082837296875 0.146329365625 0.3075396828125 0.1421130953125 0.30902777812500004 0.1262400796875 0.30803571406249997 0.12276785781249999 0.297123015625 0.11507936562500001 0.2904265875 0.11433531718750001 0.287450396875 0.112847221875 0.2792658734375 0.1145833328125 0.2775297625 0.1173115078125 0.27529761875 0.11855158750000001 0.2728174609375 0.1269841265625 0.2728174609375 0.1426091265625 0.2762896828125 0.1515376984375 0.27430555624999997 0.1698908734375 0.265873015625 0.20882936562499999
5 0.3948412703125 0.23164682499999997 0.3926091265625 0.23611111093749998 0.390625 0.2519841265625 0.38740079375 0.2633928578125 0.3841765875 0.27008928593750003 0.3831845234375 0.278521825 0.381200396875 0.2827380953125 0.3787202375 0.29786706406249996 0.3712797625 0.321924603125 0.36383928593750003 0.3573908734375 0.3616071421875 0.3611111109375 0.359126984375 0.369295634375 0.3576388890625 0.381200396875 0.35342261875 0.3923611109375 0.3544146828125 0.39756944375000003 0.3576388890625 0.39930555624999997 0.3682204859375 0.40064608125 0.3762400796875 0.384424603125 0.3834325390625 0.365079365625 0.38368055624999997 0.3613591265625 0.3859126984375 0.3573908734375 0.390376984375 0.338045634375 0.393601190625 0.3177083328125 0.39732142812500004 0.3077876984375 0.409226190625 0.2552083328125 0.415178571875 0.2366071421875 0.4154265875 0.2321428578125 0.41815476250000005 0.2242063484375 0.41840277812500004 0.22073412656250002 0.4207455359375 0.21609994999999999 0.42509920625 0.21676587343749998 0.4283234125 0.20907738125000003 0.4298115078125 0.20138888906250002 0.4298115078125 0.1927083328125 0.42534722187499996 0.18799603125 0.4164186515625 0.18427579375 0.405835565625 0.1838266375 0.3982862109375 0.188544890625 0.3958333328125 0.2021329359375 0.39451165625 0.207040675 0.3982862109375 0.21383506875 0.3970734125 0.2199900796875 0.3948412703125 0.23164682499999997
5 0.3511904765625 0.4764384921875 0.3551587296875 0.47445436562500004 0.3613591265625 0.45089285781250005 0.35987103125000003 0.43973214218749995 0.3578869046875 0.4362599203125 0.3576388890625 0.42261904687499996 0.353670634375 0.42113095312500004 0.3489583328125 0.42113095312500004 0.3457341265625 0.4233630953125 0.3425099203125 0.43154761875 0.3415178578125 0.44072420625 0.3363095234375 0.4585813484375 0.3358134921875 0.46676587343750003 0.3373015875 0.47445436562500004 0.3452380953125 0.4769345234375 0.3511904765625 0.4764384921875
5 0.4985119046875 0.330605159375 0.5119047625 0.32862103125000003 0.51612103125 0.325396825 0.5329861109375 0.3231646828125 0.5384424609375 0.3199404765625 0.5481150796875001 0.3179563484375 0.5555555562500001 0.3105158734375 0.5570436515625 0.306299603125 0.5505952375 0.3053075390625 0.52157738125 0.30927579375 0.5119047625 0.309523809375 0.509424603125 0.3087797625 0.49801587343750003 0.309523809375 0.453373015625 0.3137400796875 0.4427083328125 0.315476190625 0.43675595312500004 0.32118055624999997 0.43700396875 0.32911706406249996 0.4427083328125 0.333829365625 0.4613095234375 0.33407738125 0.4985119046875 0.330605159375
5 0.562748015625 0.3477182546875 0.568700396875 0.3479662703125 0.57217261875 0.3452380953125 0.5744047625 0.346230159375 0.5763888890625 0.3425099203125 0.578869046875 0.3301091265625 0.578125 0.32217261875 0.5768849203124999 0.318700396875 0.5766369046875 0.30654761875 0.578125 0.30282738125 0.580853175 0.2854662703125 0.5922619046875 0.234375 0.593998015625 0.22123015937499999 0.596726190625 0.212549603125 0.5979662703125 0.20238095312499998 0.5974702375 0.1966765875 0.6039186515625 0.16592261875 0.6039186515625 0.161954365625 0.6011904765625 0.15798611093749998 0.5954861109375 0.15873015937499999 0.5922619046875 0.1617063484375 0.5873015875 0.1741071421875 0.5873015875 0.1783234125 0.5818452375 0.2070932546875 0.5761408734375 0.22842261874999997 0.5610119046875 0.2948908734375 0.5587797625 0.2991071421875 0.5555555562500001 0.311755953125 0.5518353171875 0.3147321421875 0.547619046875 0.32713293593750004 0.5448908734375 0.3301091265625 0.5456349203124999 0.341269840625 0.5488591265625 0.34424603125000003 0.5582837296875 0.3454861109375 0.562748015625 0.3477182546875
5 0.606398809375 0.3177083328125 0.62822420625 0.31919642812500004 0.6321924609375 0.318204365625 0.6351686515625 0.315476190625 0.6393849203124999 0.3147321421875 0.6448412703125 0.31150793593750004 0.646329365625 0.3075396828125 0.646329365625 0.3020833328125 0.6448412703125 0.29737103125000003 0.6388888890625 0.29340277812500004 0.6329365078125 0.29365079375 0.6267361109375 0.29092261875 0.61904761875 0.2948908734375 0.6175595234375 0.2986111109375 0.615575396875 0.30009920625 0.5952380953125 0.3015873015625 0.5868055562500001 0.3033234125 0.5830853171875 0.3033234125 0.5803571421875 0.3010912703125 0.577380953125 0.3050595234375 0.5758928578125 0.310019840625 0.575644840625 0.3147321421875 0.5803571421875 0.3204365078125 0.5820932546875001 0.3189484125 0.606398809375 0.3177083328125
5 0.5109126984375 0.30654761875 0.512896825 0.27157738125 0.51512896875 0.17162698437499999 0.5146329359374999 0.158978175 0.516369046875 0.12127976250000001 0.515873015625 0.108630953125 0.512896825 0.10367063437499999 0.5106646828125 0.10292658750000001 0.503472221875 0.10342261875 0.5012400796875001 0.10615079375 0.500248015625 0.11061507968749999 0.49429563437499996 0.2738095234375 0.49404761875 0.30654761875 0.500248015625 0.30902777812500004 0.5084325390625 0.3082837296875 0.5109126984375 0.30654761875
5 0.5042162703125 0.362103175 0.50967261875 0.359623015625 0.512896825 0.359375 0.5146329359374999 0.3571428578125 0.51612103125 0.35044642812500004 0.515873015625 0.337549603125 0.512896825 0.3330853171875 0.509920634375 0.330853175 0.503472221875 0.3298611109375 0.4925595234375 0.33134920625 0.48784722187499996 0.33407738125 0.484623015625 0.3459821421875 0.484375 0.35342261875 0.48660714218749995 0.3576388890625 0.49404761875 0.3611111109375 0.5042162703125 0.362103175
5 0.39297569375 0.46454464218749997 0.40165625 0.4642966265625 0.4071125984375 0.46280853125 0.41008878906249996 0.45958432499999996 0.41157688437499995 0.4479275796875 0.410584821875 0.43999107187500003 0.4093447421875 0.43825496093750005 0.405835565625 0.43578596249999996 0.406779265625 0.428425346875 0.3877172625 0.42634920625 0.3842951390625 0.43354265937500003 0.376606646875 0.44395932499999996 0.3768546625 0.4484236109375 0.3751185515625 0.456112103125 0.37759871093749997 0.45983234062499995 0.39297569375 0.46454464218749997
5 0.4109623015625 0.4050099203125 0.41989087343750003 0.35615079375 0.4203869046875 0.34474206406249996 0.419394840625 0.343005953125 0.41021825468750006 0.361855159375 0.3953373015625 0.4010416671875 0.3955853171875 0.4045138890625 0.4047619046875 0.4052579359375 0.4074900796875 0.406498015625 0.4109623015625 0.4050099203125
5 0.4228670640625 0.2760416671875 0.435019840625 0.2435515875 0.440228175 0.2227182546875 0.44122023749999995 0.21155753906250002 0.4456845234375 0.1939484125 0.44618055625 0.181299603125 0.4427083328125 0.1755952375 0.43973214218749995 0.17435515937499999 0.43402777812500004 0.1738591265625 0.43055555625 0.1765873015625 0.42782738125 0.18154761875 0.4268353171875 0.18576388906250002 0.4298115078125 0.1927083328125 0.43055555625 0.20064484062500001 0.4293154765625 0.2075892859375 0.4228670640625 0.22048611093749998 0.4206349203125 0.23239087343749998 0.41840277812500004 0.2358630953125 0.41765872968749995 0.249751984375 0.41493055625 0.2554563484375 0.415178571875 0.259920634375 0.41195436562500004 0.2740575390625 0.40947420625 0.2946428578125 0.41046627031250005 0.297619046875 0.4141865078125 0.2953869046875 0.4228670640625 0.2760416671875
5 0.35491071406249997 0.41989087343750003 0.359375 0.415674603125 0.3635912703125 0.40823412656249997 0.3635912703125 0.40178571406249997 0.35590277812500004 0.3985615078125 0.3373015875 0.3983134921875 0.33159722187499996 0.403521825 0.3303571421875 0.4074900796875 0.3301091265625 0.41220238125 0.33159722187499996 0.4164186515625 0.3400297625 0.419146825 0.35491071406249997 0.41989087343750003
5 0.5890376984375 0.41790674531249994 0.5957341265625 0.4166666671875 0.62177579375 0.40550595312500004 0.6507936515625 0.390625 0.652777778125 0.3886408734375 0.653769840625 0.3854166671875 0.653769840625 0.3802083328125 0.650049603125 0.375744046875 0.6475694437499999 0.374751984375 0.6443452375 0.374255953125 0.6388888890625 0.37549603125000003 0.5957341265625 0.396329365625 0.5850694437499999 0.403273809375 0.5734126984375 0.40848214218749995 0.5704365078125 0.41071428593750003 0.5699404765625 0.41220238125 0.5711805562500001 0.415674603125 0.5744047625 0.4169146828125 0.5890376984375 0.41790674531249994
5 0.393601190625 0.42609127031250005 0.3955853171875 0.4270833328125 0.4072420640625 0.4268353171875 0.43427579375 0.4293154765625 0.44444444375 0.431299603125 0.4546130953125 0.43154761875 0.4632936515625 0.4273313484375 0.46676587343750003 0.4236111109375 0.4764384921875 0.41989087343750003 0.47321428593750003 0.41790674531249994 0.45734127031250005 0.4139384921875 0.45386904687499996 0.4141865078125 0.4456845234375 0.41195436562500004 0.3988095234375 0.4050099203125 0.39384920625 0.406001984375 0.389880953125 0.4126984125 0.38715277812500004 0.421626984375 0.3851686515625 0.4236111109375 0.38740079375 0.42609127031250005 0.393601190625 0.42609127031250005
5 0.47491840312500005 0.221076884375 0.4766478171875 0.210700396875 0.47491840312500005 0.20349454374999998 0.46396552656249995 0.196288690625 0.4538772328125 0.1968650796875 0.44782415625 0.20061210312500002 0.445230159375 0.2089709828125 0.44350074375000004 0.21617683593749998 0.44436532812499996 0.22165352187499998 0.44753596250000005 0.2242475203125 0.358759425 0.422265625 0.35789459375 0.4300478671875 0.35962400781250004 0.43754216250000005 0.36394766875 0.44215377031249997 0.370576884375 0.443883184375 0.37518874062499996 0.443594990625 0.37864756875 0.4389833828125 0.4645419140625 0.23001215312499998 0.46800074374999995 0.23289459375 0.4717477671875 0.23001215312499998 0.47491840312500005 0.221076884375
5 0.5724811515625 0.377773065625 0.5796019343750001 0.38114608125 0.5912197421875 0.37552430625 0.5945927578125 0.3680287703125 0.5957172625 0.3597837296875 0.59196949375 0.35078918593749997 0.5893459828125 0.34704141875 0.577353175 0.34329365156249997 0.56835863125 0.347790921875 0.5608630953125 0.353037946875 0.5586143359375 0.358284721875 0.5642361109375 0.3612829859375 0.338996528125 0.5115677078124999 0.343119046875 0.5243100203125 0.3506143359375 0.5318053078125 0.5724811515625 0.377773065625
5 0.5586143359375 0.3642810015625 0.5589890875 0.3590342265625 0.5541170640625 0.3519134421875 0.5503692953125 0.3466666671875 0.5439982640625 0.3410451390625 0.544373015625 0.3342991078125 0.5432487593750001 0.330926090625 0.5357532234375 0.33317485156250004 0.5301314484375 0.33692261874999996 0.545497271875 0.3657802578125 0.5484955359375 0.3702775296875 0.5518685515625 0.36877827343749997 0.5586143359375 0.3642810015625
5 0.6605530749999999 0.3612829859375 0.665425346875 0.35603596249999997 0.667673859375 0.3462919140625 0.6635513390625001 0.3376721234375 0.6579298109375 0.3342991078125 0.6493100203125 0.3361728671875 0.640315228125 0.3429188984375 0.6376919640625001 0.34966493125000003 0.59159449375 0.37440005 0.5796019343750001 0.379646825 0.5155153765625 0.41525049531249997 0.5155153765625 0.4242450390625 0.521886409375 0.43174057499999996 0.527508184375 0.43061631875 0.5338792156250001 0.4264938 0.5424990078125 0.4212467765625 0.5631118546875 0.41112797656250005 0.6455622515624999 0.362032490625 0.6504342765625 0.36315674531250003 0.6530577875 0.36315674531250003 0.6605530749999999 0.3612829859375
5 0.5245099203125 0.43136582343749996 0.4600486109375 0.457974703125 0.43006671562500004 0.47821255 0.397461309375 0.501073909375 0.39896031718749997 0.5048216765625 0.40982886875 0.5145657234375001 0.41919816406250004 0.5115677078124999 0.42669370000000006 0.5074451890625 0.4319404765625 0.501073909375 0.43231522812499995 0.4947026296875 0.5327549609375 0.4448576390625 0.5271334328124999 0.4411098703125 0.5282576890625 0.43698735156249996 0.5245099203125 0.43136582343749996
5 0.5377547125000001 0.7832787703124999 0.5483125 0.7822733140625 0.5558536703125 0.7757375984375 0.5628921124999999 0.7646770828125 0.5638975687500001 0.7566331843749999 0.54931795625 0.743059028125 0.5432849703125 0.74356175625 0.32509300625000004 0.5082765375 0.32207663750000004 0.5077738093749999 0.3085024796875 0.5183313484375 0.3200654765625 0.53090005 0.5292080859375 0.7626661703125001 0.5312189984375 0.7732237109375 0.5322244546875 0.7757375984375 0.5377547125000001 0.7832787703124999
5 0.5920138890625 0.6495535718750001 0.5949900796875001 0.6542658734375 0.5982142859375 0.6545138890625 0.6009424609375 0.656001984375 0.6044146828125 0.656001984375 0.606398809375 0.6545138890625 0.6044146828125 0.640873015625 0.591021825 0.5798611109375 0.5892857140625 0.57862103125 0.5833333328125 0.577380953125 0.5766369046875 0.578125 0.5741567453124999 0.5796130953125 0.5741567453124999 0.5868055562500001 0.577380953125 0.6076388890625 0.5860615078125 0.6480654765625 0.5920138890625 0.6495535718750001
5 0.61259920625 0.75049603125 0.622519840625 0.744295634375 0.6237599203124999 0.740079365625 0.6207837296875 0.7209821421875 0.6178075390625 0.7120535718750001 0.6135912703125 0.687251984375 0.611855159375 0.685019840625 0.6049107140625 0.68154761875 0.6024305562500001 0.6793154765625 0.5920138890625 0.6760912703125 0.5922619046875 0.681795634375 0.606646825 0.74950396875 0.60887896875 0.7509920640625001 0.61259920625 0.75049603125
5 0.622023809375 0.7832341265625 0.63467261875 0.7792658734375 0.637152778125 0.775545634375 0.638144840625 0.77157738125 0.6366567453124999 0.7666170640625001 0.6361607140625 0.765873015625 0.6302083328125 0.765376984375 0.625 0.7673611109375 0.62177579375 0.7703373015625 0.6185515875 0.771329365625 0.6165674609375 0.7745535718750001 0.612847221875 0.775545634375 0.6113591265625 0.777777778125 0.6116071421875 0.781498015625 0.612847221875 0.7829861109375 0.61532738125 0.783730159375 0.622023809375 0.7832341265625
5 0.560019840625 0.4908234125 0.5664682546875001 0.4890873015625 0.568700396875 0.4856150796875 0.565228175 0.4831349203125 0.5642361109375 0.47743055625 0.559523809375 0.4742063484375 0.559523809375 0.4704861109375 0.5570436515625 0.468501984375 0.5543154765625 0.46800595312500004 0.5513392859375 0.46924603125 0.5540674609375 0.48387896875 0.5582837296875 0.484623015625 0.559027778125 0.49007936562500004 0.560019840625 0.4908234125
5 0.676722221875 0.718777778125 0.6811185515625 0.7181498015625001 0.6855146328124999 0.7150094250000001 0.6883407734375 0.7093573906249999 0.691480903125 0.704019096875 0.691480903125 0.6993087796874999 0.6911669140625001 0.693028521875 0.6864568453125 0.6876902281249999 0.6742103171875 0.6823521828125 0.6679300593749999 0.6814099703125 0.6635337296875 0.6861202875 0.42017311562500004 0.5780994546875 0.415462796875 0.5765295140625 0.4088685515625 0.5865778765624999 0.4079265875 0.5941140875 0.6569394843749999 0.703705109375 0.6581954359375 0.7090431546875 0.6619637890625001 0.7131254953124999 0.676722221875 0.718777778125
5 0.7404672625 0.672303571875 0.7473754953125 0.672617559375 0.753341765625 0.6704196421875 0.7571098703125 0.665709325 0.7593080359375 0.6619412203125 0.7596220234375 0.6578591265625 0.7539697421875 0.65032266875 0.7489454359375001 0.6440424109375 0.7451773312500001 0.6424722218750001 0.7404672625 0.6415302578125 0.7392110609375 0.643100446875 0.6886547625 0.596940228125 0.6826884921875 0.603534721875 0.679234375 0.6051046625 0.6760942453125 0.6069888390625 0.726964534375 0.6547189984374999 0.728534721875 0.6616272328125 0.7319888390625 0.6669655265625 0.7404672625 0.672303571875
5 0.7011512890625 0.5722824906249999 0.7003452375 0.5684134421875 0.6943807046875 0.56309375 0.6268353171875 0.5597083328125 0.436773065625 0.5471341765625 0.4324203875 0.5398799609375 0.4121083828125 0.5384290671875 0.4092068453125 0.5414920640625 0.4051765875 0.5476178078125 0.40372569374999995 0.5542271828125 0.40420932499999995 0.563738590625 0.40566021875 0.569058284375 0.4092068453125 0.5745391859375 0.415655009375 0.574700396875 0.4322591765625 0.57405555625 0.43661185468749997 0.56647891875 0.696819196875 0.5806116078125 0.6987333828125 0.5798591265625 0.701957340625 0.5750228171875 0.7011512890625 0.5722824906249999
5 0.5768613593749999 0.5160213296875 0.56122420625 0.5126361609375001 0.5629975203125 0.5268221718749999 0.578634671875 0.5303688 0.5797628968749999 0.5268221718749999 0.5768613593749999 0.5160213296875
5 0.72985243125 0.5714764390625 0.734688740625 0.574700396875 0.74839136875 0.5777633921875001 0.7520989578124999 0.5758288687500001 0.757580109375 0.5705091765625 0.7601592265625 0.5659952875 0.7608040671875 0.5590634921875 0.7577413187500001 0.5508420140625 0.7540334828125 0.547456596875 0.7396860125 0.545199653125 0.7343598703125 0.5464893359375 0.7303296125000001 0.55051959375 0.5881458328125 0.5318196921875 0.5589675093750001 0.5276282234375 0.4959357640625 0.5203740078125 0.4948072921875 0.521663690625 0.49174429531249997 0.5279506453125 0.4910994546875 0.5332705859375 0.49206671562500004 0.5361721234375 0.495290921875 0.5395575390625 0.5739595734375 0.54858506875 0.579608134375 0.5497135421875 0.727595734375 0.5682522328124999 0.72985243125 0.5714764390625
5 0.6656837796875 0.6088978171874999 0.672525296875 0.6076907234375 0.6829888390625001 0.6024588296875 0.6892266859375 0.5958184531249999 0.6833911203125 0.5835438984375 0.6811778281249999 0.5827390875 0.6751411203125001 0.5813306046875 0.6733301093749999 0.5801232640625 0.6568298609375 0.5793182046875 0.6574335312499999 0.5871659218749999 0.6538115078125 0.590787946875 0.6606530265624999 0.6068856640625 0.6656837796875 0.6088978171874999
5 0.5777495046875 0.5165369546874999 0.5930424109375 0.5308236609375 0.6218172125 0.5358544140625 0.6051158234375 0.52036011875 0.5777495046875 0.5165369546874999
5 0.7308797125 0.5489337796875 0.735105159375 0.5439032734375 0.737117559375 0.538269096875 0.737519840625 0.5328360609375 0.7361113593749999 0.5267993546875 0.73228819375 0.5217688484375 0.7270563 0.5197564484375 0.7159890875 0.518146825 0.710757440625 0.5199578375 0.708946428125 0.5219699906249999 0.707940228125 0.52317733125 0.560243303125 0.4923903765625 0.4799516375 0.4740791171875 0.47391493125000006 0.4752864578125 0.47190277812500003 0.4789084828125 0.47089657812499996 0.485951140625 0.47129910781250006 0.49218923593749997 0.4743174609375 0.49359771874999997 0.5521904765625 0.5086892359374999 0.7057227187499999 0.5402812499999999 0.7069342765625 0.541488590625 0.7083427578125 0.5453117562500001 0.710757440625 0.54631795625 0.7284650296875 0.54953745 0.7308797125 0.5489337796875
5 0.632679315625 0.478505953125 0.5433365578125 0.42759697343749997 0.5375012406249999 0.42457862031250004 0.532671875 0.42759697343749997 0.5298546625 0.4332311515625 0.52844618125 0.4410786203125 0.5348854171874999 0.44570684531250004 0.586398065625 0.474883928125 0.6564233625 0.510902778125 0.7025032234374999 0.5215674609375001 0.689625 0.5119089781249999 0.632679315625 0.478505953125
5 0.5586294640625 0.41371254999999996 0.5529952875 0.4171334328125 0.5507817453125 0.42015153749999995 0.548568453125 0.4253834328125 0.5497757937500001 0.43021279687499997 0.5813675593750001 0.44852405781250004 0.7049179062500001 0.5217688484375 0.7075337296875001 0.5217688484375 0.711558284375 0.5185493546875 0.7161862593749999 0.5167383437499999 0.7129667656249999 0.5127137890625 0.70391170625 0.5078844250000001 0.6968690468750001 0.50929290625 0.694454365625 0.5094942953125 0.5678856640625 0.4185419140625 0.5586294640625 0.41371254999999996
5 0.7021009421875 0.45798139843749996 0.7081374015625 0.4581825390625 0.71497891875 0.459188740625 0.7186009421875 0.4565729171875 0.722021825 0.4529508921875 0.7232291671875 0.45053621093749996 0.7224243546875 0.4477189984375 0.7244365078125 0.4440969734375 0.7228266375 0.44007266874999995 0.7204119546875 0.43544444374999997 0.71497891875 0.4330297625 0.701899553125 0.4314201390625 0.695460565625 0.4358469734375 0.6177886906250001 0.4265907734375 0.614569196875 0.423169890625 0.5648673109375 0.415724703125 0.5966604656250001 0.438462796875 0.6952591765625 0.4521458328125 0.6960642359375 0.454158234375 0.6980763890625 0.4567740578125 0.7021009421875 0.45798139843749996
5 0.511694196875 0.6164997515625 0.5632063484375001 0.576042659375 0.5359213796875 0.5751016859375 0.49358258906249997 0.6073263890625 0.511694196875 0.6164997515625
5 0.4700610125 0.6322591765625 0.47264856093749996 0.636728175 0.4785287703125 0.6400213296875 0.48511483125000004 0.63955084375 0.493112103125 0.6339057546875 0.47429489062499997 0.6233209328125 0.47147247031250006 0.6263787203125 0.4700610125 0.6322591765625
5 0.6743700390625 0.4834092265625 0.6701790671875 0.4775783734375 0.6656237593750001 0.47393402812499996 0.6572420640625001 0.47192981093749997 0.656330853125 0.472112103125 0.6514112109375 0.476302828125 0.674734375 0.491790921875 0.67546329375 0.486506696875 0.6743700390625 0.4834092265625
5 0.6069513890625 0.48723561562500006 0.6151510421874999 0.5023591265625 0.6366520343750001 0.5074610609375 0.6330076890624999 0.5007192453125 0.6069513890625 0.48723561562500006
5 0.6277237109375 0.5245890375 0.6346478171875 0.5375262890625 0.6539623015625 0.540259425 0.6488603671875001 0.5293266375 0.6277237109375 0.5245890375