2 0.43201413750000006 0.368728421875 0.20023834375 0.412727678125 0.0075357140625 0.4538122515625 0 0.45508606093750004 0.0001061515625 0.47334151718750006 0.41988839218749996 0.38743675624999996 0.43201413750000006 0.368728421875
2 0.519725446875 0.49005555625 0.5050225687500001 0.488894840625 0.46710491093749995 0.49585937500000005 0.450467509375 0.5090146328125 0.464009425 0.7322653765625 0.4775515875 0.731878471875 0.5293983140625 0.7291698906249999 0.5781498015625 0.7222053578125001 0.554934771875 0.5033075390625 0.5510657234375 0.497890625 0.5464226187500001 0.491990328125 0.5371366562500001 0.49082936562499996 0.519725446875 0.49005555625
2 0.4605962296875 0.365167659375 0.45159002968750006 0.3816790671875 0.8781877484375 0.29822073437499996 0.8667797625 0.2871130953125 0.4605962296875 0.365167659375
1 0.86532738125 0.4454365078125 0.8730158734375 0.45238095312500004 0.8767361109375 0.4521329359375 0.884424603125 0.45386904687499996 0.9052579359375 0.465773809375 0.91592261875 0.46924603125 0.927579365625 0.474950396875 0.934523809375 0.4769345234375 0.9553571421875 0.486855159375 0.990575396875 0.5014880953125 0.9950396828124999 0.5042162703125 0.999751984375 0.5049603171875 0.999751984375 0.437251984375 0.9977678578125 0.437251984375 0.9866071421875 0.430803571875 0.953373015625 0.415674603125 0.9255952375 0.40029761875 0.9144345234375001 0.39657738125 0.911954365625 0.39409722187499996 0.906498015625 0.3923611109375 0.900545634375 0.3886408734375 0.8958333328125001 0.388144840625 0.888144840625 0.38963293593750004 0.880704365625 0.39409722187499996 0.8576388890625 0.41195436562500004 0.8571428578125 0.4171626984375 0.8578869046875001 0.422123015625 0.862847221875 0.43973214218749995 0.86532738125 0.4454365078125
1 0.69990079375 0.562748015625 0.703869046875 0.5699404765625 0.724454365625 0.5853174609375 0.7358630953125 0.5915178578125 0.744295634375 0.593005953125 0.755704365625 0.593005953125 0.7643849203124999 0.5897817453124999 0.7693452375 0.5865575390625 0.775545634375 0.5796130953125 0.7894345234375 0.568204365625 0.796875 0.5575396828125 0.8206845234375001 0.5329861109375 0.8234481640625001 0.528982390625 0.8323412703124999 0.521329365625 0.838045634375 0.5136408734375 0.84325396875 0.5091765875 0.84697420625 0.50322420625 0.8521825390625001 0.4982638890625 0.8556547625 0.4925595234375 0.8695436515624999 0.4764384921875 0.8727678578125 0.46924603125 0.8732638890625 0.45709325468750006 0.8705357140625001 0.4521329359375 0.8660714281249999 0.44890872968749995 0.8640873015625001 0.44618055625 0.85987103125 0.43353174531249994 0.8551587296875001 0.4295634921875 0.844494046875 0.424603175 0.8387896828124999 0.4231150796875 0.8268849203125 0.42261904687499996 0.8167162703124999 0.424851190625 0.8060515875 0.4310515875 0.71279761875 0.5109126984375 0.7108134921875 0.512896825 0.7095734125 0.516369046875 0.7043650796875001 0.51884920625 0.6976686515625 0.5300099203124999 0.6961805562500001 0.5349702375 0.6959325390625 0.5453869046875 0.696924603125 0.5510912703125 0.6986607140625 0.5538194437499999 0.69990079375 0.562748015625
1 0.5709325390625 0.5868055562500001 0.581101190625 0.5897817453124999 0.6649305562500001 0.622023809375 0.90029761875 0.709325396875 0.9050099203125 0.7095734125 0.91220238125 0.7080853171875 0.9179067453125 0.7051091265625 0.921626984375 0.700396825 0.922123015625 0.69717261875 0.928075396875 0.6832837296875 0.9295634921874999 0.6599702375 0.927579365625 0.653521825 0.924355159375 0.6525297625 0.9196428578125 0.6485615078125 0.786954365625 0.59970238125 0.7638888890625 0.5925099203124999 0.7517361109375 0.593998015625 0.7480158734375 0.596478175 0.7420634921875 0.5959821421875 0.7264384921875 0.58779761875 0.7207341265625 0.583829365625 0.7170138890625 0.5798611109375 0.7078373015625 0.574652778125 0.703373015625 0.5709325390625 0.69345238125 0.56572420625 0.5605158734375 0.518353175 0.559027778125 0.5208333328125 0.559027778125 0.53174603125 0.561755953125 0.5615079359374999 0.5662202375 0.5825892859375 0.5709325390625 0.5868055562500001
1 0.5920138890625 0.396329365625 0.59970238125 0.39508928593750003 0.605902778125 0.3928571421875 0.6145833328125 0.3926091265625 0.6510416671875 0.38616071406249997 0.6602182546875001 0.3859126984375 0.66592261875 0.384424603125 0.712549603125 0.3787202375 0.759920634375 0.375 0.7671130953125 0.377976190625 0.77157738125 0.37822420625 0.778769840625 0.37599206406249996 0.791170634375 0.375 0.8115079359375 0.37152777812500004 0.8573908734375 0.3670634921875 0.8613591265625 0.3648313484375 0.865575396875 0.36383928593750003 0.8769841265625 0.3514384921875 0.8794642859374999 0.346230159375 0.8799603171875001 0.341269840625 0.878472221875 0.33705357187499996 0.8668154765624999 0.328373015625 0.8640873015625001 0.32762896874999997 0.8511904765624999 0.328373015625 0.8353174609374999 0.3320932546875 0.79637896875 0.33680555624999997 0.7829861109375 0.3373015875 0.7678571421875 0.3397817453125 0.7638888890625 0.343005953125 0.7611607140625 0.34722222187499996 0.756200396875 0.349454365625 0.7279265875 0.353174603125 0.7145337296875 0.35615079375 0.69345238125 0.359126984375 0.6733630953125 0.3608630953125 0.6542658734375 0.3643353171875 0.6393849203124999 0.3658234125 0.6145833328125 0.37053571406249997 0.583829365625 0.3732638890625 0.581101190625 0.375744046875 0.5796130953125 0.3802083328125 0.5793650796875001 0.387648809375 0.581597221875 0.393105159375 0.5845734125 0.39657738125 0.5920138890625 0.396329365625
1 0.271329365625 0.731894840625 0.2735615078125 0.7291666671875 0.290674603125 0.6976686515625 0.296875 0.6830357140625 0.2988591265625 0.6810515875 0.3010912703125 0.675347221875 0.3144841265625 0.6507936515625 0.328373015625 0.6165674609375 0.33779761875 0.6019345234375 0.353174603125 0.5739087296875 0.36607142812500004 0.5483630953125 0.3685515875 0.5451388890625 0.372023809375 0.5362103171875 0.36830357187499996 0.5354662703125 0.349454365625 0.5389384921875 0.34027777812500004 0.5419146828125 0.32366071406249997 0.575148809375 0.318204365625 0.5830853171875 0.2790178578125 0.6602182546875001 0.2775297625 0.6649305562500001 0.2735615078125 0.6708829359374999 0.2619047625 0.6966765875 0.255704365625 0.706597221875 0.250744046875 0.718501984375 0.25 0.721230159375 0.252728175 0.7269345234375 0.2671130953125 0.7326388890625 0.271329365625 0.731894840625
1 0.3888888890625 0.4908234125 0.390625 0.4893353171875 0.39657738125 0.48834325468750006 0.40029761875 0.4856150796875 0.41195436562500004 0.456101190625 0.4141865078125 0.4518849203125 0.41592261875 0.450644840625 0.42113095312500004 0.439980159375 0.4236111109375 0.431299603125 0.4265873015625 0.428075396875 0.430803571875 0.419146825 0.43303571406249997 0.4171626984375 0.43948412656249997 0.4047619046875 0.4454365078125 0.3893849203125 0.4513888890625 0.381200396875 0.453373015625 0.37450396874999997 0.45734127031250005 0.3695436515625 0.460730903125 0.3597056046875 0.46279761875 0.3578869046875 0.4637896828125 0.3551587296875 0.46304563437499996 0.3489583328125 0.45634920625 0.343005953125 0.44965277812500004 0.341021825 0.4427083328125 0.34325396874999997 0.4392361109375 0.349950396875 0.43799603125 0.3554067453125 0.42757936562500004 0.374255953125 0.42559523749999995 0.38095238125 0.4236111109375 0.3824404765625 0.4139384921875 0.40302579375 0.40550595312500004 0.418898809375 0.39955357187499996 0.43030753906249997 0.39508928593750003 0.440228175 0.3921130953125 0.4427083328125 0.3886408734375 0.4513888890625 0.3856646828125 0.4546130953125 0.3814484125 0.4632936515625 0.3769841265625 0.4697420640625 0.3707837296875 0.48487103125 0.3668154765625 0.49032738125 0.3665674609375 0.49280753906249997 0.368799603125 0.49429563437499996 0.38095238125 0.4935515875 0.3888888890625 0.4908234125
1 0.20114087343749998 0.44915674531249994 0.20486111093749998 0.4516369046875 0.334325396875 0.4990079359375 0.3385416671875 0.4990079359375 0.3571428578125 0.49553571406249997 0.36607142812500004 0.4925595234375 0.368799603125 0.4893353171875 0.3764880953125 0.4742063484375 0.3802083328125 0.46428571406249997 0.384424603125 0.45734127031250005 0.38392857187499996 0.45386904687499996 0.3767361109375 0.450644840625 0.3635912703125 0.44717261875 0.3298611109375 0.43402777812500004 0.3209325390625 0.43179563437499996 0.3144841265625 0.4283234125 0.283730159375 0.418898809375 0.26240079375 0.4208829359375 0.24751984062500001 0.42410714218749995 0.23611111093749998 0.428571428125 0.22395833281250002 0.4283234125 0.21130952343749998 0.4298115078125 0.1976686515625 0.43303571406249997 0.1894841265625 0.4360119046875 0.1835317453125 0.43675595312500004 0.18154761875 0.43824404687499996 0.18030753906250002 0.43973214218749995 0.18402777812499999 0.4427083328125 0.1914682546875 0.44618055625 0.20114087343749998 0.44915674531249994
1 0.16592261875 0.41840277812500004 0.1862599203125 0.4144345234375 0.18799603125 0.41319444375 0.234126984375 0.4045138890625 0.228174603125 0.3988095234375 0.215277778125 0.393105159375 0.20833333281250002 0.39161706406249996 0.1979166671875 0.3869047625 0.1889880953125 0.3854166671875 0.180803571875 0.3824404765625 0.1733630953125 0.3814484125 0.1666666671875 0.3826884921875 0.1641865078125 0.3841765875 0.1582341265625 0.3921130953125 0.150545634375 0.41046627031250005 0.15029761875 0.4171626984375 0.1542658734375 0.4203869046875 0.15724206406250002 0.419146825 0.16592261875 0.41840277812500004
1 0.1788888890625 0.5780153765625 0.449464534375 0.5113063 0.4525009921875 0.502576140625 0.4616108625 0.49308680625 0.4817279265625 0.48929117031249997 0.517027778125 0.48625471249999996 0.5511889875 0.49080952343749995 0.8005657234375001 0.4312172625 0.819544146875 0.42172792656249997 0.854464534375 0.41793229218750005 0.8563623515625001 0.41185912656249996 0.8920419140625 0.386428075 0.9258234125 0.401990328125 0.9941458328125 0.38870535781250004 0.999751984375 0.3841505453125 0.9994598218749999 0.360237846875 0.169951884375 0.537116815625 0.1682609125 0.5461316968750001 0.1731954359375 0.56966493125 0.1788888890625 0.5780153765625
1 0.41032886875 0.46453943437499995 0.4009196421875 0.486886409375 0.44678968281250003 0.4768891375 0.41032886875 0.46453943437499995
1 0.4167978671875 0.5226852671875 0.4509060015625 0.5379751984375 0.448259671875 0.51592261875 0.4167978671875 0.5226852671875
1 0.5265354656250001 0.44807366093749995 0.5614508921875 0.45230580312499996 0.6336096234374999 0.437069940625 0.533730159375 0.421834325 0.532460565625 0.41167708281250004 0.443267609375 0.397816715625 0.4232705859375 0.43643526718750003 0.5246312 0.4533638390625 0.5265354656250001 0.44807366093749995
1 0.3999935515625 0.40194295625 0.3980890375 0.410195684375 0.397242559375 0.4165438984375 0.395549603125 0.421834325 0.3983005953125 0.423738590625 0.40232118124999994 0.423527034375 0.4181919640625 0.3932671125 0.4141713796875 0.393690228125 0.41078546562499996 0.40046180624999994 0.4006282234375 0.39898040625000003 0.3999935515625 0.40194295625
1 0.419394840625 0.333829365625 0.418898809375 0.3373015875 0.41964285781250005 0.3390376984375 0.42410714218749995 0.3397817453125 0.5766369046875 0.318700396875 0.622271825 0.3137400796875 0.640625 0.3102678578125 0.7095734125 0.3023313484375 0.7199900796875001 0.299851190625 0.7452876984375 0.296875 0.7519841265625 0.297123015625 0.7770337296875 0.2931547625 0.784722221875 0.2931547625 0.8112599203125 0.2891865078125 0.8189484125 0.2889384921875 0.8214285718750001 0.28794642812500004 0.8241567453125 0.28472222187499996 0.824652778125 0.281001984375 0.8214285718750001 0.2730654765625 0.8177083328125001 0.2673611109375 0.810019840625 0.2591765875 0.8058035718750001 0.2571924609375 0.7229662703125 0.2676091265625 0.7165178578125 0.2671130953125 0.712549603125 0.2693452375 0.6892361109375 0.2705853171875 0.66592261875 0.2733134921875 0.656498015625 0.27529761875 0.6329365078125 0.2770337296875 0.4231150796875 0.30009920625 0.415674603125 0.3010912703125 0.41344246093750003 0.302579365625 0.4112103171875 0.30902777812500004 0.415674603125 0.327876984375 0.41790674531249994 0.3298611109375 0.419394840625 0.333829365625