5 0.272592509375 0.4213874015625 0.25517485156249997 0.4278045640625 0.23531249999999998 0.43361036718749996 0.2218670640625 0.436055059375 0.2133110125 0.4430830859375 0.2032271828125 0.45133358125 0.1968100203125 0.45927852187499996 0.1952822421875 0.46477901718750003 0.1931431046875 0.46905704375 0.193754215625 0.47577976250000004 0.195893353125 0.481585565625 0.19803224218749998 0.4886138390625 0.205060515625 0.4935029765625 0.20842187499999998 0.49747544687499995 0.2371458328125 0.5057259421875 0.257008184375 0.5078650796875 0.268314484375 0.5075595234375 0.2912326390625 0.5069481640625 0.32392906718750003 0.5029756937500001 0.31415079375 0.47608531718749997 0.3034556046875 0.47486284687499997 0.3003998015625 0.47486284687499997 0.3068169640625 0.47119593281250005 0.32117881875 0.46875148749999995 0.330040675 0.4693625984375 0.32178993125 0.47333506875 0.318734375 0.47486284687499997 0.31598412656249997 0.4763908734375 0.3251512890625 0.5026701390625 0.38504389843750003 0.4889193953125 0.39757266874999997 0.48372470312500004 0.3994060015625 0.481585565625 0.37740451406250003 0.45988988124999997 0.36915401718749996 0.4617232140625 0.3618204359375 0.4620287703125 0.3587646328125 0.46111210312499995 0.3596813 0.458972965625 0.3670151296875 0.456528521875 0.36854290624999997 0.4556118546875 0.34165228124999997 0.443388640625 0.333707340625 0.4473611109375 0.3285126484375 0.4476669140625 0.320262153125 0.4476669140625 0.3175119046875 0.44675000000000004 0.31669781406249997 0.44711096718750004 0.3224012890625 0.44400000000000006 0.33248511875000003 0.44216641875 0.33798561562499996 0.44124975156249996 0.342569196875 0.44124975156249996 0.3703764875 0.4556118546875 0.378626984375 0.4540838296875 0.38198834375 0.4540838296875 0.3844327875 0.45591741093750004 0.38473834375 0.456834078125 0.37832142812499997 0.45988988124999997 0.40154513906249995 0.481585565625 0.4186572421875 0.4745572921875 0.4345471234375 0.46539012968750004 0.4513536703125 0.45438938437500004 0.4592986109375 0.44277752968749995 0.46113194375 0.4357495046875 0.46113194375 0.42872122968750004 0.459909721875 0.4189427078125 0.455631696875 0.41497023750000006 0.44829786718750003 0.41160887968750004 0.3856552578125 0.3984692453125 0.36884846250000003 0.3987748015625 0.356319940625 0.4006083828125 0.357847965625 0.4100811015625 0.357847965625 0.41313690468750003 0.357847965625 0.4155813484375 0.356014384375 0.41802604218750006 0.3789325390625 0.4241376484375 0.3856552578125 0.420165178125 0.39054439531249996 0.41985962343749994 0.3951279765625 0.42077628906250003 0.397266865625 0.4219985125 0.40001711249999994 0.43361036718749996 0.40276736093750004 0.4366661703125 0.409795634375 0.436055059375 0.41071230156249994 0.4366661703125 0.4009337796875 0.43880505937500003 0.38901636875 0.4403330859375 0.389321925 0.43758283750000004 0.3966557546875 0.43483258906250005 0.3978782234375 0.43513814531249995 0.3917666171875 0.42322073437499996 0.3838216765625 0.42597098281249995 0.37923809531249997 0.425054315625 0.3538754953125 0.41985962343749994 0.3428747515625 0.4235262890625 0.33462425625000003 0.4241376484375 0.331568453125 0.4235262890625 0.332790675 0.42108184531250004 0.3306517859375 0.41985962343749994 0.3080391859375 0.428415675 0.30315005 0.43208258906249997 0.2942884421875 0.433915921875 0.28603769843750004 0.43483258906250005 0.2802318953125 0.436055059375 0.276259425 0.4418608625 0.2741202875 0.44675000000000004 0.2735091765625 0.450111359375 0.2692311515625 0.45347271874999995 0.258841765625 0.45438938437500004 0.2515079359375 0.4537782734375 0.252119046875 0.45163938437500006 0.263730903125 0.4479724703125 0.266175346875 0.44705555625000004 0.272592509375 0.44675000000000004 0.276259425 0.43880505937500003 0.2811485609375 0.433915921875 0.2881768359375 0.4314712296875 0.299483134375 0.428415675 0.304372271875 0.42872122968750004 0.3123172125 0.425054315625 0.3279015375 0.41955381875000003 0.3285126484375 0.4161927078125 0.32667931562499997 0.41160887968750004 0.32576240156249997 0.404886409375 0.3175119046875 0.4054975203125 0.30895585312499996 0.4082477671875 0.2939826390625 0.4128313484375 0.2835932546875 0.417109375 0.272592509375 0.4213874015625
5 0.367320684375 0.33246527812500004 0.36915401718749996 0.3281870046875 0.3725153765625 0.32513144843749997 0.375265625 0.32329786718750003 0.378626984375 0.32238120000000003 0.382905009375 0.32696478125 0.38351612031250004 0.3321594734375 0.3789325390625 0.339798859375 0.37496006875 0.34743824375 0.3807658734375 0.346216021875 0.3838216765625 0.34010441406249997 0.3853494546875 0.3287983625 0.37923809531249997 0.321158978125 0.294899553125 0.30343551562500004 0.288482390625 0.30710243125000003 0.28603769843750004 0.3122971234375 0.28603769843750004 0.31413070468750004 0.2866490578125 0.319325396875 0.29856646875 0.32910391875 0.35754216250000004 0.3434657734375 0.371244984375 0.3477288140625 0.36579290625 0.3425491078125 0.367626240625 0.33643774843749996 0.367320684375 0.33246527812500004
5 0.30284449375 0.39969146875 0.304066715625 0.39571899843749997 0.30498338281250004 0.39327455312500004 0.3117061015625 0.38655183593750003 0.319956596875 0.384412946875 0.322095734375 0.38349603125 0.31965104218749996 0.37830133906249996 0.284204365625 0.31779761875 0.2802318953125 0.3138251484375 0.27075917656250004 0.3132140375 0.26311979218750003 0.31657539687499997 0.2585362109375 0.32177008906250004 0.2628142359375 0.33246527812500004 0.27075917656250004 0.34468824374999996 0.293065971875 0.384107390625 0.30284449375 0.39969146875
5 0.2765649796875 0.382579365625 0.2863435015625 0.3795235609375 0.2912326390625 0.3853296125 0.2924548609375 0.38655183593750003 0.2909270828125 0.3816626984375 0.250896825 0.3153529265625 0.2438685515625 0.309852678125 0.2380625 0.309852678125 0.2405071921875 0.31779761875 0.2576192953125 0.37830133906249996 0.2689255953125 0.398163690625 0.272898065625 0.4006083828125 0.28053745 0.4009139390625 0.284514603125 0.3977556484375 0.2768705359375 0.3987748015625 0.27075917656250004 0.39724702343749996 0.2686200390625 0.39388566406250003 0.2692311515625 0.3893020828125 0.2710647328125 0.3862462796875 0.2765649796875 0.382579365625
5 0.3306517859375 0.415887153125 0.329123759375 0.40396974218750004 0.33431869999999997 0.3984692453125 0.34165228124999997 0.3975525796875 0.3499030265625 0.399997271875 0.3554032734375 0.4067197421875 0.3544866078125 0.4109977671875 0.35081969218750003 0.41497023750000006 0.3477638890625 0.417109375 0.34318030781250003 0.4189427078125 0.3376798109375 0.41802604218750006 0.33248511875000003 0.4164982640625 0.3370687 0.4213874015625 0.345319196875 0.4219985125 0.3541810515625 0.41527579374999996 0.356014384375 0.4106922125 0.3569310515625 0.405803075 0.34379141875 0.35079960312499997 0.3376798109375 0.3422435515625 0.3334017859375 0.3379655265625 0.32729042656249996 0.3388821921875 0.3224012890625 0.3410213296875 0.3193454859375 0.3428546625 0.31690079375 0.346216021875 0.32331795625000004 0.391746528125 0.32667931562499997 0.40396974218750004 0.3275959828125 0.4113033234375 0.3306517859375 0.415887153125
5 0.37159871093749997 0.387162946875 0.3761822921875 0.38991319375 0.3801547625 0.3954134421875 0.3841272328125 0.34316021874999997 0.376793403125 0.34988293593750003 0.3703764875 0.3486607140625 0.3670151296875 0.3480493546875 0.3569310515625 0.3449938 0.35326413749999996 0.3877740578125 0.358153521875 0.3880798609375 0.362431546875 0.38594072343749997 0.37159871093749997 0.387162946875
5 0.37954365156250003 0.32177008906250004 0.3841272328125 0.3263536703125 0.38351612031250004 0.3126029265625 0.3807658734375 0.3083249015625 0.375265625 0.30404662656250003 0.367320684375 0.3046579859375 0.3621259921875 0.30710243125000003 0.362431546875 0.31626959375 0.367626240625 0.31810317499999996 0.3725153765625 0.319325396875 0.37954365156250003 0.32177008906250004
5 0.1740151296875 0.3396857640625 0.1749270828125 0.3367219734375 0.1781185515625 0.333986359375 0.18381795625 0.330566715625 0.17903050625 0.31438045625 0.1749270828125 0.29956175625000003 0.1733311015625 0.2997896828125 0.1740151296875 0.302753471875 0.1740151296875 0.3064010421875 0.1728752484375 0.30936483125 0.16968353125 0.311188740625 0.16649181562499998 0.312100446875 0.1601083828125 0.3139243546875 0.1569166671875 0.3139243546875 0.1509893359375 0.313696428125 0.14802579375 0.312100446875 0.14551785781249998 0.30822495 0.1466577375 0.3054893359375 0.14939360156249998 0.30252554531250003 0.1541810515625 0.2997896828125 0.16216021875 0.296826140625 0.1705954859375 0.298421875 0.1733311015625 0.29819394843749997 0.16922743125 0.295686259375 0.1637562 0.29500223281250004 0.15760069375000002 0.2954583328125 0.14939360156249998 0.2977380953125 0.144605903125 0.3036654265625 0.143466021875 0.3073129953125 0.14551785781249998 0.3123286203125 0.18222222187499998 0.39804786718749996 0.1851860125 0.4016954359375 0.19088541718750002 0.406027034375 0.1974967765625 0.406483134375 0.173559028125 0.3458412703125 0.173559028125 0.34310540624999997 0.1740151296875 0.3396857640625
5 0.19681274843750002 0.3298826890625 0.20091641875000002 0.33170659687500004 0.20570386875 0.336494046875 0.226677828125 0.394400296875 0.23055332343749999 0.38664905781250003 0.2038799609375 0.312556546875 0.2011443453125 0.31004885937500004 0.1995486109375 0.311188740625 0.19681274843750002 0.311188740625 0.1899734625 0.3114166671875 0.18290625 0.31004885937500004 0.178574653125 0.308680803125 0.1783467265625 0.30434945468749997 0.181082340625 0.3000178578125 0.18769370000000002 0.29591418593749996 0.195444940625 0.294090278125 0.201372271875 0.29500223281250004 0.2059317953125 0.29910590312499996 0.2059317953125 0.30115773749999997 0.205248015625 0.303893353125 0.20296825468750002 0.3091369046875 0.2047919140625 0.3107326390625 0.208439484375 0.302753471875 0.208667659375 0.2986498015625 0.2047919140625 0.29500223281250004 0.200232390625 0.293634425 0.1961287203125 0.2922666171875 0.18769370000000002 0.293634425 0.18404613125 0.2954583328125 0.1799424609375 0.298421875 0.177890625 0.3013856640625 0.17675074375 0.3059451890625 0.1792584328125 0.3123286203125 0.187237846875 0.330566715625 0.1924811515625 0.32965476250000003 0.195444940625 0.32965476250000003 0.19681274843750002 0.3298826890625
5 0.173559028125 0.34629712343749997 0.21140327343749998 0.440907490625 0.21847048593750001 0.4390838296875 0.2300974703125 0.43315625 0.2380766375 0.4311046625 0.207527778125 0.339913690625 0.2054759421875 0.3394578375 0.2034241078125 0.3433333328125 0.20068849218749998 0.3451572421875 0.19681274843750002 0.3474370046875 0.19362103125000002 0.3510845734375 0.187009671875 0.3510845734375 0.1847299109375 0.35040079375 0.18153819375 0.3494888390625 0.177890625 0.34812103125 0.1760669640625 0.34675297656250004 0.17469890937500002 0.344929315625 0.1769786703125 0.3380900296875 0.181082340625 0.3362661203125 0.19065749062499998 0.33261855156250003 0.1952170140625 0.33261855156250003 0.20365203437499999 0.33558209375 0.205248015625 0.33831795625 0.20319618125 0.333986359375 0.199092509375 0.33216245 0.1922532234375 0.3307946421875 0.1854139390625 0.3319345234375 0.1831341765625 0.33330233125 0.1769786703125 0.335126240625 0.1740151296875 0.3403697921875 0.173559028125 0.3428774796875 0.173559028125 0.34629712343749997
5 0.20707167656249997 0.3118725203125 0.2091235125 0.308908978125 0.21254315468749999 0.3054893359375 0.217102678125 0.30343749999999997 0.22485391875 0.30252554531250003 0.22964136875 0.3029813984375 0.231465278125 0.3052611609375 0.2342008921875 0.3079970234375 0.2348849203125 0.3127844734375 0.23306101250000003 0.3150642359375 0.22781770781250002 0.3180280265625 0.2207502484375 0.3203077875 0.21459499062499998 0.3200798609375 0.210035465625 0.3180280265625 0.20684375 0.32076364062499996 0.23693675625 0.406483134375 0.24149627968749998 0.40990277812500003 0.2485634921875 0.41081473281249997 0.25449107187500003 0.4105865578125 0.25859449375 0.408762896875 0.2606463296875 0.4067110609375 0.26087425625 0.40237946406249997 0.2611021828125 0.3909806546875 0.2360248015625 0.3073129953125 0.2342008921875 0.302753471875 0.23214930625000002 0.3009298109375 0.226677828125 0.3000178578125 0.2223462296875 0.3007016375 0.21482291718750002 0.30229761875 0.21299925625 0.3029813984375 0.2077557046875 0.306173115625 0.20501984062499998 0.3091369046875 0.2054759421875 0.314836309375 0.207299603125 0.31916790625 0.2077557046875 0.31666021875 0.20707167656249997 0.3118725203125
5 0.4642859625 0.40418080312500004 0.46565005 0.407298859375 0.465455109375 0.41022222187499996 0.463701140625 0.41626339218749997 0.45960887968749997 0.4193814484375 0.4806557546875 0.42386383906249997 0.48182514843749996 0.4166532734375 0.4861123515625 0.4143147328125 0.490789434375 0.4121708828125 0.49234871093750004 0.41158630937499996 0.49156456875 0.39464973593749997 0.49371279687499997 0.4127557046875 0.5013129953125001 0.4139248515625 0.5050158734375 0.41782242031249994 0.5073544140624999 0.42113541718749997 0.5227497515625 0.4137299109375 0.5231396328125 0.406324653125 0.525478175 0.40067311562499996 0.5332733140625 0.398919146875 0.5414583328125 0.3991140875 0.543796875 0.398919146875 0.5461354171874999 0.388785465625 0.5424327875 0.386446925 0.5398993062499999 0.38469295625 0.537950396875 0.3837185015625 0.5354171625 0.3794310515625 0.5373658234375001 0.3728053078125 0.5410684531250001 0.3710513390625 0.5463303578125001 0.3689077375 0.53853521875 0.3577993546875 0.5319092265625 0.3595533234375 0.5260627484375 0.35935863125 0.5215806046875 0.35818923593749996 0.518657490625 0.356240328125 0.5172931546874999 0.351953125 0.5170982140625 0.347470734375 0.5198266375 0.3435731640625 0.5030669640625 0.340455109375 0.5001438484375 0.34454761875 0.4974154265625 0.3463015875 0.4939077375 0.3484451890625 0.4872817453125 0.34883506875000003 0.4826046625 0.347470734375 0.47870709375000003 0.3451321921875 0.476953125 0.3420141375 0.476953125 0.337726934375 0.45843948437500004 0.34376810468749996 0.46214211250000004 0.346496528125 0.463701140625 0.349224703125 0.46292162656249997 0.3540967265625 0.45960887968749997 0.357409721875 0.45376240156250003 0.3599432046875 0.44596726249999996 0.3601381453125 0.4418747515625 0.3585791171875 0.4344692453125 0.3692973703125 0.44129017812500004 0.3706614578125 0.444018353125 0.373194940625 0.44596726249999996 0.3765079359375 0.4477209828125 0.3798209328125 0.4477209828125 0.3841083828125 0.44362872031249995 0.3866416171875 0.43797718281250003 0.390149553125 0.4340796125 0.3905391859375 0.42608953437499997 0.38742113125 0.4218020828125 0.38332862031250003 0.42024305625 0.3796259921875 0.42336111093750006 0.373 0.43330009843750006 0.370076884375 0.4418747515625 0.35818923593749996 0.43895138906250003 0.35331721250000003 0.438171875 0.3490297625 0.43992584375000005 0.34435267812500003 0.445772321875 0.34279365156249997 0.453957340625 0.3420141375 0.45863442499999996 0.3425989578125 0.4779275796875 0.3363625984375 0.4853328375 0.3312958828125 0.492933284375 0.3312958828125 0.49702579374999994 0.332075396875 0.502482390625 0.33616790625 0.5030669640625 0.3398705359375 0.52236011875 0.34318353125 0.5360017359375 0.34279365156249997 0.53853521875 0.34435267812500003 0.5416532734375 0.34786061562500004 0.5418479656249999 0.3507837296875 0.5404838796875 0.356240328125 0.5398993062499999 0.357019840625 0.54769444375 0.36910243125000003 0.555294890625 0.37144097187499997 0.5603616078125 0.3741693953125 0.5615310015625 0.37689781718750004 0.56250545625 0.380600446875 0.5613360609375 0.3839134421875 0.5586076390625 0.386446925 0.5554895828124999 0.388005953125 0.551397321875 0.3893700390625 0.546525296875 0.3893700390625 0.543796875 0.4024270828125 0.5474995046875 0.40846825468750003 0.5486688984375 0.4111966765625 0.547889384375 0.414509425 0.5445763890624999 0.417237846875 0.539509425 0.418991815625 0.5334682546875 0.4199662703125 0.525478175 0.4166532734375 0.5233345734375 0.414704365625 0.507744046875 0.42171999062500004 0.5073544140624999 0.42542286718750005 0.50540550625 0.4291254953125 0.500728421875 0.43185391875 0.49410243125 0.432828125 0.49039980156249996 0.43243849218749997 0.48572271875000006 0.4308794640625 0.4835791171875 0.42873586250000006 0.4792916671875 0.42522792656249997 0.46019345312500004 0.42074578437500004 0.462726934375 0.4322435515625 0.4607780265625 0.4396490578125 0.4574650296875 0.4470545640625 0.4523983140625 0.4521212796875 0.4488903765625 0.4567983625 0.456490575 0.4608908734375 0.5804342765625 0.434387153125 0.595050346875 0.41509424531250005 0.5897884421875 0.40086805625000005 0.5847217265625 0.3854724703125 0.5790701890625 0.3685178578125 0.576146825 0.3523427578125 0.5740032234375 0.3342189984375 0.5646490578125001 0.32837252031249997 0.551397321875 0.320382440625 0.52937574375 0.31219766875 0.50969295625 0.3073256453125 0.49215377031249996 0.30537673593750003 0.47052207343749997 0.3073256453125 0.45025446406249997 0.31083333281250003 0.432715278125 0.3164848703125 0.41595560468750004 0.3258392859375 0.40250892812499994 0.3367524796875 0.391205853125 0.3509786703125 0.38633382968749996 0.360917659375 0.38146205312500003 0.3755334828125 0.3820466265625 0.3870314984375 0.3836056546875 0.3993087796875 0.38711334375 0.39813963281250003 0.438171875 0.40671428593750003 0.44421329375 0.4012576890625 0.45122891875000004 0.3995037203125 0.4572700890625 0.40028323437499996 0.462726934375 0.40301165625 0.4642859625 0.40418080312500004
5 0.7666014390625 0.21978745000000002 0.74810069375 0.20794692499999998 0.7199799109375 0.20128670624999997 0.60749603125 0.2290376984375 0.6000959828125 0.23273784687500002 0.589735615625 0.24309821406249998 0.5790052078125 0.2697390875 0.576415178125 0.29341989062499996 0.5745649796875 0.3122904265625 0.57308506875 0.32820089218750004 0.575305059375 0.347441715625 0.5827053578125 0.3774126984375 0.5923256453125 0.4051634421875 0.601205853125 0.4288442453125 0.6452373515625001 0.42107415625 0.6596679062499999 0.4451247515625 0.65189756875 0.47731597187499997 0.654117559375 0.47953596249999997 0.6592978671874999 0.48434622968749996 0.66521800625 0.48434622968749996 0.6770585312499999 0.48138616093750003 0.6818685515625 0.4854561015625 0.6922289187499999 0.482866071875 0.7913923609375 0.44845486093750003 0.799532490625 0.43772470312499995 0.8069327875000001 0.4255141375 0.8124828875000001 0.412563740625 0.820993303125 0.39184300625 0.824693453125 0.3696423609375 0.8243234125000001 0.3441116078125 0.819883184375 0.3174704859375 0.81359300625 0.30341021874999996 0.8084126984375001 0.2849094734375 0.7973125 0.2612286703125 0.774741815625 0.22829761875000001 0.66928819375 0.2678888890625 0.6792785218749999 0.2808392859375 0.6962991078125 0.31303050625 0.7099895828125 0.363722221875 0.714799603125 0.4010935015625 0.7110994546875 0.4281044140625 0.6951889875 0.41367385937499995 0.6840887890625 0.3933231640625 0.6703983140625 0.36002207343750003 0.662998015625 0.32450074375 0.6626279765625 0.29452976249999996 0.6663281249999999 0.26492881874999996 0.6681780749999999 0.2667790171875 0.772521578125 0.22755753906249998 0.7666014390625 0.21978745000000002
0 0.20459449375 0.569790178125 0.20803869062499997 0.5854794140624999 0.20803869062499997 0.5893060515624999 0.19273189531249998 0.5935153765625001 0.1954107140625 0.6260421625 0.1984719734375 0.63178199375 0.23252926562499998 0.6868859125 0.6683630953125 0.573616815625 0.6932366078125 0.5100942453124999 0.6783125 0.48292485156250003 0.6549774312500001 0.48751686562499996 0.650002728125 0.48177678593750006 0.6580389390625 0.44618898749999997 0.6465587796875 0.4224635421875 0.436092509375 0.46608755 0.40088715312499995 0.4844556046875 0.366064484375 0.4967008921875 0.3289459328125 0.50091021875 0.31478720312499997 0.5047368546875 0.292209821875 0.5070327375 0.273841765625 0.50665005 0.25241245 0.5081808031249999 0.2348251484375 0.506267609375 0.18852256875 0.5150689484375001 0.1904360125 0.542620784375 0.197323909375 0.5586927078125 0.20459449375 0.569790178125