0 0.1364087296875 0.591269840625 0.1324404765625 0.6009424609375 0.13194444375 0.6158234125 0.1304563484375 0.6185515875 0.1326884921875 0.6393849203124999 0.1393849203125 0.6423611109375 0.14037698437499999 0.6448412703125 0.143353175 0.646329365625 0.15029761875 0.6416170640625001 0.1783234125 0.641369046875 0.18700396875 0.6396329359374999 0.18849206406250002 0.637896825 0.2018849203125 0.6336805562500001 0.203373015625 0.638144840625 0.202876984375 0.6498015875 0.2046130953125 0.662450396875 0.20634920625 0.66592261875 0.209325396875 0.668402778125 0.209325396875 0.671130953125 0.21205357187499999 0.6758432546875001 0.2165178578125 0.6773313484375 0.2197420640625 0.674355159375 0.2202380953125 0.6708829359374999 0.2251984125 0.6681547625 0.23239087343749998 0.6572420640625001 0.23635912656250002 0.64657738125 0.2390873015625 0.6448412703125 0.2601530265625 0.61313194375 0.254923859375 0.5959918156249999 0.249404265625 0.5846619546875 0.2319734625 0.582337796875 0.23429761875000002 0.5742036203125 0.26625396874999996 0.5585158734375 0.292980903125 0.5457333828125 0.27939955312500003 0.5298278765625 0.3040674609375 0.518601190625 0.30654761875 0.5173611109375 0.3102678578125 0.5178571421875 0.3144841265625 0.5119047625 0.32217261875 0.5106646828125 0.3261408734375 0.5111607140625 0.3298611109375 0.5049603171875 0.334325396875 0.5052083328125 0.33779761875 0.502728175 0.34474206406249996 0.500248015625 0.358630953125 0.49925595312500004 0.3608630953125 0.4982638890625 0.3665674609375 0.4985119046875 0.369295634375 0.4945436515625 0.3730158734375 0.4935515875 0.3735119046875 0.4923115078125 0.374751984375 0.48387896875 0.3732638890625 0.4779265875 0.3670634921875 0.474950396875 0.3668154765625 0.47197420625 0.3519345234375 0.44866071406249997 0.353174603125 0.4454365078125 0.349454365625 0.43824404687499996 0.34697420625 0.43799603125 0.3417658734375 0.43526785781250005 0.337549603125 0.434771825 0.33159722187499996 0.4362599203125 0.3204365078125 0.43700396875 0.3105158734375 0.4422123015625 0.3040674609375 0.4427083328125 0.30282738125 0.4454365078125 0.2983630953125 0.44866071406249997 0.2983630953125 0.4513888890625 0.3043154765625 0.4548611109375 0.30282738125 0.4585813484375 0.2981150796875 0.4605654765625 0.2946428578125 0.466021825 0.29092261875 0.465773809375 0.286954365625 0.46924603125 0.2876984125 0.47296627031250005 0.284226190625 0.4766865078125 0.281001984375 0.47718253906249997 0.281994046875 0.48115079375 0.278273809375 0.487103175 0.2748015875 0.4895833328125 0.2735615078125 0.49280753906249997 0.27157738125 0.493799603125 0.2703373015625 0.49627976250000005 0.2591765875 0.500248015625 0.25694444375000003 0.49950396875 0.2554563484375 0.497519840625 0.252976190625 0.50049603125 0.2477678578125 0.49652777812500004 0.23635912656250002 0.5111607140625 0.22867063437500001 0.5138888890625 0.22371031718749998 0.5171130953125 0.21701388906250002 0.518353175 0.20833333281250002 0.5220734125 0.196924603125 0.5230654765625 0.1929563484375 0.5257936515625 0.1810515875 0.5300099203124999 0.178075396875 0.5327380953125 0.16840277812499999 0.5367063484375 0.15724206406250002 0.5451388890625 0.1488095234375 0.5478670640625001 0.1460813484375 0.5510912703125 0.140625 0.5533234125 0.13963293593749998 0.5555555562500001 0.13616071406250002 0.5580357140625 0.131696428125 0.559027778125 0.1264880953125 0.56200396875 0.124255953125 0.565476190625 0.1240079359375 0.568700396875 0.12251984062500001 0.5716765875 0.12251984062500001 0.581101190625 0.1292162703125 0.5823412703125 0.1329365078125 0.58407738125 0.1364087296875 0.591269840625
0 0.12748015937499999 0.7988591265625 0.13343253906250002 0.797123015625 0.13715277812499999 0.794394840625 0.14112103125 0.783978175 0.1455853171875 0.7795138890625 0.1485615078125 0.7738095234375 0.1488095234375 0.771329365625 0.1547619046875 0.7619047625 0.16071428593749998 0.7485119046875 0.2053571421875 0.66865079375 0.203125 0.6525297625 0.203373015625 0.6388888890625 0.20114087343749998 0.6351686515625 0.193204365625 0.63740079375 0.18427579375 0.6478174609375 0.1837797625 0.65302579375 0.18154761875 0.6540178578125 0.177579365625 0.658978175 0.1664186515625 0.677579365625 0.16344246093749998 0.6800595234375 0.1614583328125 0.6857638890625 0.158978175 0.6875 0.15525793593749998 0.693204365625 0.12574404687500002 0.7425595234375 0.099454365625 0.7891865078125 0.09895833281250001 0.793898809375 0.10193452343750001 0.796626984375 0.11483134843750001 0.799851190625 0.12748015937499999 0.7988591265625
3 0.0845076890625 0.6864685015624999 0.1003807046875 0.687956596875 0.1160057046875 0.68721255 0.14080729218750002 0.6643950890625 0.143039434375 0.6581946921874999 0.14651165625 0.6524903281250001 0.1450235609375 0.6505061999999999 0.1353509421875 0.6460419140625 0.133366815625 0.6413296125 0.1331188 0.6331450890625 0.1318787203125 0.6311609625 0.1281584828125 0.63066493125 0.127414434375 0.6324010421875 0.12171006874999998 0.637609375 0.11154141875000001 0.644305803125 0.1083172125 0.6475300093749999 0.0726029265625 0.6738196921874999 0.0691307046875 0.675555803125 0.06466641875 0.6800200890625 0.0639223703125 0.6825002484375 0.06516245000000001 0.6834923109375 0.0780592765625 0.684732390625 0.0845076890625 0.6864685015624999
4 0.21875 0.8373015875 0.218998015625 0.841269840625 0.2224702375 0.8420138890625 0.23164682499999997 0.841269840625 0.24032738125000003 0.8420138890625 0.286954365625 0.8395337296875001 0.325644840625 0.8358134921874999 0.41739856093750005 0.836678571875 0.41739856093750005 0.788413690625 0.35605704375 0.7963427578125 0.35398958281250004 0.7956532734375 0.35226636875 0.792205853125 0.35398958281250004 0.7832423109375 0.3488201890625 0.7746235125 0.3353802078125 0.7615230656249999 0.3612264390625 0.7384248515625 0.360881696875 0.720511409375 0.3312447921875 0.7236140875 0.3302110609375 0.7356803078125 0.31401413749999996 0.7394724703125 0.3029866078125 0.7318881453125 0.29737103125000003 0.7296626984375 0.2948908734375 0.72842261875 0.29017857187499996 0.728174603125 0.2705853171875 0.7323908734375 0.24330357187499999 0.734623015625 0.23759920625 0.7415674609375 0.23363095312499998 0.752976190625 0.2299107140625 0.7800099203124999 0.2232142859375 0.8125 0.221726190625 0.825644840625 0.21875 0.8373015875
0 0.38467261875 0.7018849203124999 0.393105159375 0.702380953125 0.40054563437499996 0.705605159375 0.41592261875 0.70634920625 0.421875 0.7048611109375 0.43526785781250005 0.6989087296875 0.4384920640625 0.6922123015625 0.44097222187499996 0.6793154765625 0.440476190625 0.6651785718750001 0.43799603125 0.662450396875 0.43551587343750003 0.6552579359374999 0.4327876984375 0.6517857140625 0.43328372968749995 0.650545634375 0.4295634921875 0.6488095234375 0.4273313484375 0.6418650796875001 0.4166666671875 0.6359126984375 0.41220238125 0.63467261875 0.403521825 0.634424603125 0.3998015875 0.6351686515625 0.3928571421875 0.6386408734375 0.3762400796875 0.653769840625 0.36904761875 0.668402778125 0.36904761875 0.6803075390625 0.3712797625 0.6919642859375 0.374751984375 0.6976686515625 0.38467261875 0.7018849203124999
4 0.4628745046875 0.8089997515625 0.45947222187500003 0.7827924109375 0.4382083328125 0.7838132437499999 0.41898561562500003 0.7867063484375 0.41813516875 0.7930029765625 0.43055332343749997 0.7936837796875 0.43055332343749997 0.831123015625 0.4186455859375 0.832144096875 0.4179650296875 0.835887896875 0.46797792656250004 0.8329947921875 0.4676376484375 0.8110419140625 0.4628745046875 0.8089997515625
0 0.362168403125 0.6890704359375001 0.357915675 0.67851959375 0.35383308593749996 0.6792001484375 0.35196180625 0.683794890625 0.34736880000000003 0.6768177078125001 0.34158506875 0.678008928125 0.336821925 0.683794890625 0.33358978125 0.6892408234375 0.333930059375 0.6963881453125 0.33301165625 0.7042393359375 0.35961681562500003 0.6972390875000001 0.3574052578125 0.6916232640625 0.362168403125 0.6890704359375001
3 0.2900411703125 0.6674779265625 0.287659721875 0.6746252484374999 0.28680902812500003 0.6790498515625 0.2908916171875 0.68194295625 0.2946341765625 0.6810920140625 0.3022891859375 0.6727532234375 0.3116453375 0.6608407734374999 0.366761409375 0.6753060515625 0.36846255 0.668669146875 0.371524553125 0.6589689984375 0.3752671125 0.65522495 0.3858139875 0.6433125000000001 0.3834322921875 0.6356545140625001 0.3602971234375 0.6351438484374999 0.3597869546875 0.63242113125 0.343626240625 0.630038690625 0.3497502484375 0.6188067953124999 0.3842829859375 0.617955853125 0.4120111609375 0.6188067953124999 0.42017658750000003 0.59089756875 0.40639756875 0.5839203875 0.4060572921875 0.5854518843750001 0.3997631453125 0.5891959328125 0.39568055625 0.58477108125 0.3973814484375 0.58102728125 0.3938092765625 0.5777938984375 0.373565971875 0.5679236109375 0.32474404687499997 0.5817080859375 0.2895307546875 0.6291877484375 0.2823861609375 0.64024925625 0.27949429531250003 0.6472266859375 0.2798005953125 0.6500758921875 0.2857884421875 0.6519915671875001 0.29038144843749997 0.6644146828124999 0.2900411703125 0.6674779265625
4 0.824513640625 0.598802828125 0.8172204859375001 0.5880173609375 0.82102579375 0.6168844250000001 0.350446925 0.6191259921875 0.3456924609375 0.629287203125 0.3602234625 0.6350548109374999 0.83434375 0.65748834375 0.824513640625 0.598802828125
4 0.4891525296875 0.5806887406250001 0.4739615578125 0.5524379953125 0.42235094218749997 0.5688040671875 0.42624603125 0.57581795625 0.42293526718749996 0.5810783734375 0.41280778749999997 0.6173174609375 0.48155704374999997 0.6175124015625 0.485646825 0.6030947421875 0.4891525296875 0.5806887406250001
0 0.2829186515625 0.718209821875 0.1586108625 0.7519384921875 0.15655853125000002 0.7613239093749999 0.23835540625 0.7410865578125 0.238941715625 0.7346341765625 0.29728447343750003 0.7275952375 0.2829186515625 0.718209821875
0 0.3268955859375 0.7229025296875 0.2647415671875 0.6929863593750001 0.255066715625 0.6900535718749999 0.2489099703125 0.69386631875 0.2544806546875 0.699705109375 0.3128229171875 0.7378603671875 0.3280682046875 0.73610069375 0.3301205359375 0.725248759375 0.3268955859375 0.7229025296875
0 0.3213256453125 0.7201103671875 0.3779087296875 0.704436259375 0.3735109125 0.6932911703125 0.306373015625 0.7111820437499999 0.3213256453125 0.7201103671875
3 0.2884890875 0.6595967265625 0.2855572921875 0.6505044640625 0.280280009375 0.6493313484375001 0.2799868546875 0.6419990078125 0.2840912703125 0.6378928578124999 0.27646875 0.623521578125 0.2579985125 0.6173623515625 0.2146083828125 0.680003471875 0.2761755953125 0.6947919140625001 0.28760962343749996 0.6766076390625 0.2884890875 0.6689821421875 0.2884890875 0.6595967265625
0 0.27639384843750003 0.6199099703125001 0.2759181546875 0.623955853125 0.2805161203125 0.628472221875 0.2825002484375 0.6339285718750001 0.2867165171875 0.6324404765625 0.2847204859375 0.6258598703125 0.28341195468749997 0.6193149796874999 0.283055059375 0.6099141859375 0.27306324375 0.6044404765625 0.271398065625 0.6040833328125 0.2703474703125 0.6014384921875 0.2671232640625 0.60342261875 0.263155009375 0.6039186515625 0.268611359375 0.6054067453124999 0.27084350156250003 0.6083829359374999 0.27615600156250003 0.6153881453125 0.27639384843750003 0.6199099703125001
3 0.3444310515625 0.5485364578125 0.3394739578125 0.5421825390625 0.3348266375 0.5335042156250001 0.3311088796875 0.5304047625 0.3294047625 0.533658978125 0.340773809375 0.5533234125 0.3449900796875 0.5515873015625 0.3444310515625 0.5485364578125
0 0.4263189484375 0.5774298109375 0.42237698437500004 0.5693544140625 0.4255682046875 0.5671009421875 0.47287425625 0.551326140625 0.47569022812500006 0.5541431046875 0.4893938484375 0.5759273312500001 0.496339534375 0.5317953875 0.3901639390625 0.562816715625 0.39403075468750004 0.5781810515625 0.4195610125 0.590575396875 0.42200148750000005 0.5825002484375 0.4263189484375 0.5774298109375
0 0.5019290671875 0.49290749062500006 0.48363789687500003 0.479652778125 0.47273338281250005 0.46604637968749996 0.462298115625 0.4666329359375 0.45760813437500003 0.4712075890625 0.447758928125 0.465108134375 0.44377256875000004 0.4696825390625 0.44213095312500006 0.4688616078125 0.42301909687499994 0.4957224703125 0.4254813984375 0.49853769843749995 0.424777778125 0.504637153125 0.42278447343750003 0.510384671875 0.41750818437500004 0.5160148812500001 0.41270089218750006 0.5185954859375 0.40941790625 0.5245776296875 0.41270089218750006 0.523991071875 0.414108134375 0.5255158734375 0.416453125 0.5275099203125 0.41497569375000004 0.5305307546875 0.4830515875 0.51261334375 0.49864608125 0.5106192953125 0.5019290671875 0.49290749062500006
3 0.4134045140625 0.531380953125 0.41387351250000004 0.5292695937499999 0.41399082343750004 0.526454365625 0.4114112109375 0.5250468749999999 0.4078936015625 0.5270409218750001 0.4064866078125 0.5293869046874999 0.4047279265625 0.5325538187500001 0.40507961249999996 0.5338439984375001 0.4047279265625 0.53443055625 0.41223189531250004 0.5327884421875 0.4134045140625 0.531380953125
0 0.3512368546875 0.4466056546875 0.35135540625 0.4487408234375 0.4079858625 0.5113874015625 0.40838888906250004 0.5097110609375 0.411116071875 0.50899925625 0.353133928125 0.44577529687500006 0.3512368546875 0.4466056546875
4 0.389654265625 0.52050545625 0.3814255953125 0.48188640937500005 0.37423983125000004 0.4749556046875 0.3838442453125 0.5213358140625 0.389654265625 0.52050545625
4 0.373528521875 0.458472221875 0.3728169640625 0.45396478125 0.36914136875 0.45040625 0.3723427578125 0.46594518906250004 0.3793385421875 0.4728251484375 0.3788643359375 0.46891071406249996 0.373765625 0.46594518906250004 0.371987103125 0.463454365625 0.373528521875 0.458472221875
4 0.367244046875 0.4404422125 0.3687857140625 0.44933854218749997 0.3697341265625 0.44981299531249996 0.372461309375 0.4515922625 0.3738841765625 0.4540833328125 0.374595734375 0.45799776718749996 0.373054315625 0.4642844734375 0.37803422656249996 0.4673685515625 0.37838988125 0.46641964218750004 0.3757814984375 0.4525411703125 0.375069940625 0.45028745 0.3725798609375 0.440679315625 0.367244046875 0.4404422125
0 0.3728169640625 0.45977703437499995 0.37222420624999997 0.4626240078125 0.373054315625 0.46523363125 0.37530704375 0.4673685515625 0.3788643359375 0.4698596234375 0.378745784375 0.46831770781250004 0.37483283749999996 0.466301090625 0.373054315625 0.4646403765625 0.374002728125 0.4602514875 0.37423983125000004 0.45491369062500003 0.372461309375 0.4526599703125 0.3689990078125 0.449634671875 0.373765625 0.4547951390625 0.37364707343750003 0.4571674109375 0.3728169640625 0.45977703437499995
0 0.3894484125 0.53161954375 0.3915545640625 0.5346046624999999 0.392256696875 0.5370627484375 0.39401165625 0.5370627484375 0.3955037203125 0.53486805625 0.3962056046875 0.5318829359375 0.39445064531249996 0.5306540171874999 0.3939241078125 0.53302430625 0.3926076390625 0.53302430625 0.3897993546875 0.5302150296875 0.38830753906250004 0.529337053125 0.3891850203125 0.527669146875 0.391466765625 0.5274935515625 0.3949771828125 0.5274057546875001 0.396293403125 0.526615575 0.39778521875 0.5244208828125 0.3990138890625 0.526615575 0.3990138890625 0.528459078125 0.399189484375 0.5318829359375 0.40147098281250004 0.533112103125 0.4005935015625 0.5305662203125 0.400242559375 0.5244208828125 0.40410391875 0.5210848218749999 0.4043670640625 0.519680059375 0.40357738125 0.518275296875 0.402173115625 0.5167829859374999 0.401646578125 0.51274454375 0.4019099703125 0.5094084828125001 0.403226190625 0.506950396875 0.39980381875000004 0.5027363593749999 0.3947137890625 0.5039655265625 0.3901505453125 0.5111641859375 0.38813194375000004 0.5133591265625 0.3891850203125 0.5203824406249999 0.3835687 0.5214357640625 0.3819890875 0.5252108140625 0.38119915625 0.528634671875 0.3822522328125 0.5327609125 0.38255084375 0.5341101187499999 0.38435863124999997 0.5346924609375 0.3847095734375 0.5352189984375 0.388921875 0.533112103125 0.3894484125 0.53161954375
3 0.42446329374999997 0.50519444375 0.425341021875 0.4990491078125 0.42226959375 0.49483506874999994 0.41691641874999996 0.4945716765625 0.41121205312500003 0.497819940625 0.4067366078125 0.50098040625 0.41094890937499995 0.5073893843749999 0.41156324375000003 0.5087938984375 0.40857936562499997 0.509759671875 0.40831622031250003 0.5117787703125 0.40357738125 0.5066870046874999 0.4020853171875 0.510462053125 0.401646578125 0.5148514390625001 0.40466542656250004 0.5190158734375 0.41296726250000004 0.518275296875 0.417618303125 0.5152026296875001 0.42262053593750004 0.5106376484374999 0.42446329374999997 0.50519444375
4 0.5904394843749999 0.617430059375 0.819384425 0.62021180625 0.8156768359375001 0.586830109375 0.826799603125 0.5933209328125 0.835141865625 0.65730233125 0.6590302578125 0.64710243125 0.9250513390625 0.7695014875 0.9547123015625001 0.791755953125 0.999751984375 0.7361200390625 0.999751984375 0.5034486609375 0.7684236109375 0.2837251984375 0.7276356640625 0.284394096875 0.7249610609375 0.287069940625 0.6841728671875 0.2850629953125 0.6514087296875 0.3700158734375 0.6239935515624999 0.432225446875 0.6005905265625 0.48038764843750004 0.5424181546875 0.575040921875 0.5552172625 0.5905391859375 0.5774630453125 0.614648065625 0.5904394843749999 0.617430059375
3 0.9990890374999999 0.253745784375 0.999751984375 0.1840828375 0.8995225687499999 0.18041641875 0.45849255937500005 0.3293643359375 0.455023065625 0.34795907812500004 0.4632013890625 0.3449841265625 0.4634494046875 0.34820709375000003 0.45006646874999995 0.3722564484375 0.4549833234375 0.3752075453125 0.6704139390625 0.3190044640625 0.6864888390624999 0.2838797125 0.76094146875 0.2847259421875 0.76728670625 0.28261011875 0.7812467765625 0.2940362109375 0.9990890374999999 0.253745784375
3 0.93460863125 0.267788690625 0.8504771828125 0.281112103125 0.8244905749999999 0.286636409375 0.999751984375 0.35845238125 0.999751984375 0.286961309375 0.93460863125 0.267788690625
3 0.626173115625 0.21763690468750002 0.7082308625 0.2427592796875 0.7211656750000001 0.238912203125 0.767953125 0.22401959374999997 0.66197271875 0.19600694375 0.6339712296875 0.1984890875 0.6236919640624999 0.205935515625 0.626173115625 0.21763690468750002
3 0.9122142859375 0.1811463296875 0.9994089781250001 0.182919146875 0.9972822421875 0.175118303125 0.9409248515625 0.1744092265625 0.9079608140625 0.1744092265625 0.8480587796875 0.175472965625 0.8143861609374999 0.177955109375 0.64368353125 0.19484449375 0.6864298109375 0.19426612031249998 0.76121875 0.18752901718749998 0.8505399312499999 0.18327380937499999 0.9122142859375 0.1811463296875
4 0.7917013890625 0.18647891875 0.68111334375 0.19541170624999998 0.6825307546875 0.20208085312500002 0.7700798609375 0.2237108140625 0.7984357640625 0.2144915671875 0.7917013890625 0.18647891875
4 0.6906830359375 0.125 0.6761505453125001 0.1311768359375 0.6768596234375 0.13224082343750002 0.6704794140625 0.13578670625 0.6708338296874999 0.142523809375 0.6697705859374999 0.14642435468749998 0.6796951890625 0.18897495 0.7644087296875 0.18081944375 0.7523573906250001 0.12585813437499999 0.6906830359375 0.125
4 0.78780233125 0.1613169640625 0.7803588796875001 0.1598985609375 0.77965005 0.1538705359375 0.7814223703125001 0.1471334328125 0.7867390875 0.14216914687499999 0.7846123515625 0.125503471875 0.7587375984375 0.12585813437499999 0.766535465625 0.181528521875 0.7899290671875 0.17904637968749998 0.7917013890625 0.1616716265625 0.78780233125 0.1613169640625
0 0.15550595312499998 0.684523809375 0.16071428593749998 0.68154761875 0.1783234125 0.6547619046875 0.18055555625 0.6480654765625 0.17881944375 0.644097221875 0.177579365625 0.643105159375 0.17361111093749998 0.6428571421875 0.15029761875 0.6443452375 0.1418650796875 0.6641865078125 0.14136904687500002 0.6674107140625 0.134424603125 0.6798115078125 0.13467261875 0.6825396828125 0.1331845234375 0.6860119046875 0.1383928578125 0.688244046875 0.15550595312499998 0.684523809375
4 0.5523313484375 0.6875 0.559523809375 0.6887400796875001 0.56299603125 0.688244046875 0.5647321421875 0.6917162703125 0.6163194437499999 0.6944444437499999 0.6460813484375 0.6929563484375 0.687748015625 0.6783234125 0.69717261875 0.674603175 0.7021329359374999 0.67137896875 0.658978175 0.650545634375 0.6473214281249999 0.6478174609375 0.5734126984375 0.643353175 0.5421626984375 0.6428571421875 0.5240932546875 0.641428571875 0.533565228125 0.6618603671875001 0.5367063484375 0.67137896875 0.54092261875 0.6835317453124999 0.5523313484375 0.6875
4 0.66592261875 0.7581845234375 0.6773313484375 0.7829861109375 0.6961805562500001 0.8177083328125001 0.7008928578125 0.8226686515624999 0.7641369046875 0.8162202375 0.7740575390625 0.8137400796875 0.797619046875 0.8110119046875001 0.8043154765624999 0.8087797625 0.8048115078125001 0.8033234125 0.8018353171875001 0.800347221875 0.799355159375 0.7946428578125 0.799603175 0.791170634375 0.7983630953125 0.7891865078125 0.7988591265625 0.7822420640625001 0.802579365625 0.780505953125 0.810019840625 0.7797619046875 0.8112599203125 0.7767857140625 0.8164682546875 0.7738095234375 0.815228175 0.7710813484375 0.815476190625 0.768105159375 0.80282738125 0.7428075390625 0.7886904765625 0.7175099203124999 0.78447420625 0.7113095234375 0.7790178578125 0.70634920625 0.7676091265625 0.7021329359374999 0.7643849203124999 0.699652778125 0.7522321421875 0.696924603125 0.749751984375 0.693204365625 0.7415674609375 0.6887400796875001 0.73487103125 0.686755953125 0.7167658734375 0.6773313484375 0.70907738125 0.675347221875 0.7083333328125 0.6741071421875 0.7048611109375 0.672619046875 0.6976686515625 0.6741071421875 0.69584995 0.6773313484375 0.693204365625 0.6773313484375 0.6862599203124999 0.6808035718750001 0.67782738125 0.6825396828125 0.6701388890625 0.6865079359374999 0.6626984125 0.68799603125 0.6582341265625 0.690476190625 0.634424603125 0.696924603125 0.6336805562500001 0.6976686515625 0.6341765875 0.700644840625 0.6641865078125 0.7569444437499999 0.66592261875 0.7581845234375
0 0.580605159375 0.7415674609375 0.5825892859375 0.7473544140625 0.5959642859375001 0.7331478171875 0.6117442953125 0.721454365625 0.650545634375 0.7331349203124999 0.646329365625 0.724950396875 0.6428571421875 0.7209821421875 0.6388888890625 0.7115575390625 0.63095238125 0.6981646828125 0.6232638890625 0.6959325390625 0.615079365625 0.6961805562500001 0.6116071421875 0.6949404765625 0.5669642859375 0.6927083328125 0.5602678578125 0.689980159375 0.552579365625 0.6884920640625001 0.5478670640625001 0.6892361109375 0.544394840625 0.688244046875 0.547619046875 0.6976686515625 0.5560515875 0.7110615078125 0.5771329359374999 0.7390873015625 0.580605159375 0.7415674609375
4 0.4427083328125 0.750248015625 0.4449404765625 0.7519841265625 0.4466765875 0.7574404765625 0.45238095312500004 0.7671130953125 0.45238095312500004 0.7710813484375 0.45386904687499996 0.7740575390625 0.46552579375 0.7896825390625 0.4742063484375 0.794394840625 0.5014880953125 0.8045634921874999 0.5389384921875 0.8211805562500001 0.541170634375 0.8229166671874999 0.553075396875 0.825148809375 0.5605158734375 0.82862103125 0.5644841265625 0.828373015625 0.5677083328125 0.8204365078125001 0.5714285718750001 0.8060515875 0.5772311515624999 0.7868246531249999 0.5637400796875001 0.7760416671875 0.5615079359374999 0.7735615078125 0.53075396875 0.752728175 0.5022321421875 0.740575396875 0.49404761875 0.7393353171875 0.47197420625 0.7331349203124999 0.466269840625 0.7306547625 0.462549603125 0.7306547625 0.45882936562500004 0.7323908734375 0.4543650796875 0.7323908734375 0.45089285781250005 0.7291666671875 0.443700396875 0.7269345234375 0.4387400796875 0.7264384921875 0.42646627031250006 0.72303521875 0.4384920640625 0.7366071421875 0.43799603125 0.7418154765625 0.4422123015625 0.74404761875 0.4427083328125 0.750248015625
4 0.5094139390625 0.7046552578124999 0.511575396875 0.7103313484375 0.5022810015625 0.709680059375 0.48796106093749997 0.715896825 0.5184196421875 0.7220662203125 0.5213958328125 0.72380233125 0.531068453125 0.7322348703125 0.5333005953125001 0.73669915625 0.5370208328125 0.7399233625 0.5395009921875 0.7443876484375 0.5459494046875 0.7508360609375 0.548181546875 0.755300346875 0.550413690625 0.7572844734374999 0.5484295640625 0.7600126484375 0.5593422625 0.7677011406250001 0.56355853125 0.7729094734374999 0.56628670625 0.7746455859375 0.5675267859375001 0.7778697921875 0.569758928125 0.7786138390625 0.572983134375 0.774149553125 0.57273511875 0.768197171875 0.5776954359375 0.7562924109375 0.582159721875 0.74860391875 0.5829037703125 0.7453797125 0.5809196421875 0.7399233625 0.5764553578125 0.7349630453125 0.5437172625 0.68883209375 0.5340446421875 0.6734551093750001 0.529084325 0.667998759375 0.522883928125 0.6558459828125 0.516931546875 0.648653521875 0.5144513890625 0.6427011406250001 0.510483134375 0.639972965625 0.504820684375 0.684112846875 0.5045505953125 0.6887078375 0.5110349703125 0.696005953125 0.5088735125 0.69978993125 0.5094139390625 0.7046552578124999
4 0.6366567453124999 0.8236607140625001 0.640873015625 0.8206845234375001 0.640625 0.81200396875 0.638144840625 0.80282738125 0.6364087296875 0.799851190625 0.6314484125 0.7986111109375 0.6133432546875001 0.8008432546875 0.6001984125 0.7978670640625001 0.577876984375 0.799851190625 0.5741567453124999 0.803075396875 0.5694444437499999 0.8177083328125001 0.5679563484375 0.8236607140625001 0.57217261875 0.825396825 0.627728175 0.82490079375 0.6366567453124999 0.8236607140625001
4 0.5458829359374999 0.8263888890625 0.5453869046875 0.8234126984374999 0.5119047625 0.8087797625 0.5064484125 0.8075396828124999 0.49776785781250005 0.8075396828124999 0.49553571406249997 0.8087797625 0.4952876984375 0.8266369046875001 0.49776785781250005 0.8293650796875 0.518105159375 0.8293650796875 0.5458829359374999 0.8263888890625
4 0.5399305562500001 0.61532738125 0.5585317453124999 0.6168154765625 0.5766369046875 0.6163194437499999 0.577876984375 0.615575396875 0.577876984375 0.61259920625 0.571924603125 0.605902778125 0.565476190625 0.6016865078125 0.5642361109375 0.5979662703125 0.561755953125 0.5947420640625001 0.5572916671875 0.5922619046875 0.5488591265625 0.5850694437499999 0.5478670640625001 0.5863095234375 0.54737103125 0.5915178578125 0.5446428578125 0.5952380953125 0.5429067453124999 0.6006944437499999 0.5431547625 0.6029265875 0.5386904765625 0.61259920625 0.5399305562500001 0.61532738125
0 0.5782036203125 0.511628471875 0.5806354171875 0.5129799109375 0.5957658734375 0.486761409375 0.5782036203125 0.47000322343749995 0.52686805625 0.5391984125 0.526544146875 0.5444000499999999 0.5255171125 0.5432527281249999 0.5347033734375 0.5548754953125 0.5782036203125 0.511628471875
3 0.54091790625 0.43086334375 0.5967931546874999 0.4853908734375 0.64223834375 0.391940971875 0.5965763890625 0.356532490625 0.54091790625 0.43086334375
3 0.6471016859375001 0.3806096234375 0.671959078125 0.3176312 0.5865796125 0.3384437 0.577555803125 0.3786123515625 0.597387153125 0.356012896875 0.6349432046875 0.38547495 0.6471016859375001 0.3806096234375
3 0.5161108624999999 0.36404637968750003 0.5212442953124999 0.36080282812500003 0.5271884921875001 0.3575595234375 0.5331326890625 0.354315971875 0.5282693453125 0.35269419687500003 0.5026014390625 0.3602624015625 0.37128993125 0.4345932546875 0.3688583828125 0.44081002031249994 0.3726408734375 0.44216145781250005 0.37534275781250004 0.455946428125 0.37777455312499997 0.4554330359375 0.5147599203125 0.388102678125 0.516380953125 0.3740473703125 0.5158405265625 0.36999305625 0.5161108624999999 0.36404637968750003
3 0.536324653125 0.29630530781250003 0.534433284375 0.2841421125 0.5806354171875 0.2479481640625 0.597387153125 0.22713541718750002 0.6014399796875 0.2274057546875 0.605762896875 0.2295682046875 0.6254866078125 0.2182157734375 0.621163690625 0.205512153125 0.641157490625 0.1890240578125 0.6435892859375001 0.191997271875 0.6538563984375 0.191997271875 0.673580109375 0.181996528125 0.6625024796875 0.16604910781249999 0.4231158234375 0.3584771828125 0.42554761875 0.361720734375 0.42662822343749995 0.36631572343749996 0.4555384421875 0.3455029765625 0.45932093281249997 0.3300920140625 0.5166009421875 0.310090278125 0.536324653125 0.29630530781250003
3 0.6089250984375 0.2327862109375 0.6032509921875 0.2290022328125 0.5983876484375 0.22738045625 0.5821763390625 0.24711185468750002 0.5848782234375001 0.24900396875 0.5836259921875 0.25178050625 0.577938740625 0.25346329375 0.5424588296875 0.29954885937500003 0.580825396875 0.2879263390625 0.6118970734375 0.2433278765625 0.6089250984375 0.2327862109375
3 0.6198127484375 0.2454900796875 0.616300346875 0.25089608124999996 0.613328125 0.252787946875 0.6138685515625 0.24900396875 0.5809055062499999 0.286844990625 0.6246765875 0.2720500984375 0.637375 0.2581939484375 0.63224131875 0.24846329374999998 0.625756696875 0.244949653125 0.6198127484375 0.2454900796875
3 0.6360240578125 0.25035540625 0.6392661203125 0.256572171875 0.647912203125 0.2457604171875 0.643048859375 0.23548933593750002 0.6371046625 0.2306240078125 0.6300798609375 0.22927256875 0.6187318953125 0.242246528125 0.627918403125 0.2433278765625 0.6330518359374999 0.2454900796875 0.6360240578125 0.25035540625
3 0.69330381875 0.24819295624999999 0.6930337296875 0.240084325 0.6689868546875 0.231975446875 0.648453125 0.2454635421875 0.6392661203125 0.2581939484375 0.6419680062500001 0.26576215312499996 0.69330381875 0.24819295624999999
0 0.630924603125 0.2198697921875 0.6108901296875 0.23515773750000002 0.614990328125 0.241962796875 0.6297130453124999 0.229191715625 0.6338132437499999 0.2292849703125 0.6415473703125001 0.2230391859375 0.630924603125 0.2198697921875
3 0.3659578375 0.40856696406250004 0.4482700890625 0.3907219734375 0.45901587343749994 0.386637153125 0.4450463796875 0.386637153125 0.3625193453125 0.40491195468749996 0.357361359375 0.409212053125 0.3541376484375 0.41609201406249996 0.355641865625 0.42490699374999996 0.364883184375 0.4436118546875 0.3668174609375 0.43888194374999995 0.3590806046875 0.41738194375 0.3612296625 0.41071701406249994 0.3659578375 0.40856696406250004
4 0.253342509375 0.44618353125 0.2799920640625 0.42984350156250006 0.284075396875 0.42683358125000004 0.28966319375 0.425113590625 0.2989045140625 0.4259734625 0.30664136875 0.43005853125 0.321900296875 0.4259734625 0.331571428125 0.4324236109375 0.3382338796875 0.430488590625 0.347905009375 0.4302735609375 0.3607998515625 0.438228421875 0.352847965625 0.41780357187500006 0.35714632968750004 0.40748363125 0.3700411703125 0.4023236609375 0.4057170140625 0.39436879999999996 0.3068563984375 0.33825396875 0.29202728125 0.35996875 0.28192609062499996 0.36813888906250003 0.2802068453125 0.3735138890625 0.2741892359375 0.3788888890625 0.21315352187499997 0.43435863125 0.2198157234375 0.4397333828125 0.2163772328125 0.44274355156249995 0.2492591765625 0.4608033234375 0.2496889875 0.45736334375 0.2499037703125 0.4509134421875 0.253342509375 0.44618353125
3 0.2958955859375 0.44080853124999997 0.29740004999999997 0.4397333828125 0.30234300625 0.4388735125 0.30556671562500004 0.4399484125 0.30642658749999996 0.43564856093750004 0.3094352671875 0.43371354218749997 0.3032026296875 0.42898363125000005 0.298689484375 0.427693453125 0.28966319375 0.4257584328125 0.28063665625 0.4291984125 0.2518380453125 0.4483333328125 0.24947395781249998 0.4560734125 0.250763640625 0.46295337343750004 0.25678125 0.47133829374999997 0.2625838296875 0.475853421875 0.2647328875 0.47778819375000003 0.28966319375 0.4603732640625 0.28966319375 0.45693328437499997 0.2918122515625 0.448978421875 0.2958955859375 0.44080853124999997
3 0.405287203125 0.400388640625 0.408167659375 0.41132068437499997 0.42334002968749995 0.40533358125 0.422265625 0.397163690625 0.405287203125 0.400388640625
0 0.19717261875 0.521825396875 0.2016369046875 0.5205853171875 0.20560515937499999 0.5208333328125 0.2172619046875 0.5168650796875001 0.22445436562499999 0.515625 0.22767857187499999 0.512648809375 0.2264384921875 0.5037202375 0.22470238125000003 0.49950396875 0.2227182546875 0.5014880953125 0.221726190625 0.5054563484375 0.21924603125000003 0.5069444437499999 0.206101190625 0.5044642859375 0.20064484062500001 0.500248015625 0.18501984062500001 0.4990079359375 0.1820436515625 0.49925595312500004 0.18030753906250002 0.5009920640625001 0.17906746093749998 0.508556546875 0.1768353171875 0.512896825 0.1731150796875 0.5272817453124999 0.17361111093749998 0.5302579359374999 0.18501984062500001 0.527777778125 0.19717261875 0.521825396875
4 0.2519841265625 0.5089285718750001 0.263144840625 0.5022321421875 0.27232142812500004 0.4950396828125 0.2770337296875 0.4895833328125 0.28075396874999997 0.48759920625 0.283730159375 0.48387896875 0.286954365625 0.484623015625 0.3082837296875 0.4541170640625 0.30654761875 0.45262896875 0.3023313484375 0.452876984375 0.29637896874999997 0.4578373015625 0.2894345234375 0.4610615078125 0.275049603125 0.4737103171875 0.2676091265625 0.477678571875 0.2485119046875 0.4925595234375 0.2306547625 0.509920634375 0.2321428578125 0.5114087296875 0.23611111093749998 0.512152778125 0.2420634921875 0.509920634375 0.2519841265625 0.5089285718750001
3 0.06125992031250001 0.7425595234375 0.06374007968749999 0.7455357140625 0.0644841265625 0.7482638890625 0.068700396875 0.7485119046875 0.07217261875 0.7509920640625001 0.0739087296875 0.7509920640625001 0.10243055625 0.762896825 0.109375 0.7636408734375 0.110119046875 0.7619047625 0.10391865156249999 0.7601686515625 0.09895833281250001 0.75 0.09895833281250001 0.74677579375 0.1016865078125 0.7410714281249999 0.1046626984375 0.73759920625 0.105902778125 0.73387896875 0.10292658750000001 0.724454365625 0.103174603125 0.721726190625 0.1051587296875 0.7177579359374999 0.1083829359375 0.7145337296875 0.109375 0.709325396875 0.0957341265625 0.6989087296875 0.0915178578125 0.6989087296875 0.078373015625 0.7147817453124999 0.0647321421875 0.7266865078125 0.0587797625 0.7333829359374999 0.051835317187499994 0.7356150796875001 0.0505952375 0.73759920625 0.05009920624999999 0.7388392859375 0.052579365625 0.7415674609375 0.05729166718749999 0.7413194437499999 0.06125992031250001 0.7425595234375
3 0.10119047656249999 0.756200396875 0.10639880937499999 0.7586805562500001 0.10887896875 0.76240079375 0.1111111109375 0.7638888890625 0.1145833328125 0.7616567453124999 0.11631944375 0.756200396875 0.12251984062500001 0.75 0.13988095312499998 0.7199900796875001 0.143353175 0.7123015875 0.1460813484375 0.70907738125 0.1542658734375 0.6946924609375 0.1582341265625 0.685019840625 0.1550099203125 0.6862599203124999 0.137896825 0.6884920640625001 0.134920634375 0.687748015625 0.1329365078125 0.6822916671875 0.130704365625 0.681795634375 0.10342261875 0.722222221875 0.10342261875 0.724950396875 0.10615079375 0.7321428578125 0.0987103171875 0.7477678578125 0.10119047656249999 0.756200396875
3 0.4002333828125 0.7676954359375 0.40540749062500003 0.7679025296875001 0.40727033749999997 0.767488590625 0.4163767359375 0.7770126484375 0.4277599203125 0.7830171125 0.431071428125 0.7826029265625001 0.4118234125 0.7662462796875 0.41844642812500005 0.76541790625 0.4217579359375 0.765625 0.42734598281249997 0.767488590625 0.43314112031249996 0.76458978125 0.4368665671875 0.7710084328125 0.43769444375 0.7811537703125 0.43583159687500006 0.7844665171874999 0.4590119046875 0.7826029265625001 0.461081596875 0.7900567953125 0.46480704375000004 0.7869508921875 0.46335813437500006 0.7838452375 0.3876083828125 0.71510540625 0.3362807546875 0.761277034375 0.337522321875 0.76396875 0.37187896875000004 0.7941976687500001 0.37684622968750003 0.7927482640625 0.378294890625 0.7912991078125 0.380571428125 0.792334325 0.38491790625 0.7919201390625 0.3838906484375 0.789642609375 0.38802232187499996 0.789642609375 0.393403521875 0.7852946421875 0.400440228125 0.7782549609375 0.402303075 0.7734928078125 0.4002333828125 0.7676954359375
3 0.37881811249999997 0.77839631875 0.37643229218749996 0.76666021875 0.3749833828125 0.7542373515625 0.37726016875 0.7440920140625 0.3851247515625 0.742849703125 0.390919890625 0.7360171125 0.37415550625 0.7370525796875 0.3667048609375 0.74616245 0.366290921875 0.74616245 0.368153521875 0.75651488125 0.36980927656249996 0.7631403765625 0.37726016875 0.7749422125 0.37881811249999997 0.77839631875
3 0.4422475203125 0.75444444375 0.4312782734375 0.7414005453125 0.42010218281249995 0.7324975203124999 0.40350372031250004 0.7240972218749999 0.40106125937500003 0.7275282734374999 0.4463869046875 0.76666021875 0.4422475203125 0.75444444375
3 0.2193583828125 0.8130947421875 0.22008556562499998 0.81091245 0.220630953125 0.8087299109374999 0.21644965312500003 0.80891170625 0.21317733125 0.80982118125 0.2057237109375 0.8052745531250001 0.2077234625 0.7990907734375 0.20826884843750001 0.79508978125 0.2048147328125 0.8007276781250001 0.20517832343750003 0.8087299109374999 0.21063219218749998 0.8147316468750001 0.2193583828125 0.8130947421875
3 0.5267931546875 0.520360615625 0.539205853125 0.42547569375 0.5436743546875 0.35294593281250003 0.5163665671875 0.362384671875 0.5109050093749999 0.4120627484375 0.50097495 0.5109216265625001 0.4945203375 0.5680513390625 0.48409375 0.6145553078125 0.5153735125 0.6177291671875 0.52282118125 0.5764965281250001 0.5267931546875 0.520360615625
3 0.4751564984375 0.7095515875 0.48359722187500004 0.7219709828124999 0.49352728125 0.703590278125 0.4960099203125 0.6837189984375 0.503457340625 0.683222221875 0.511898065625 0.6434799109375 0.47813566406249997 0.6421113593750001 0.46324032812500004 0.6991192953125 0.459268353125 0.7100483625 0.46770907812500007 0.7135257937499999 0.4751564984375 0.7095515875
0 0.37866319375 0.4678134921875 0.3838102671875 0.47437500000000005 0.4330731640625 0.46045684531250003 0.5075803578125 0.436915178125 0.5092958828125 0.423427828125 0.37866319375 0.4678134921875
0 0.439200396875 0.445498015625 0.50905084375 0.422201884375 0.5102762890625 0.41484499062499997 0.4556212796875 0.4315203375 0.4132209828125 0.4430458828125 0.3775602671875 0.45599330312499997 0.382584821875 0.46241865156250006 0.4208187 0.45285491093749997 0.439200396875 0.445498015625
0 0.5641959328125 0.39915079375 0.5411574906250001 0.406362846875 0.5404223703125 0.4192591765625 0.5531669140625 0.41386408750000003 0.5641959328125 0.39915079375
3 0.4987497515625 0.511580109375 0.3925295140625 0.539272321875 0.2563876484375 0.5773720234375 0.25264756875 0.59241170625 0.25863194375 0.6013931046875001 0.4968799609375 0.531039434375 0.4987497515625 0.511580109375