2 0.6939962796875 0.74401488125 0.705167659375 0.7335880453125 0.712615328125 0.74178050625 0.7796436015625 0.6121922125 0.7833673109375 0.5518668156250001 0.801986359375 0.5533563984375001 0.8064548609375001 0.5518668156250001 0.8012415671875001 0.5377162703125 0.7833673109375 0.525800346875 0.765493303125 0.5190974703125 0.750597965625 0.5168630953125 0.7379370046875 0.5220763890625 0.6604821421875 0.6606016859375 0.6530344734375 0.72092733125 0.6701639390625 0.7328435015625 0.6939962796875 0.74401488125
2 0.635092509375 0.4302028765625 0.6407485125 0.442928571875 0.6432229656249999 0.457421875 0.6456974203125 0.46767311562499997 0.647111359375 0.47474305625 0.6425158734374999 0.49100372031250006 0.6396879953125 0.507971478125 0.6322646328125 0.5178692953125 0.622366815625 0.530241815625 0.602217509375 0.5422604171875001 0.58171478125 0.5457953875 0.570049603125 0.5454419640625 0.561212053125 0.567712053125 0.582775296875 0.5875076890625001 0.58772420625 0.5966986609375 0.5916125984375 0.6090709328125 0.5933802078125 0.620029265625 0.5944407234375 0.632048115625 0.5933802078125 0.63911805625 0.614236359375 0.6430064484375 0.6248412703125 0.6426530265625 0.635092509375 0.6433598703125 0.6930657234375001 0.4107606640625 0.6905912703125 0.404044146875 0.6775119046875 0.3983881453125 0.6707953875 0.42525396875 0.6534742062500001 0.424193453125 0.64216245 0.4171235125 0.640394840625 0.41464905781250005 0.6442834828125 0.40298363125 0.6259017859375 0.4075791171875 0.6259017859375 0.41394196406250006 0.6304970234375 0.42207242031250003 0.635092509375 0.4302028765625
2 0.32767609062499997 0.7749588296875001 0.349540178125 0.784676090625 0.46545436562500003 0.6979139390625 0.4782951390625 0.6857673609375 0.48662425625 0.6003933531250001 0.4946063984375 0.5899818953125 0.543887153125 0.5802646328125001 0.5706098703125 0.5972700890625 0.579633184375 0.60282266875 0.5792862109375 0.6472450390625 0.5883092765625 0.639262896875 0.5900446421875001 0.6312807546875 0.5907388390625 0.6201750984375 0.58969766875 0.6066403765625 0.582756696875 0.593799603125 0.5716510421875001 0.5785295140625 0.5601984125 0.5677708328125 0.5494399796875 0.5622182546875 0.46580133906250004 0.5996994046874999 0.4425491078125 0.620522321875 0.4307495046875 0.6302395828125 0.41756175625 0.6326688984375 0.41374404687500005 0.63683358125 0.41756175625 0.6521036703124999 0.3991681546875 0.6580034718750001 0.3686279765625 0.6607797625 0.3596046625 0.658350446875 0.34745783750000003 0.6545329859375 0.2985240578125 0.6836850203125 0.2985240578125 0.7062430562500001 0.31448834375 0.7541359125 0.32767609062499997 0.7749588296875001
2 0.351587053125 0.444602678125 0.3825193453125 0.43416790625 0.3974263390625 0.43454042656249997 0.423886409375 0.443857390625 0.44475619999999993 0.45876438437499995 0.465253471875 0.47926165625 0.4753157234375 0.5001314484375 0.555440971875 0.485597221875 0.5856279765625 0.48485193437499996 0.598298859375 0.47926165625 0.6042616562500001 0.4710627484375 0.6154419640625 0.44758407812499995 0.6214047625 0.431559028125 0.6206594734374999 0.4009997515625 0.5196641859375 0.42671428593750005 0.5200369546875 0.4062170140625 0.5215275296875 0.38981944375 0.5271178078125 0.3786391375 0.5934541171875 0.35776909687499997 0.5882366078125 0.355533234375 0.5770563 0.35068824374999996 0.566994046875 0.34807961249999997 0.5502237109375 0.34845238125 0.366866815625 0.41627926562499995 0.3568045640625 0.428205109375 0.35643204375000004 0.428205109375 0.351587053125 0.444602678125
1 0.8161706343749999 0.5555962296875 0.8010248015625001 0.5544880953125 0.786987103125 0.555226934375 0.7844012890625 0.5592904265625 0.7522624015625 0.88215699375 0.7825540671875 0.895086309375 0.8161706343749999 0.5555962296875
1 0.7454424609375 0.9649151781249999 0.7415280265625 0.9925962296874999 0.7546693953125 0.9953921125 0.7734030265625 0.9794546125 0.7454424609375 0.9649151781249999
1 0.242377728125 0.49660094218750006 0.23290575468750002 0.5077643843749999 0.222419146875 0.524678571875 0.21531497968750002 0.5439608140625001 0.21227058593749998 0.562228175 0.2166681546875 0.5889526296875001 0.2241103671875 0.602822171875 0.2396716265625 0.6197363593749999 0.2569241078125 0.6308998015625 0.3269556046875 0.6471374015625 0.348267609375 0.6518735125 0.3800662203125 0.6596540171874999 0.41389459375 0.6528881453125 0.4128797125 0.63394444375 0.41321800625 0.628193453125 0.4237048609375 0.6302232140624999 0.43216195468749996 0.626840278125 0.45212078437500003 0.612632440625 0.46666691406250005 0.597409721875 0.4737708328125 0.5781274796875 0.47613888906249996 0.559521825 0.47783035781249994 0.5334739578125001 0.4788452375 0.5182512406249999 0.47512400781249997 0.5067495046875 0.4676817953125 0.49660094218750006 0.4602395828125 0.48442286718750005 0.45347395781250005 0.47427430625 0.447384671875 0.46344915625 0.435883184375 0.4539771828125 0.412203125 0.43943105156250006 0.3844637890625 0.43773958281249997 0.28839112031249997 0.4691999015625 0.28602331406250003 0.47698065468750006 0.2816188 0.48103993125000005 0.26301314531250003 0.48611433593750003 0.242377728125 0.49660094218750006
3 0.5678549109375 0.3432983625 0.5838754953125 0.3474942953125 0.5979890875 0.35703050625 0.564803571875 0.3699995046875 0.5316180562499999 0.3814427078125 0.5220818453125 0.405855159375 0.5686178078124999 0.39021602187500004 0.5907415671875 0.3913603671875 0.6079064984375 0.4001334328125 0.62125694375 0.4001334328125 0.6231641859375 0.407380953125 0.6697001484375 0.39746329375 0.6433807046875 0.3638963296875 0.6395662203125 0.3421540171875 0.63689608125 0.3227006453125 0.6441436015625001 0.3009583328125 0.5125458828125 0.352453125 0.5110200890625001 0.3619890875 0.5300922625 0.3520716765625 0.551071428125 0.34444270781249997 0.5678549109375 0.3432983625
3 0.621085565625 0.6496068953125 0.6063869046875 0.7382080859375 0.621085565625 0.7426994046875001 0.64680853125 0.7492321421875 0.690905009375 0.4474977671875 0.6945798609375 0.4148501984375 0.637009425 0.6438906249999999 0.621085565625 0.6496068953125
3 0.5900548109375 0.836200396875 0.581072171875 0.8468162203125 0.57739756875 0.8651897328124999 0.5839303078125 0.8925458828125 0.6174109624999999 0.9154107140625 0.6304766859375001 0.9190853171875 0.6435421625 0.9125525796874999 0.7762400796875 0.9799223703125 0.7819563484375001 0.9791056546875 0.792163690625 0.97502256875 0.8035962296875001 0.9819637890624999 0.8423846718749999 0.999751984375 0.8725989578125001 0.9987041171875 0.8734156750000001 0.943991815625 0.8105372031250001 0.9170438984375 0.81012896875 0.9117361109375001 0.793796875 0.901528521875 0.6659987593750001 0.8500825890625 0.6655905265625 0.8472244546875001 0.661915675 0.8345672125 0.648441715625 0.8247678578125001 0.6251686515625 0.8178268843750001 0.6198608625 0.8202765375000001 0.6096532734375 0.8292591765624999 0.5900548109375 0.836200396875
3 0.711303571875 0.41581820468749997 0.6953638390625 0.4331438484375 0.696403521875 0.46571627031249996 0.7165014875 0.4802700890625 0.73659920625 0.4806165671875 0.7463015875 0.46502331406249997 0.8623841765625 0.44977678593750003 0.8734727187500001 0.4310649796875 0.872433284375 0.4154717265625 0.8630773812499999 0.40819494062499995 0.85545386875 0.4029970234375 0.741450396875 0.42170907812499997 0.7376388890625 0.4199764390625 0.7241247515625 0.40888789687499993 0.711303571875 0.41581820468749997
0 0.5534717265625 0.7565203375 0.4988826890625 0.6931765875 0.486523065625 0.6849367562500001 0.220273065625 0.8862978671875 0.22233308593749998 0.900717509375 0.2964915671875 0.9604563484374999 0.5534717265625 0.7565203375
0 0.47725322343750004 0.83325396875 0.470558284375 0.9213172125 0.503002728125 0.955306546875 0.5555317453125 0.9187423109375 0.5787063484375 0.6020233140625 0.541626984375 0.58296875 0.48961284687499995 0.5999635421875 0.4829181546875 0.684421875 0.503002728125 0.7055364578125001 0.5555317453125 0.7683650796875 0.47725322343750004 0.83325396875
0 0.5883489578125001 0.8346116078125 0.6149372515625 0.8268298609375 0.632446428125 0.7995930062500001 0.6402284218750001 0.7846775796875 0.6437951390625 0.7759228671875 0.6470376984375 0.749658978125 0.6061825390625 0.7383102671875 0.60974925625 0.6841612109375 0.600021825 0.6792973703125 0.576676090625 0.6773519343750001 0.5591666671875 0.832017609375 0.57537896875 0.83526016875 0.5883489578125001 0.8346116078125
0 0.64228993125 0.33393675625 0.6493120046875 0.36202505 0.6703782234375 0.3901130953125 0.691444196875 0.4025967265625 0.8740173609375 0.3550029765625 0.874751984375 0.1903752484375 0.6586748515624999 0.284782490625 0.6446307046875 0.30038715312500003 0.64228993125 0.312870784375 0.64228993125 0.33393675625