3 0.39845436562500003 0.498330109375 0.4104275796875 0.503237103125 0.414745784375 0.503040921875 0.41533457343749997 0.49970411718749996 0.41337177656249996 0.49499330312499995 0.4129791671875 0.49106770781250003 0.41317559531250003 0.48282366093749995 0.41258680625000005 0.48203869062500004 0.40983878906250004 0.4802720734375 0.40610937500000005 0.48341269843749995 0.40375396874999997 0.492834325 0.4017911703125 0.49303050624999994 0.4002209828125 0.49420808593750004 0.39845436562500003 0.498330109375
1 0.4067135421875 0.48024925625000003 0.4126827875 0.4797651296875 0.41461880000000007 0.480410465625 0.414457340625 0.4878318453125 0.41768402812499994 0.48750917656250004 0.4259119546875 0.47605456406249996 0.4255892859375 0.4721827875 0.41881324375 0.4639548609375 0.41461880000000007 0.46330952343750004 0.4041321921875 0.44911259843750007 0.4013896328125 0.44943526718750004 0.39090327343750003 0.45459771875 0.3863859125 0.46298685468749995 0.3921939484375 0.4704079859375 0.3968725203125 0.478152034375 0.4020349703125 0.484927828125 0.4049389875 0.482669146875 0.4049389875 0.48170114062499997 0.4067135421875 0.48024925625000003
2 0.822420634375 0.5959821421875 0.8266369046875001 0.6240079359374999 0.8291170640625 0.6540178578125 0.830853175 0.6607142859375 0.830605159375 0.665674603125 0.837549603125 0.7110615078125 0.8385416671874999 0.7274305562500001 0.841269840625 0.743799603125 0.841021825 0.75049603125 0.843998015625 0.7619047625 0.8454861109375 0.7636408734375 0.849454365625 0.765625 0.8571428578125 0.765625 0.8613591265625 0.7643849203124999 0.865079365625 0.7591765875 0.8573908734375 0.706597221875 0.8556547625 0.699652778125 0.8454861109375 0.6237599203124999 0.84325396875 0.6148313484375 0.833829365625 0.53075396875 0.830605159375 0.52157738125 0.828125 0.51884920625 0.8244047625 0.518105159375 0.8199404765624999 0.51884920625 0.8177083328125001 0.5230654765625 0.8174603171875001 0.53075396875 0.8189484125 0.541170634375 0.81845238125 0.5491071421875 0.822420634375 0.5959821421875
2 0.78818055625 0.3933018359375 0.772152034375 0.41560243124999996 0.8700647328125 0.4664751984375 0.87633680625 0.46159697343749995 0.8853963296874999 0.45184052656249996 0.891668403125 0.444871528125 0.9035153765624999 0.429191715625 0.9115295140624999 0.41664756875000003 0.9167562 0.40061929531249996 0.917453125 0.391908234375 0.8164045140624999 0.3420806046875 0.8115262890625001 0.351837053125 0.8007244546875001 0.37134995000000004 0.78818055625 0.3933018359375
2 0 0.7264384921875 0.0334821421875 0.7678571421875 0.0488591265625 0.7832341265625 0.0587797625 0.7916666671875 0.0639880953125 0.797619046875 0.07068452343750001 0.8023313484375001 0.07862103125 0.8105158734375 0.084325396875 0.8144841265625 0.087549603125 0.81845238125 0.11904761875 0.8422619046875001 0.124255953125 0.8447420640625 0.1292162703125 0.8492063484375001 0.140625 0.856646825 0.15277777812499999 0.86259920625 0.15451388906250002 0.8648313484375001 0.165674603125 0.8710317453125 0.17261904687500002 0.8727678578125 0.17509920625 0.874751984375 0.180803571875 0.874751984375 0.1835317453125 0.8730158734375 0.1949404765625 0.8727678578125 0.20138888906250002 0.8732638890625 0.2016369046875 0.874751984375 0.21006944375 0.874751984375 0.2110615078125 0.8702876984374999 0.20510912656250002 0.8683035718750001 0.18725198437499999 0.859375 0.15798611093749998 0.843005953125 0.15575396875 0.84052579375 0.1289682546875 0.8231646828124999 0.09771825468749999 0.7983630953125 0.07986111093750001 0.78125 0.075396825 0.778273809375 0.047123015625 0.749751984375 0.03447420625 0.7331349203124999 0.0272817453125 0.7256944437499999 0.0203373015625 0.7123015875 0.015625 0.7085813484375 0.013888889062500001 0.7051091265625 0.0109126984375 0.7021329359374999 0.006696428124999999 0.6919642859375 0.0064484125 0.6889880953125 0.0039682546875000006 0.688244046875 0.0017361109374999999 0.68427579375 0 0.68427579375 0 0.7264384921875
2 0 0.66691021875 0.005889137500000001 0.6834072421874999 0.032352678125 0.7248053078125001 0.064412946875 0.758733134375 0.0899365078125 0.7814553578125001 0.12044047656250001 0.8079126984375 0.1587259421875 0.832813740625 0.1882958828125 0.8496220234375 0.20916914687500002 0.8586488093750001 0.24091815468750002 0.872966765625 0.2524350203125 0.874751984375 0.5500032234375001 0.874751984375 0.55965228125 0.8735892859375 0.5842420640625 0.8598938484374999 0.6206599703125 0.839350446875 0.6449384921875 0.8197408234375001 0.66112425625 0.8048000984374999 0.6894494046874999 0.77709771875 0.714972965625 0.7422361109375 0.708436259375 0.7571768359375 0.7003435015624999 0.7665146328125 0.687581596875 0.7858129953125 0.652408978125 0.823787203125 0.6091431046875 0.8574037703125 0.5674337796875 0.874751984375 0.6085205859375 0.874751984375 0.610699653125 0.8717217265625001 0.6362232140625 0.8533571421874999 0.659879215625 0.8334362593750001 0.6798000984375 0.815071925 0.7022110609375 0.7904818953125 0.719977678125 0.7630337296875 0.7302177578125 0.7354642859375 0.7479409718750001 0.6956857640624999 0.754636409375 0.6657532234375 0.7345421625 0.67441790625 0.7294221234375 0.6842641375 0.6912189984375 0.7291626984375 0.639625 0.7709107140625 0.6021934531250001 0.7913908734375 0.5214546125 0.8244739578125 0.461969990625 0.8324533734375 0.42276165624999995 0.8333058031249999 0.36934747031250004 0.8316009421875 0.3179221234375 0.8225091765625001 0.2764466765625 0.8091557546875 0.228146578125 0.7912562000000001 0.188654265625 0.7699474203125 0.1500141375 0.74380853125 0.11790897812500001 0.715396825 0.09745238125 0.6949404765625 0.06307415625 0.6494813984375 0.051141120312499996 0.62135391875 0.0420493546875 0.5954990078125 0.031537203125 0.55060863125 0.031537203125 0.5239015375 0.03210540625 0.501740328125 0.0389241078125 0.4756014390625 0.0295483625 0.4639526296875 0.0210248015625 0.445769096875 0.0173311015625 0.430142609375 0.0147740578125 0.4113908734375 0.021876984375 0.37786483125000003 0.0121143359375 0.3923754953125 0.0002864578125 0.4088725203125 0 0.6006111109375001 0.01118055625 0.6392078375 0.037326637499999996 0.6802946421875 0.06316170625 0.7179575890625001 0.10642733124999999 0.7649583328125 0.09895709375 0.7649583328125 0.08712896875000001 0.7531302078125 0.0731220234375 0.7391235125 0.061916667187499996 0.7266728671875 0.046664682812500004 0.708930803125 0.0357703375 0.6927450390625001 0.016471973437500002 0.6585061999999999 0 0.612127728125 0 0.66691021875
2 0.06571180625 0.5477338796875 0.07191021875 0.5659159218750001 0.075629215625 0.577486359375 0.0834806546875 0.6068256453124999 0.09753050625000001 0.6398841765625 0.11777877031249999 0.6799675093750001 0.138853421875 0.7072405749999999 0.1603412703125 0.7299682546875 0.1909203875 0.7555885421874999 0.23636731093750002 0.7865806046875 0.26942584375 0.79897743125 0.2958725203125 0.8109613093749999 0.328930803125 0.8163330859375 0.36777430624999996 0.823358134375 0.398353421875 0.829143353125 0.4425689484375 0.83079613125 0.48637127968750005 0.8279035218749999 0.5347192453125 0.8204655265625 0.5541408734375 0.8126140875000001 0.5925711812500001 0.7923658234375 0.6202576890625 0.7774895828124999 0.6487705859374999 0.7609603171875 0.6768700390625 0.73740625 0.706209325 0.708893353125 0.7293501984375 0.68120709375 0.686762896875 0.6931907234375 0.6607294140625 0.7241830359375 0.6008110125 0.7617869546875 0.5462648812500001 0.7890600203125 0.49215649843750003 0.8022834828125 0.434717509375 0.8076552578125 0.3954608140625 0.806415675 0.3487658734375 0.7985642359375 0.29256646875 0.7849278281250001 0.24380555625000003 0.761373759375 0.20330902812499999 0.7336872515625 0.1785151296875 0.7142653765625 0.14380381874999998 0.6729424609375 0.1210763890625 0.63327256875 0.13388640937500002 0.64401636875 0.1702504953125 0.6745954859375 0.1987633921875 0.691537946875 0.23802033749999998 0.71302579375 0.2983516859375 0.7456708828124999 0.3938077875 0.7907130453125 0.42108110156249995 0.8006304562500001 0.43347792656250006 0.777902778125 0.41281646875 0.7712911703125 0.3371954359375 0.7382328874999999 0.2805828375 0.7113727671875 0.20702802656250002 0.672116071875 0.16983730156250001 0.6489751984375001 0.153721478125 0.6312063484375 0.1330600203125 0.608891865625 0.1169439484375 0.5915362109375 0.1061999015625 0.56963516875 0.09421627031249999 0.5460811015625 0.06239756875 0.5051713796875 0.06239756875 0.5155019843749999 0.0644637890625 0.5208740078125 0.06571180625 0.5477338796875
2 0.612737103125 0.6451138390625 0.6497862109375 0.6185146328125 0.6911103671875 0.5776654265625 0.7082100687499999 0.546315971875 0.682085565625 0.4959670140625 0.6697358625 0.46366790625 0.6483611109375 0.43991840312499997 0.6583360609375 0.48409226250000004 0.6540610124999999 0.5192415671874999 0.644561259375 0.548216021875 0.6274615578125 0.5667405750000001 0.6098871531250001 0.5743405265625 0.58946255 0.5800404265625 0.5642879468750001 0.5805153765625 0.48876463281250004 0.5705404265625 0.41989112031250003 0.546790921875 0.3761919640625 0.52589136875 0.32916790625000003 0.4902673609375 0.3092185015625 0.468892609375 0.2811939484375 0.44324330312500004 0.26171949375 0.4128439984375 0.24699479218749998 0.37389459375 0.2422447921875 0.35584499062499997 0.25934449375 0.3396954359375 0.29686880000000004 0.31499603125000003 0.351967509375 0.3007462796875 0.3529174109375 0.2974213796875 0.27786904687499997 0.289821428125 0.24271974218749998 0.286971478125 0.22419518906250002 0.2902963796875 0.18667113125 0.2931463296875 0.143921875 0.3012212296875 0.0888231640625 0.32592063437499996 0.053673859375 0.3491951890625 0.0422740578125 0.368669890625 0.03514930625 0.3938442453125 0.03087425625 0.41521875 0.0313494546875 0.43469345312499996 0.04132415625 0.45511805625 0.0679236109375 0.40381919687499995 0.0783732640625 0.397644096875 0.0650736609375 0.4489432046875 0.05889880937500001 0.46651785781250005 0.0636485609375 0.48124255937499993 0.0864481640625 0.509266865625 0.086923115625 0.468417659375 0.10259771875000001 0.4237686015625 0.11827256875 0.3881443453125 0.1372720734375 0.358694940625 0.163396578125 0.3344704859375 0.17669618125 0.324495784375 0.1553216765625 0.35299503906249996 0.135847221875 0.3905193453125 0.133947171875 0.40951884843749997 0.1325220734375 0.4261436015625 0.13347222187500002 0.44229315468749997 0.13442212343749999 0.45321800625 0.14107192500000001 0.48409226250000004 0.153896825 0.509741815625 0.16149652812499998 0.52826636875 0.1676713796875 0.53824131875 0.1904709828125 0.5672155265625001 0.21992038749999998 0.5890652281250001 0.2203953375 0.5914399796875001 0.25696949375 0.6028397812499999 0.2313201890625 0.5828903765625 0.198070684375 0.549165921875 0.1733712796875 0.5182916671875 0.1581716265625 0.4831423609375 0.148671875 0.4498931046875 0.148671875 0.42139360156250005 0.1567467765625 0.38956944375 0.16244642812500001 0.3724697421875 0.16957142812499998 0.3591701390625 0.1724213796875 0.38196949375 0.166721478125 0.3905193453125 0.165771578125 0.4085689484375 0.163396578125 0.4318435015625 0.169096478125 0.46746775781250005 0.16957142812499998 0.48029241093749997 0.17432118125 0.4959670140625 0.18192113125 0.5116418656249999 0.18667113125 0.5216165671875 0.19949578437499998 0.5387162703125 0.21992038749999998 0.5648407734374999 0.23606994062500003 0.579565228125 0.26124454375 0.5980900296875 0.272169146875 0.6033147328124999 0.32631795625 0.615189484375 0.2759692453125 0.5914399796875001 0.24889459375 0.5672155265625001 0.23179513906250002 0.5553407734375 0.2142204859375 0.53111631875 0.1937958828125 0.4992921625 0.18382118125 0.4750674609375 0.18382118125 0.4546431046875 0.195220734375 0.49216716250000003 0.20519568437500002 0.5111669140624999 0.21659548593750003 0.5287413187500001 0.239394840625 0.5600907734375 0.26456944375 0.5748154765625 0.2892688484375 0.5900151296875 0.31301835312500004 0.6052147812500001 0.33344295625 0.6156646828125 0.346742559375 0.620414434375 0.3666922125 0.5800404265625 0.3448427578125 0.568640625 0.317205853125 0.5548231640625 0.2867991078125 0.5319243546875 0.2563923609375 0.506773065625 0.23762276718750003 0.48087103124999997 0.2654017859375 0.5033945937500001 0.3130763890625 0.5390567953125001 0.3731391375 0.5717157734375 0.385527034375 0.5574508921875 0.3254642859375 0.5266688984375001 0.293180803125 0.5045208328124999 0.2695310015625 0.4868772328125 0.235745784375 0.4542182546875 0.220730159375 0.4380763890625 0.216225446875 0.41480208281250003 0.22335788750000002 0.3873985609375 0.22936408749999998 0.37913988125000003 0.24813368125 0.4200575390625 0.2706572421875 0.44595957343750003 0.2909283234375 0.47561557499999996 0.3265905265625 0.5090255453125 0.34085540625 0.5195364578125 0.361501984375 0.5341765875 0.38440079374999997 0.5499432046875 0.4024196421875 0.5578263890625 0.45685143906250003 0.5777219734375 0.5109077375 0.5904853671875 0.5052767859375 0.5923623515625 0.46060540625 0.5841036703125 0.4200629953125 0.5720912703125001 0.38815476250000003 0.5604541171874999 0.38365005 0.5600786203125 0.376517609375 0.5724665171875001 0.39979191406250003 0.5833529265624999 0.42531845312499994 0.5904853671875 0.43883258906249994 0.5957408234375 0.421564484375 0.5946145828125 0.39566245 0.5874821421875 0.37689310468750004 0.5814759421875 0.36788368125000004 0.5814759421875 0.3476123515625 0.6212673609375 0.16858085312499999 0.5852299109375 0.164076140625 0.5919868546875 0.16820535781249998 0.6002455359375001 0.197861359375 0.6055009921875001 0.25529613125 0.618264384375 0.276693453125 0.63515699375 0.324368303125 0.655428075 0.353648809375 0.661809771875 0.38555704375 0.668566715625 0.409206596875 0.673822171875 0.442991815625 0.6790776296875001 0.4643891375 0.6790776296875001 0.4910419140625 0.6790776296875001 0.5274551093750001 0.67569915625 0.537966021875 0.6745731640625 0.6081716265625 0.6877118062500001 0.6483385421875 0.6929672625000001 0.69189136875 0.68921329375 0.7260669640625 0.68320709375 0.7553477187500001 0.667065228125 0.775243303125 0.652800346875 0.7876312000000001 0.6381599703124999 0.8022715781249999 0.6126334328125 0.8060255453125 0.5867313984375 0.8033978171875 0.560829365625 0.795514384375 0.5330505953125 0.7861297125 0.51540699375 0.78087425625 0.5304228671875 0.7838774796875 0.5476907234375 0.7880066968749999 0.5612048609375 0.789508184375 0.5735927578125 0.789508184375 0.5867313984375 0.78988368125 0.5998700390625 0.7880066968749999 0.6070024796875 0.7846282234374999 0.6163874015624999 0.77787103125 0.6250213296875 0.7669848703125 0.638535465625 0.760603175 0.6445416671875 0.758726190625 0.6430401781249999 0.762480159375 0.626523065625 0.7741173109374999 0.5874821421875 0.782751240625 0.5491922125 0.781625 0.5360535718749999 0.76285540625 0.5011421125 0.762480159375 0.5371798109375 0.760603175 0.5630818453125 0.75234449375 0.588233134375 0.744461309375 0.607753471875 0.7395811015625 0.6253968249999999 0.7264424609375 0.6464186515625 0.715931546875 0.6595572921875 0.7076728671875 0.6704437000000001 0.69823511875 0.67456324375 0.6635610125 0.6788382937499999 0.6217619046875 0.6755133921875001 0.5609630453125 0.6622135421875 0.612737103125 0.6451138390625
2 0.6307316468749999 0.41027678593749994 0.6499236109375001 0.4356490578125 0.6603325890625 0.44475719218750004 0.6713923609375 0.46752728125000004 0.6847291671875 0.49842956406249994 0.7081498015625 0.5410421624999999 0.7136798109375 0.55015005 0.71628199375 0.56836631875 0.7146557546875 0.5969915671875 0.7071741078125 0.645459325 0.696439484375 0.6718075390625 0.70749925625 0.6714821421875 0.7179084828125 0.6574947921875001 0.71628199375 0.648712053125 0.725715278125 0.6285443953125001 0.730919890625 0.6041478171875 0.7312452875 0.588859375 0.7315706843750001 0.5699925593749999 0.7315706843750001 0.5589330359375 0.730919890625 0.5348616078124999 0.725715278125 0.50656175625 0.7289682546875 0.5205491078125 0.7315706843750001 0.539415675 0.7361245046875 0.553728421875 0.7357993546875 0.570643353125 0.7357993546875 0.5784501484375 0.7348234125 0.5872328875 0.7344982640625 0.6015456343750001 0.733196925 0.6135811015625 0.729944196875 0.631146578125 0.7253901296875 0.6513144843750001 0.7283177078125 0.6392787703125 0.73677505 0.625616815625 0.7413291171874999 0.61618353125 0.7491361609375 0.5960156249999999 0.7595451390625 0.5693420140625001 0.7605210812500001 0.5527524796875001 0.7605210812500001 0.5459213796875 0.758244046875 0.526404265625 0.762798115625 0.5338859125 0.76247271875 0.502658234375 0.7419796625 0.47761111093749997 0.7101016859375 0.4444317953125 0.661959078125 0.41287896875 0.599829365625 0.38165153749999997 0.6043834328125001 0.3871813 0.612515625 0.392711309375 0.6307316468749999 0.41027678593749994
2 0.7834821421875 0.5101686515625 0.7879464281249999 0.5143849203124999 0.793898809375 0.5176091265625 0.7978670640625001 0.5230654765625 0.802579365625 0.5257936515625 0.80654761875 0.5260416671875 0.8115079359375 0.5230654765625 0.8139880953124999 0.519097221875 0.812748015625 0.515873015625 0.783978175 0.48834325468750006 0.7829861109375 0.48784722187499996 0.781001984375 0.4895833328125 0.78174603125 0.49801587343750003 0.7792658734375 0.5014880953125 0.781001984375 0.50322420625 0.7834821421875 0.5101686515625
2 0.780558284375 0.48857539687499996 0.7779072421875 0.47569866093749996 0.7756349203124999 0.4594134421875 0.7699538687499999 0.443128471875 0.7574561015625 0.41093675625000003 0.725643353125 0.3617026296875 0.705949653125 0.3382217265625 0.686634671875 0.322315228125 0.657472965625 0.2939109625 0.6245238093750001 0.27194494062499996 0.5847579359374999 0.2503576390625 0.548021578125 0.23445138906250002 0.523783234375 0.22725545625 0.4957576890625 0.220059771875 0.44879588281249994 0.21059176562499998 0.4063787203125 0.20604687500000002 0.36699131875 0.20604687500000002 0.35487227187500003 0.2026383921875 0.3537361109375 0.2079407234375 0.31131894843749996 0.2124853671875 0.27912723281249996 0.22195337343750002 0.23822519843749998 0.2374811515625 0.2272420640625 0.2393747515625 0.2798849203125 0.21437896875 0.27496130937499996 0.20756200468750002 0.2469357640625 0.21892361093749999 0.21095709375 0.23445138906250002 0.188991071875 0.24354067499999998 0.1575567953125 0.2583110125 0.12422916718749999 0.2810344734375 0.0950674609375 0.3052728171875 0.10339930625 0.30072817500000004 0.1306674109375 0.290123759375 0.16626760937500001 0.282170634375 0.21057837343750002 0.2761108625 0.22648462343750003 0.26437053593750004 0.296169890625 0.23445138906250002 0.32646800625 0.22725545625 0.3605453875 0.22195337343750002 0.391222221875 0.22233209375000001 0.423413690625 0.22308953437499998 0.4544689984375 0.228012896875 0.50218824375 0.2374811515625 0.5222606640625 0.24202579375000002 0.5783120046875 0.2651279765625 0.6002780265625 0.2776259921875 0.6309546125 0.2950471234375 0.6620099203125 0.3196641859375 0.6900357140625 0.34579613125 0.709350446875 0.3696557546875 0.7286654265625 0.39503050625 0.735482390625 0.408664434375 0.7476016859375 0.43896230156250005 0.7578271328125 0.4711540171875 0.7703325890625 0.486681546875 0.783966765625 0.5109201390625 0.780558284375 0.48857539687499996
2 0.366391865625 0.2989642859375 0.33890228125 0.30470858125 0.312233134375 0.3104526296875 0.29007738125000004 0.3194791671875 0.26915252968750003 0.3334290671875 0.2617671125 0.3404040171875 0.256433284375 0.3502509921875 0.2523303578125 0.35722594218750003 0.2510994546875 0.365021578125 0.2510994546875 0.378971478125 0.25356125937499996 0.3945627484375 0.2605362109375 0.40523040625 0.272434771875 0.42984796562499994 0.3044377484375 0.46554340312500003 0.32407911718750004 0.48347693437499994 0.34330133906250004 0.49393105156250006 0.377024553125 0.5107926593750001 0.42052728124999994 0.5256307046875001 0.4529015375 0.5350731640624999 0.4964045140625 0.5414806546875 0.5250622515625001 0.5418177078124999 0.5506919640625 0.5394570937500001 0.576321428125 0.5360848218750001 0.6026254953125 0.530351934375 0.6201614578125 0.5192232140625 0.6400716765625 0.4983149796875 0.6508630953125001 0.4831396328125 0.6518747515625 0.47099925625 0.652212053125 0.46020783749999994 0.652212053125 0.455823909375 0.6444556046875001 0.45346329374999994 0.6444556046875001 0.4642547125 0.641420634375 0.47572048593750005 0.6390600203125001 0.481116071875 0.641420634375 0.45413764843750004 0.6370364578125 0.45076537656250004 0.6340014875 0.451102678125 0.6336641859375 0.46054513906250005 0.6343387890625001 0.4747088296875 0.632315228125 0.486174603125 0.626582340625 0.5016872515624999 0.6218611109375 0.5053968249999999 0.597917659375 0.5188861609375001 0.5719508921875 0.5232700890624999 0.5442978671875001 0.525293403125 0.513947171875 0.5276540171875 0.4775262890625 0.5212467765625 0.42188293593750004 0.5074201390625 0.3857993546875 0.49426810468750004 0.3507271828125 0.47841840312499995 0.32678372968749997 0.46189409687499994 0.30520114062500003 0.4413229171875 0.28833953437500004 0.42075173593750004 0.27855977187500003 0.402878471875 0.27316393906249997 0.386016865625 0.2724895828125 0.3701671625 0.274512896875 0.35566617031250003 0.2788970734375 0.3425141375 0.2880022328125 0.33104836249999997 0.3028405265625 0.322617559375 0.32442311562500004 0.3165473703125 0.3395987109375 0.31418675625 0.3591579859375 0.31519841249999997 0.3874853671875 0.3165473703125 0.4293020828125 0.322617559375 0.4657232140625 0.330373759375 0.4811170640625 0.335722965625 0.52205084375 0.3518658234375 0.5479950390624999 0.36685565468750003 0.5739389874999999 0.38011607187499996 0.5926763390625001 0.39078199375 0.610837053125 0.4034655265625 0.625538690625 0.42076165625 0.6350515875 0.4296979171875 0.641969990625 0.4458407734375 0.6460057046875 0.4527591765625 0.65119444375 0.44958829375000003 0.644852678125 0.4334454359375 0.6373576390625 0.42104985156249997 0.6243856640625001 0.40894270781250003 0.6088191968750001 0.396258928125 0.5880639875 0.382133928125 0.5693266375 0.3729092265625 0.55433680625 0.36426140937499996 0.549436259375 0.36051388906250004 0.5687502484375 0.367144096875 0.602765625 0.38271031718750004 0.6460171124999999 0.40375396874999997 0.6863745046874999 0.427680059375 0.7244255953125001 0.455641865625 0.7552760421875 0.48966319374999995 0.7748782234375 0.5187780265625 0.7820848218750001 0.5357857140625 0.7861205359375 0.51503050625 0.7777609125 0.4985994546875 0.7607529765625001 0.47784424531249997 0.74547495 0.460548115625 0.723278521875 0.440075396875 0.6976227671874999 0.42277951406250003 0.6788854171875001 0.40778968281249994 0.6497703375 0.3913583828125 0.6284387406249999 0.3824221234375 0.5912522328125001 0.365414434375 0.54080555625 0.34292956406249997 0.43789434531250004 0.304878471875 0.3819995046875 0.2901768359375 0.32838194375 0.28037574374999996 0.24103695468750003 0.2757633921875 0.2182638890625 0.27662822343750004 0.211301090625 0.2747571921875 0.2096599703125 0.2891173109375 0.24658630937499998 0.2862452875 0.312233134375 0.2915791171875 0.366391865625 0.2989642859375
2 0.11665252968749999 0.29701984062500003 0.075367559375 0.31667931562499996 0.0452232140625 0.34027058593750004 0.028185020312499996 0.36517261875 0.021304315625 0.377951140625 0.0177001484375 0.397610615625 0.018027778124999998 0.4238231640625 0.021304315625 0.44446552656250005 0.03309995 0.468384425 0.0517762890625 0.490665178125 0.11075471249999999 0.5614389875 0.16645634843749998 0.621400296875 0.17169890937500001 0.6217279265625 0.1789072421875 0.6174685015625 0.17694122031249998 0.6099322921875 0.13532886875 0.569302828125 0.087491071875 0.5080310015625 0.0619337796875 0.4782142859375 0.038342509375 0.44774206406249994 0.0298234125 0.42578918593750004 0.031133928124999998 0.40842336250000005 0.0337552078125 0.3907299109375 0.036048859375 0.3792619046875 0.043584821875 0.36484499062500003 0.0537423109375 0.3507557046875 0.07733358125 0.3307686015625 0.09436507968749999 0.321921875 0.10878199375 0.31274752031249997 0.12844146875 0.3078325890625 0.1530158734375 0.3002963796875 0.18217733125 0.2930880453125 0.20838988125000002 0.288173115625 0.20904513906250002 0.2780158734375 0.19823908750000002 0.2783435015625 0.16252430625 0.28424131875 0.11665252968749999 0.29701984062500003
2 0.2972762890625 0.2764040171875 0.3359032734375 0.281232390625 0.40970833281249996 0.29675223281249996 0.4228139875 0.2998561515625 0.4352299109375 0.29916641875 0.46075124062499995 0.302615328125 0.48385838281250004 0.3088231640625 0.5031718749999999 0.31434127031250003 0.535591021875 0.3291713796875 0.5655959828125 0.34710540624999997 0.5766321921875 0.355382440625 0.6100860609375001 0.37228174531249997 0.6352626484375 0.383662946875 0.6635431546875 0.398837796875 0.699755953125 0.42125545625000005 0.7404521328125 0.45436433593750003 0.7366584828125 0.4457420640625 0.7266567453125 0.42953249062500004 0.7176897328125 0.4109087296875 0.7104471718750001 0.3953891375 0.6976865078125 0.3767653765625 0.6859605656250001 0.358486359375 0.665957340625 0.335379215625 0.643884671875 0.31296180625000003 0.6087065968750001 0.28537103125 0.58733755 0.27398983125 0.572507440625 0.2670922625 0.5507797625 0.2570905265625 0.5142219734375 0.2432951390625 0.48421726249999997 0.2370873015625 0.46007539687500004 0.23087946406249998 0.43972718281249995 0.227085565625 0.4076530265625 0.2222571921875 0.3979962796875 0.2267408234375 0.37385416718750003 0.227085565625 0.34626364062500004 0.22777554531250002 0.32522569375 0.228465278125 0.306601934375 0.2336383921875 0.2765969734375 0.24432986093750003 0.2455575390625 0.2557110609375 0.21658705312499998 0.27398983125 0.2251954359375 0.27330009843749997 0.2672713296875 0.27398983125 0.2972762890625 0.2764040171875