1 0.147321428125 0.615575396875 0.1574900796875 0.6173115078125 0.1614583328125 0.619295634375 0.17113095312499998 0.6195436515625 0.1820436515625 0.6165674609375 0.1914682546875 0.6116071421875 0.1951884921875 0.6083829359374999 0.202876984375 0.5984623015625 0.2095734125 0.584325396875 0.21056547656250002 0.568204365625 0.206101190625 0.5548115078125 0.2018849203125 0.5488591265625 0.1979166671875 0.5453869046875 0.18923611093749998 0.5426587296875 0.184523809375 0.5391865078125 0.18030753906250002 0.534722221875 0.1768353171875 0.52529761875 0.1703869046875 0.5210813484375 0.1520337296875 0.519097221875 0.1443452375 0.5168650796875001 0.1351686515625 0.515625 0.12673611093749998 0.515873015625 0.125 0.51612103125 0.125 0.6133432546875001 0.1292162703125 0.615079365625 0.147321428125 0.615575396875
1 0.391369046875 0.6111111109375 0.3841765875 0.6046626984375 0.3799603171875 0.6026785718750001 0.369295634375 0.5920138890625 0.3571428578125 0.5820932546875001 0.3551587296875 0.5835813484375 0.353174603125 0.5915178578125 0.3514384921875 0.6016865078125 0.3516865078125 0.634920634375 0.3616071421875 0.6359126984375 0.3787202375 0.6393849203124999 0.391369046875 0.6111111109375
1 0.564980159375 0.40674603125 0.5714285718750001 0.40674603125 0.5833333328125 0.4112103171875 0.5900297625 0.391369046875 0.5947420640625001 0.384920634375 0.5959821421875 0.3804563484375 0.596230159375 0.3712797625 0.5927579359374999 0.3643353171875 0.5892857140625 0.360119046875 0.5863095234375 0.3573908734375 0.5803571421875 0.3554067453125 0.572420634375 0.35491071406249997 0.5637400796875001 0.35615079375 0.559771825 0.3606150796875 0.5570436515625 0.3613591265625 0.5560515875 0.36259920625 0.552579365625 0.368799603125 0.5508432546875001 0.3769841265625 0.5508432546875001 0.384920634375 0.5545634921875 0.393105159375 0.5570436515625 0.40972222187499996 0.564980159375 0.40674603125
1 0.4047619046875 0.3918650796875 0.40997023749999995 0.393353175 0.4231150796875 0.40029761875 0.4283234125 0.40029761875 0.431299603125 0.39732142812500004 0.43377976250000005 0.396329365625 0.434523809375 0.3926091265625 0.4320436515625 0.38467261875 0.42881944375 0.3804563484375 0.42534722187499996 0.36904761875 0.4203869046875 0.3640873015625 0.4136904765625 0.35987103125000003 0.4072420640625 0.35987103125000003 0.40178571406249997 0.3613591265625 0.39508928593750003 0.369295634375 0.39384920625 0.3730158734375 0.3945932546875 0.3799603171875 0.40054563437499996 0.3886408734375 0.4047619046875 0.3918650796875
1 0.44171627031250005 0.534226190625 0.4543650796875 0.541170634375 0.462053571875 0.54092261875 0.46676587343750003 0.5381944437499999 0.47073412656249997 0.5327380953125 0.47222222187499996 0.525049603125 0.4704861109375 0.52157738125 0.46453372968749995 0.516369046875 0.45758928593750003 0.512152778125 0.439980159375 0.5066964281249999 0.437251984375 0.5069444437499999 0.4360119046875 0.5089285718750001 0.435019840625 0.51512896875 0.430803571875 0.5193452375 0.43055555625 0.521329365625 0.43328372968749995 0.5233134921875 0.4360119046875 0.528769840625 0.44171627031250005 0.534226190625
1 0.215773809375 0.8546626984374999 0.2299107140625 0.8541666671874999 0.237351190625 0.8529265875 0.240575396875 0.8506944437499999 0.24305555625 0.843998015625 0.24479166718749998 0.809771825 0.2485119046875 0.7775297625 0.25049603125000003 0.74950396875 0.25322420625 0.7361111109375 0.2547123015625 0.7142857140625 0.271825396875 0.5825892859375 0.27232142812500004 0.5729166671875 0.2740575390625 0.564980159375 0.27777777812500004 0.5332341265625 0.2797619046875 0.5141369046875 0.2807420640625 0.5056810515625 0.2641369046875 0.4918154765625 0.25868055624999997 0.487351190625 0.252480159375 0.484375 0.25 0.49801587343750003 0.2388392859375 0.5927579359374999 0.23611111093749998 0.6071428578125 0.234375 0.6111111109375 0.23115079375 0.634424603125 0.2306547625 0.6448412703125 0.22569444375 0.6733630953125 0.2053571421875 0.8229166671874999 0.202876984375 0.8420138890625 0.203373015625 0.8489583328125001 0.20560515937499999 0.85342261875 0.215773809375 0.8546626984374999
1 0.294146825 0.40947420625 0.2983630953125 0.396825396875 0.2986111109375 0.3826884921875 0.3005952375 0.37450396874999997 0.30133928593750003 0.35478670625 0.3050595234375 0.330853175 0.3045634921875 0.3139880953125 0.303075396875 0.3107638890625 0.296875 0.306299603125 0.2904265875 0.3048115078125 0.281498015625 0.3053075390625 0.278521825 0.30803571406249997 0.2757936515625 0.3147321421875 0.2735615078125 0.325396825 0.2671130953125 0.37847222187499996 0.2641369046875 0.3926091265625 0.2591765875 0.4365079359375 0.2579365078125 0.44122023749999995 0.25669642812500004 0.46651785781250005 0.2833859125 0.48837648749999996 0.2867063484375 0.46676587343750003 0.294146825 0.40947420625
2 0.6542658734375 0.674355159375 0.6654265875 0.6773313484375 0.674355159375 0.677579365625 0.7150297625 0.6822916671875 0.721478175 0.6822916671875 0.7269345234375 0.6810515875 0.7294146828125 0.677579365625 0.730902778125 0.6545138890625 0.730902778125 0.6140195937499999 0.733630953125 0.5198412703125 0.7353670640625001 0.49156746093750003 0.7358630953125 0.4496979171875 0.736855159375 0.443700396875 0.7435515875 0.2849702375 0.743799603125 0.25099206406249996 0.7423115078125 0.24751984062500001 0.7388392859375 0.2455357140625 0.7041170640625001 0.24404761874999997 0.658978175 0.24503968281250002 0.653769840625 0.24677579375 0.6520337296875 0.250744046875 0.64012896875 0.40054563437499996 0.638144840625 0.43551587343750003 0.631200396875 0.5146329359374999 0.6294642859375 0.544146825 0.6299603171875 0.549603175 0.6272321421875 0.574652778125 0.62177579375 0.6517857140625 0.621527778125 0.6631944437499999 0.6232638890625 0.6696428578125 0.6297123015625 0.671875 0.6542658734375 0.674355159375
2 0.5534861109375 0.46224156718750004 0.5534861109375 0.47831547656250006 0.5525677078125 0.487959821875 0.5509603171874999 0.5081671625 0.5507306546875 0.5646557546875 0.5521083828125 0.59611483125 0.5514193953125 0.6043814484375 0.5514193953125 0.61953670625 0.5488936015625 0.6289516374999999 0.5468268843749999 0.6431884921875 0.52409375 0.72861011875 0.5174345234375 0.7642026296875 0.5130716765625001 0.7736173109375 0.505953125 0.7862467765625001 0.49217534687500003 0.8041577375 0.47702008906250004 0.818394840625 0.4588794640625 0.828728175 0.4416572421875 0.8321723703125 0.42466468281249997 0.8312539687499999 0.4083611109375 0.8245947421875 0.39435391875 0.8156393843749999 0.383790921875 0.8066837796874999 0.377131696875 0.797498759375 0.37070213281250003 0.7864764390625 0.3670280265625 0.7738469734375 0.36587996093749997 0.7644322921875 0.3645022328125 0.7520322421875 0.36587996093749997 0.7398618546875 0.365190971875 0.71092881875 0.36587996093749997 0.688425346875 0.3491170640625 0.70426959375 0.3419985125 0.6982993546875 0.33993204375 0.7279213796875 0.33947271875 0.7552470234374999 0.341080109375 0.779128471875 0.3465912703125 0.796809771875 0.3527911703125 0.8080615078125 0.3645022328125 0.8252837296875001 0.377361359375 0.8392909218750001 0.395042659375 0.84962425625 0.416398065625 0.8574315468749999 0.44188690468749997 0.8588092765625 0.45933854218750003 0.8565131453125 0.47702008906250004 0.8489352671875 0.5004419640625 0.8346984125000001 0.5149087296875 0.8179355156250001 0.525930803125 0.8007135421875 0.5383306046875 0.7805062 0.5445307546875 0.7589211312499999 0.5553231640625 0.7136842765625 0.562441715625 0.684980903125 0.5684119546875 0.65604761875 0.5713970734375 0.6413514390625 0.5725453875000001 0.627573909375 0.57598983125 0.6075962296874999 0.57598983125 0.5685592765624999 0.573693453125 0.54697420625 0.573923115625 0.51092261875 0.57507118125 0.472804315625 0.58150074375 0.41264186562500005 0.57530084375 0.4091974203125 0.5654268359375 0.40781969218749997 0.558308284375 0.4112641375 0.55784920625 0.436293403125 0.5553231640625 0.44134523750000004 0.5541750984375 0.451908234375 0.5534861109375 0.46224156718750004
2 0.5159942953125001 0.827126984375 0.5253472218749999 0.8179771828125 0.5218908734375 0.8088276296875 0.5090813484375001 0.82509375 0.50989459375 0.8277368546874999 0.5159942953125001 0.827126984375
2 0.507048115625 0.779548859375 0.43364756875 0.6418975687499999 0.42978447343750004 0.64027108125 0.42734449375 0.6384412203125 0.42388814531249996 0.63559449375 0.418194940625 0.6303080359375001 0.413315228125 0.636001240625 0.41636507968750003 0.641491071875 0.41941493124999996 0.6492172625 0.4259213796875 0.6640600203125 0.43995064531250005 0.691508928125 0.4676029265625 0.7421369046875 0.48630877968749997 0.7785322421875 0.496271825 0.7980513390625 0.50176165625 0.7911383921875 0.5050148812499999 0.7848353171875 0.507048115625 0.779548859375
2 0.4175751484375 0.594216021875 0.41331696406249996 0.5716889875 0.41139409687499995 0.5532829859375 0.41139409687499995 0.5363876484375 0.4122182546875 0.5021852671875 0.413591765625 0.498751240625 0.40823462343749994 0.4918834328125 0.4034270828125 0.4839166671875 0.400542659375 0.47691121093750005 0.39875694375 0.48611433593750003 0.39642187500000003 0.5032842265624999 0.39518551562500004 0.5233385421875 0.3949109625 0.545865575 0.39587227187499996 0.5495741562500001 0.39559771875 0.5556180562499999 0.3962844734375 0.565233134375 0.3977953875 0.5788318453125 0.4175751484375 0.594216021875
2 0.41180605156250005 0.46757068437499993 0.412905009375 0.474576140625 0.41620163750000005 0.48309250937500003 0.41798710312500004 0.46647197343749996 0.413591765625 0.46070287656250003 0.412767609375 0.463037946875 0.41180605156250005 0.46757068437499993
2 0.36557118125 0.6678670640625 0.37143353125 0.6635248015624999 0.3755587796875 0.6468063 0.37772991093749997 0.6405096718750001 0.354498015625 0.6359501484375001 0.34320758906250004 0.6821971718750001 0.34103645781249997 0.6913162203125001 0.347984375 0.685019840625 0.36557118125 0.6678670640625
2 0.31977430625 0.663560515625 0.3191103671875 0.6735205859375 0.319331596875 0.681488590625 0.32752108125 0.6843658234375 0.333054315625 0.679275296875 0.3341609625 0.673741815625 0.3334970234375 0.657805803125 0.336595734375 0.6383283734375 0.34190773750000003 0.61508829375 0.3494330359375 0.594725446875 0.35363839218750004 0.5801173109375 0.3447849703125 0.57347743125 0.3348249015625 0.60158680625 0.32752108125 0.626155009375 0.3230942453125 0.6474030265625 0.31977430625 0.663560515625
2 0.41295610156249996 0.6250483625000001 0.4169399796875 0.6303603671875 0.4204813984375 0.63168824375 0.4297775296875 0.6394350203125 0.44261483124999995 0.6465178578125 0.4634203875 0.6549283234375001 0.48599627968750003 0.6620111609375 0.5041458328124999 0.6640032234375 0.5198606156250001 0.661568453125 0.5291564984375 0.65669915625 0.5397807546875 0.6454109625 0.5473060515625 0.6336803078125001 0.5508474703124999 0.6212857140625 0.5510687 0.606013640625 0.5391165671875 0.5274397328125 0.5331406249999999 0.47874627968750005 0.5287140375 0.452407490625 0.52450868125 0.43580729218750003 0.5068018359375001 0.4019432046875 0.49750570468750005 0.4121245046875 0.51366319375 0.448644840625 0.5196391375 0.4643596234375 0.5207457843750001 0.47985292656249995 0.5276071421874999 0.5265545640625 0.54243675625 0.594946925 0.541994046875 0.6130962296875 0.5388953375 0.6259335312500001 0.5357966265624999 0.6370002484375 0.52959920625 0.6460751484375 0.5099005453125 0.651165675 0.47271627031249996 0.6436403765625001 0.42667881875 0.6212857140625 0.3994546125 0.596938740625 0.3447849703125 0.5542212296875 0.3405796125 0.5513439984375 0.3370384421875 0.5557705859375 0.335267609375 0.5648452374999999 0.3950280265625 0.6128750000000001 0.41295610156249996 0.6250483625000001
2 0.3395858140625 0.551847221875 0.340803571875 0.5515766375 0.38883407812500004 0.588240328125 0.4179213796875 0.6094806546875 0.446467509375 0.6297743062500001 0.47866666718750006 0.6442502484375 0.5111361609375 0.650744046875 0.5197946421874999 0.6439796624999999 0.5257475203124999 0.626391865625 0.5269650296874999 0.608127728125 0.526423859375 0.591351934375 0.523853421875 0.5799875984375 0.5204712296875 0.5706525296875 0.5145183531249999 0.55698834375 0.5069422125 0.54427108125 0.4965248015625 0.5297948906250001 0.48042261875000003 0.5089603171875 0.450794146875 0.47811160781249995 0.43537103125 0.462012153125 0.41859523750000005 0.4448303578125 0.4171068953125 0.4472653765625 0.4126423609375 0.4590357140625 0.4299595734375 0.47797891875 0.44200024843749997 0.48771999062500004 0.4559352671875 0.5027371031250001 0.465540675 0.512342509375 0.47731101249999996 0.526683284375 0.48718725156250003 0.5380476187500001 0.49922792656250004 0.556447171875 0.504358134375 0.5649704859375 0.50787574375 0.5728172125000001 0.5126108625 0.5860756453125 0.5165342265625 0.6005515875 0.5168048109375001 0.6184045140625 0.5145049609375001 0.6353157234375 0.5128814484374999 0.6409977671875 0.5103107640625 0.6409977671875 0.4833826890625 0.6338273812499999 0.46430679531249996 0.6259806546875 0.44401339218749997 0.613533978125 0.4210141375 0.596893353125 0.3806979171875 0.5659174109375 0.3012827375 0.504495784375 0.26908358125 0.476761409375 0.24689608125 0.45998536718749994 0.22376165625 0.445509425 0.21970287656249998 0.44862103124999997 0.22213814531249998 0.46039136875000003 0.2352611609375 0.46823809531249994 0.2445962296875 0.4744615578125 0.25474305625000004 0.4837963796875 0.2638291171875 0.4905610125 0.28736954375 0.510042659375 0.3395858140625 0.551847221875
2 0.3895887890625 0.481683284375 0.3955052078125 0.4721515375 0.3989563484375 0.4693576390625 0.3997780265625 0.4629484125 0.400106646875 0.45604613125000004 0.40224305625 0.45128025781250003 0.391396578125 0.46081200468750005 0.3830151296875 0.4723157234375 0.37512698437499997 0.4874352671875 0.369210565625 0.50123983125 0.3621438484375 0.5229327875 0.35507738125 0.5454474203124999 0.36428050624999997 0.5528427578125 0.371511409375 0.5275344734375 0.3772633921875 0.5073204359375 0.3833439984375 0.49252976249999997 0.3895887890625 0.481683284375
2 0.3731837796875 0.3886837796875 0.3730416671875 0.3750458828125 0.3767353671875 0.3544466765625 0.3866795640625 0.3412348703125 0.3939248515625 0.33356349218750003 0.40543204375 0.3308643359375 0.413103421875 0.33001190468749997 0.42347395781249997 0.332853175 0.4319977671875 0.3361205359375 0.44279439531250003 0.3433658234375 0.45089211249999994 0.3487641375 0.4554379953125 0.3533102671875 0.4646721234375 0.3416609625 0.455722221875 0.333279265625 0.4443571421875 0.3254657734375 0.433560515625 0.3190731640625 0.4231897328125 0.31566344218750003 0.4139556046875 0.3141009421875 0.40287475156249997 0.3153794640625 0.39548759843750003 0.3175104171875 0.38497495000000004 0.3240451390625 0.3767353671875 0.33143253906250003 0.37105282812499996 0.3496165671875 0.3694900796875 0.3589928078125 0.3669330359375 0.3801599703125 0.366648809375 0.3916671625 0.36764335312499996 0.40061706406250003 0.370200396875 0.40700992031250005 0.372757440625 0.411555803125 0.377445684375 0.41752256875000004 0.40344320468749995 0.448918403125 0.40969394843750007 0.434428075 0.39875496093749996 0.42192658749999995 0.3889526296875 0.4101354171875 0.379008184375 0.39749181562499997 0.3731837796875 0.3886837796875
2 0.38161483125 0.6536274796875 0.36819543593750004 0.6667936515624999 0.341356646875 0.6935059531250001 0.34047048593749996 0.695784721875 0.3437619046875 0.6993293656249999 0.34857266875000004 0.70338045625 0.38515972187499997 0.6686927078125 0.3904766859375 0.6609699906250001 0.41642956406250003 0.63121949375 0.41339112031249997 0.6270416671875 0.40845386875 0.622990575 0.40465575468750004 0.6270416671875 0.3957938984375 0.6375493546875 0.38161483125 0.6536274796875
2 0.47280208281249997 0.524477678125 0.4721567453125 0.5282202375 0.46918849218750003 0.5364796625 0.46531671562500004 0.5397061015625 0.45873511875000006 0.5421579859375 0.4566701390625 0.548481646875 0.4506046625 0.56177430625 0.44247420625 0.576228421875 0.434214534375 0.5886178078125 0.425697171875 0.5995873015625001 0.4355052078125 0.60642733125 0.450991815625 0.5831974203125 0.4607998515625 0.5662911703125 0.46776884843750005 0.5517080859375 0.470866071875 0.5430615078125001 0.4769317953125 0.5278330859375 0.46893030781249995 0.51686334375 0.4684141859375 0.5189283234375 0.47280208281249997 0.524477678125
2 0.48377579375 0.4878509421875 0.48167361093750005 0.4760786203125 0.4792911703125 0.4673896328125 0.474946428125 0.45687847187499997 0.466257440625 0.447769096875 0.459670634375 0.4442653765625 0.45224280781250004 0.440201140625 0.439909721875 0.438799603125 0.42575496093750004 0.43936011875 0.4194484125 0.4446857640625 0.4233725203125 0.4483296125 0.4295389390625 0.448189484375 0.43934920625 0.44889012968750003 0.44817857187500004 0.44973115156250004 0.45630704375000003 0.4526741078125 0.46289384843750003 0.45673834375 0.4679392359375 0.4627646328125 0.4735451390625 0.47621874999999997 0.4741056546875 0.48644940468750003 0.47270411718750005 0.4986423609375 0.48069246093749995 0.50803199375 0.481393353125 0.5031269843749999 0.48377579375 0.4878509421875
2 0.4515533234375 0.42436458281249995 0.458 0.4266068953125 0.46150372031250003 0.4273075390625 0.46598834375 0.428008184375 0.47131398750000003 0.42828869062499997 0.4795825890625 0.4263266375 0.48799131874999996 0.41875868125000004 0.499763640625 0.40614533750000004 0.5074717265625 0.39717609062500003 0.5156001984375 0.3911498015625 0.531857390625 0.3768546625 0.5601669140625 0.3544313 0.5855334828125 0.3325682046875 0.5968854171875 0.3198149796875 0.6068358140625 0.3007549609375 0.6072561999999999 0.2894030265625 0.6061351687500001 0.28141468281250004 0.60431324375 0.27524826406249997 0.6020709328125 0.2703432546875 0.598006696875 0.2623546625 0.591139384375 0.257029265625 0.5828707843750001 0.254646825 0.573480903125 0.2540860609375 0.5608678078125 0.2553474703125 0.5464325390625 0.25843055625 0.5331185515625 0.264597221875 0.5191039187500001 0.27216517812499996 0.5052294140625 0.2822557046875 0.49135491093750006 0.3003345734375 0.4715942453125 0.330045634375 0.45982192499999996 0.348825396875 0.434315228125 0.3845627484375 0.4344553578125 0.3889072421875 0.4351560015625 0.3922708328125 0.440902034375 0.3988576390625 0.4449662703125 0.3940927578125 0.44931076406250003 0.38105902812500003 0.4601021828125 0.36732465312499996 0.466128471875 0.3580751484375 0.47818105156249996 0.3387348703125 0.5021463296875 0.3032775296875 0.5120967265624999 0.2916453375 0.5240091765625 0.281274553125 0.53283829375 0.27454761875 0.543769840625 0.268941715625 0.5518983140625 0.26669940468750003 0.560447171875 0.2638963296875 0.5719392359375 0.26431671562500003 0.5813291171875 0.264597221875 0.5921205359374999 0.2700627484375 0.5967452875 0.27847172656249997 0.5989875984374999 0.2875811015625 0.5987073406250001 0.2941681546875 0.5960446421875 0.30397271875 0.586234375 0.31756696406249996 0.576283978125 0.3282182546875 0.5607192453125001 0.34125173593749997 0.5283452375000001 0.367459325 0.502695684375 0.387225446875 0.49708978125 0.3940927578125 0.4928854171875 0.399418403125 0.4862983625 0.406986359375 0.47999181562500004 0.413853421875 0.4745260421875 0.417076884375 0.469200396875 0.41875868125000004 0.46569692500000004 0.41861855156249994 0.461212053125 0.4173571421875 0.45266319375 0.41119072343749996 0.43584548593749994 0.3939526296875 0.4329025296875 0.3982971234375 0.42673611093749997 0.40138045624999996 0.42730778750000004 0.4029221234375 0.447068453125 0.42128125 0.4515533234375 0.42436458281249995
2 0.5127973703125 0.2741299609375 0.51868353125 0.26726264843749997 0.5158807046875 0.2634786703125 0.5133578875 0.260815971875 0.5092936515625001 0.2585736609375 0.504388640625 0.25913417656250004 0.460382440625 0.3371932046875 0.4650071921875 0.33999603125 0.5042485125 0.282959078125 0.5108353171875 0.278334325 0.5127973703125 0.2741299609375
2 0.455617559375 0.3544313 0.45099255937500005 0.3510677078125 0.43221304531250004 0.38442261875 0.43375446406249996 0.38582415625 0.43585689531250005 0.38161979218750003 0.455617559375 0.3544313
2 0.48923834375 0.372404265625 0.47462574375 0.351344990625 0.4735513390625 0.3489811515625 0.46409622968750003 0.362089534375 0.4802130453125 0.3831485609375 0.490527778125 0.40076959375000004 0.5004126984374999 0.39002505 0.48923834375 0.372404265625