2 0.669394840625 0.8082837296875001 0.68427579375 0.8134920640625 0.724454365625 0.8236607140625001 0.737351190625 0.828373015625 0.750248015625 0.831597221875 0.753472221875 0.831597221875 0.755704365625 0.828373015625 0.7581845234375 0.8199404765624999 0.7574404765625 0.7948908734375 0.7385912703125 0.7862103171875 0.736855159375 0.784226190625 0.7353670640625001 0.781001984375 0.7353670640625001 0.7668650796875001 0.7356150796875001 0.76512896875 0.7380952375 0.7636408734375 0.737103175 0.7633928578125 0.7353670640625001 0.7579365078125 0.7331349203124999 0.755704365625 0.7204861109375 0.7509920640625001 0.7108134921875 0.749255953125 0.706597221875 0.749751984375 0.7041170640625001 0.7537202375 0.702876984375 0.762648809375 0.700148809375 0.771825396875 0.6951884921875 0.775049603125 0.6889880953125 0.7748015875 0.67782738125 0.77157738125 0.672619046875 0.771825396875 0.6676587296875 0.7901785718750001 0.666170634375 0.7988591265625 0.6664186515625 0.8043154765624999 0.6671626984375 0.806795634375 0.669394840625 0.8082837296875001
2 0.6014384921875 0.8358134921874999 0.6071428578125 0.840773809375 0.60987103125 0.8457341265625 0.610119046875 0.849950396875 0.60887896875 0.853670634375 0.6004464281249999 0.86532738125 0.5989583328125 0.869295634375 0.618799603125 0.8888888890625 0.6272321421875 0.8943452375 0.6289682546875001 0.893601190625 0.6331845234375 0.8886408734375 0.6698908734375 0.8368055562500001 0.6785714281249999 0.8261408734375 0.6798115078125 0.82217261875 0.672619046875 0.81299603125 0.6639384921875 0.8048115078125001 0.653273809375 0.7986111109375 0.650545634375 0.7986111109375 0.6485615078125 0.8015873015625001 0.644097221875 0.8053075390625001 0.643353175 0.8075396828124999 0.64012896875 0.8110119046875001 0.6361607140625 0.8147321421875 0.634424603125 0.815228175 0.6262400796875001 0.8134920640625 0.6138392859375 0.802579365625 0.610119046875 0.8008432546875 0.606646825 0.8010912703124999 0.6006944437499999 0.80654761875 0.5917658734375 0.8196924609374999 0.591021825 0.8261408734375 0.5920138890625 0.828125 0.5954861109375 0.8323412703124999 0.6014384921875 0.8358134921874999
2 0.5295138890625 0.80282738125 0.5367063484375 0.8050595234375001 0.5458829359374999 0.8055555562500001 0.5535714281249999 0.8082837296875001 0.556299603125 0.8107638890625 0.5580357140625 0.81845238125 0.5572916671875 0.8261408734375 0.5553075390625 0.8298611109375 0.5553075390625 0.8417658734375 0.5744047625 0.846726190625 0.58407738125 0.847222221875 0.5873015875 0.8420138890625 0.588045634375 0.8303571421875 0.59052579375 0.8177083328125001 0.590773809375 0.8087797625 0.5982142859375 0.75967261875 0.5989583328125 0.7517361109375 0.5979662703125 0.7490079359374999 0.5920138890625 0.7455357140625 0.5863095234375 0.743799603125 0.575396825 0.7425595234375 0.5716765875 0.7430555562500001 0.5694444437499999 0.7450396828125 0.568204365625 0.7480158734375 0.5664682546875001 0.7643849203124999 0.5637400796875001 0.7705853171875 0.5605158734375 0.7740575390625 0.5379464281249999 0.7720734125 0.5334821421875 0.7705853171875 0.5295138890625 0.775049603125 0.5275297625 0.7800099203124999 0.5248015875 0.7790178578125 0.525545634375 0.7832341265625 0.5243055562500001 0.7948908734375 0.5275297625 0.8013392859374999 0.5295138890625 0.80282738125
2 0.4920634921875 0.8318452375 0.48759920625 0.8360615078125001 0.4779265875 0.8425099203125 0.475446428125 0.846230159375 0.4769345234375 0.8529265875 0.48115079375 0.858630953125 0.48387896875 0.865079365625 0.4890873015625 0.87177579375 0.4925595234375 0.8735119046875001 0.4990079359375 0.8727678578125 0.50322420625 0.8695436515624999 0.5074404765625 0.8645833328125001 0.5136408734375 0.862847221875 0.5210813484375 0.8665674609374999 0.531001984375 0.8799603171875001 0.546130953125 0.8695436515624999 0.561755953125 0.8571428578125 0.521825396875 0.7958829359374999 0.5116567453124999 0.783730159375 0.509920634375 0.7832341265625 0.4982638890625 0.7894345234375 0.4895833328125 0.7958829359374999 0.48487103125 0.802579365625 0.48635912656249997 0.8085317453125 0.49429563437499996 0.8214285718750001 0.4945436515625 0.8261408734375 0.4920634921875 0.8318452375
2 0.45734127031250005 0.7591765875 0.459821428125 0.7673611109375 0.4580853171875 0.7725694437499999 0.45262896875 0.7792658734375 0.4456845234375 0.7827380953125 0.4429563484375 0.78720238125 0.4451884921875 0.7951388890625 0.4543650796875 0.809771825 0.46031746093750003 0.8167162703124999 0.46552579375 0.814980159375 0.4826388890625 0.8038194437499999 0.48635912656249997 0.7983630953125 0.49553571406249997 0.7899305562500001 0.519097221875 0.778769840625 0.5243055562500001 0.7748015875 0.527777778125 0.7738095234375 0.5292658734375 0.7720734125 0.528273809375 0.765873015625 0.515873015625 0.7435515875 0.513144840625 0.7410714281249999 0.509920634375 0.7420634921875 0.506200396875 0.7450396828125 0.49032738125 0.7490079359374999 0.48363095312500004 0.7425595234375 0.48115079375 0.736855159375 0.47743055625 0.7323908734375 0.475446428125 0.7304067453124999 0.4734623015625 0.7301587296875 0.46825396875 0.730902778125 0.45734127031250005 0.736855159375 0.453125 0.7398313484375 0.450148809375 0.743799603125 0.450644840625 0.747519840625 0.4543650796875 0.7519841265625 0.4546130953125 0.755704365625 0.45734127031250005 0.7591765875
2 0.38715277812500004 0.7641369046875 0.3814484125 0.7733134921875 0.3727678578125 0.775049603125 0.3702876984375 0.778273809375 0.3648313484375 0.7802579359374999 0.362351190625 0.7829861109375 0.3643353171875 0.7894345234375 0.36904761875 0.7991071421875 0.375248015625 0.8085317453125 0.3826884921875 0.8053075390625001 0.39012896874999997 0.7983630953125 0.3988095234375 0.7951388890625 0.403273809375 0.7916666671875 0.4136904765625 0.786954365625 0.422123015625 0.78125 0.42782738125 0.7790178578125 0.452876984375 0.76512896875 0.455853175 0.7616567453124999 0.455605159375 0.7579365078125 0.45089285781250005 0.749255953125 0.4479166671875 0.740079365625 0.44618055625 0.7366071421875 0.44320436562500004 0.735119046875 0.42881944375 0.7428075390625 0.419146825 0.7445436515625 0.41468253906249997 0.7415674609375 0.40674603125 0.724454365625 0.4047619046875 0.7227182546875001 0.39756944375000003 0.7224702375 0.3926091265625 0.7232142859375 0.3886408734375 0.7269345234375 0.3831845234375 0.7301587296875 0.3787202375 0.7361111109375 0.3789682546875 0.740079365625 0.3814484125 0.7423115078125 0.38740079375 0.7554563484375 0.38715277812500004 0.7641369046875
2 0.30133928593750003 0.8048115078125001 0.3045634921875 0.8080357140625001 0.3142361109375 0.8077876984374999 0.325396825 0.8010912703124999 0.33052256875 0.800347221875 0.335193453125 0.8024553578125 0.3382936515625 0.8053075390625001 0.34375 0.818204365625 0.34697420625 0.822420634375 0.3501984125 0.8234126984374999 0.35590277812500004 0.82217261875 0.3581349203125 0.8196924609374999 0.3606150796875 0.8189484125 0.3658234125 0.8147321421875 0.3697916671875 0.8134920640625 0.37177579375 0.8110119046875001 0.37177579375 0.806299603125 0.37053571406249997 0.8023313484375001 0.36631944375000003 0.7951388890625 0.3630952375 0.7867063484375 0.36259920625 0.780319940625 0.3635912703125 0.77802579375 0.3700396828125 0.7740575390625 0.37946428593750003 0.765873015625 0.3854166671875 0.7633928578125 0.3864087296875 0.759424603125 0.381200396875 0.74404761875 0.377480159375 0.7390873015625 0.3735119046875 0.7361111109375 0.3695436515625 0.736855159375 0.356646825 0.7450396828125 0.35243055624999997 0.7462797625 0.34970238125 0.7485119046875 0.34424603125000003 0.750744046875 0.3318452375 0.759424603125 0.3048115078125 0.77529761875 0.3005952375 0.7800099203124999 0.29588293593750004 0.78174603125 0.294394840625 0.7832341265625 0.2929067453125 0.78720238125 0.2946428578125 0.7946428578125 0.29737103125000003 0.797619046875 0.30133928593750003 0.8048115078125001
2 0.27256944375000003 0.787450396875 0.278769840625 0.7924107140625 0.290674603125 0.787450396875 0.2948908734375 0.7827380953125 0.3070436515625 0.7743055562500001 0.334325396875 0.7579365078125 0.338045634375 0.752728175 0.3474702375 0.7487599203124999 0.349950396875 0.74404761875 0.3489583328125 0.7398313484375 0.34027777812500004 0.7239583328125 0.334325396875 0.718005953125 0.32862103125000003 0.7197420640625001 0.3201884921875 0.7264384921875 0.314980159375 0.7279265875 0.309771825 0.7254464281249999 0.3023313484375 0.7115575390625 0.2991071421875 0.7100694437499999 0.2862103171875 0.708829365625 0.2829861109375 0.7150297625 0.2775297625 0.718998015625 0.2762896828125 0.7229662703125 0.27678571406249997 0.7306547625 0.281994046875 0.7408234125 0.281498015625 0.7482638890625 0.2800099203125 0.750248015625 0.2770337296875 0.7512400796875001 0.2733134921875 0.75595238125 0.26457068437500003 0.762669890625 0.263144840625 0.7678571421875 0.26661706406249996 0.7770337296875 0.2708333328125 0.7829861109375 0.27256944375000003 0.787450396875
2 0.265376984375 0.837549603125 0.265376984375 0.8452380953124999 0.25967261875 0.8606150796875 0.2591765875 0.865079365625 0.259920634375 0.86904761875 0.2638888890625 0.8730158734375 0.2728174609375 0.877728175 0.280505953125 0.87822420625 0.2876984125 0.875248015625 0.2896825390625 0.8730158734375 0.29365079375 0.862351190625 0.297123015625 0.85887896875 0.299851190625 0.8576388890625 0.3050595234375 0.8573908734375 0.3112599203125 0.85887896875 0.3167162703125 0.861855159375 0.3209325390625 0.8611111109375 0.328373015625 0.853174603125 0.33506944375000003 0.837549603125 0.3358134921875 0.833829365625 0.32862103125000003 0.821924603125 0.3199404765625 0.8189484125 0.2884424609375 0.802579365625 0.2800099203125 0.79637896875 0.26512896874999997 0.7948908734375 0.26116071406249997 0.7951388890625 0.2581845234375 0.796626984375 0.24727182499999997 0.8147321421875 0.24751984062500001 0.822420634375 0.2490079359375 0.825396825 0.2636408734375 0.8345734125 0.265376984375 0.837549603125
2 0.67237103125 0.5753539187500001 0.6800595234375 0.578578125 0.6862599203124999 0.57808209375 0.700644840625 0.56245709375 0.70634920625 0.5592328875 0.7100694437499999 0.5592328875 0.718998015625 0.56344915625 0.7304067453124999 0.5733697921875 0.7326388890625 0.5738658234375 0.7361111109375 0.57262574375 0.7455357140625 0.562705109375 0.7485119046875 0.5607209828124999 0.750248015625 0.5552646328125 0.750248015625 0.5398876484375 0.74677579375 0.5344312999999999 0.7418154765625 0.532447171875 0.7408234125 0.5294709828124999 0.7383432546875001 0.5284789187500001 0.7356150796875001 0.52475868125 0.7380952375 0.5202943953125 0.744295634375 0.5150860609375 0.746527778125 0.516078125 0.749255953125 0.500453125 0.747271825 0.49226860156249996 0.7413194437499999 0.48656423593750003 0.7242063484375 0.47862772812500004 0.7209821421875 0.47887574375 0.6773313484375 0.522774553125 0.674603175 0.5272388390625 0.655505953125 0.54782415625 0.6542658734375 0.5520404265625001 0.6540178578125 0.55600868125 0.658978175 0.563201140625 0.6671626984375 0.57163368125 0.67237103125 0.5753539187500001
2 0.5540674609375 0.56572420625 0.560019840625 0.5662202375 0.5691964281249999 0.55654761875 0.5771329359374999 0.55009920625 0.5830853171875 0.5481150796875001 0.5863095234375 0.5483630953125 0.6006944437499999 0.5575396828125 0.606894840625 0.56299603125 0.6106150796875001 0.56299603125 0.62177579375 0.5533234125 0.6294642859375 0.540674603125 0.6299603171875 0.536954365625 0.6267361109375 0.5329861109375 0.6134672625 0.5217013890625 0.6111111109375 0.5166170640625001 0.61259920625 0.5116567453124999 0.627728175 0.49801587343750003 0.627480159375 0.4925595234375 0.625 0.4861111109375 0.6180555562500001 0.47842261875 0.6130952375 0.47445436562500004 0.6046626984375 0.47197420625 0.6016865078125 0.47222222187499996 0.5982142859375 0.4739583328125 0.556795634375 0.51512896875 0.5540674609375 0.51612103125 0.549355159375 0.521825396875 0.5414186515625 0.528769840625 0.5352182546875001 0.5357142859375 0.5334821421875 0.5394345234375 0.5334821421875 0.5421626984375 0.5399305562500001 0.552579365625 0.5481150796875001 0.5612599203124999 0.5540674609375 0.56572420625
2 0.4982638890625 0.5394345234375 0.5104166671875 0.5399305562500001 0.516369046875 0.53720238125 0.51884920625 0.53075396875 0.5200892859375 0.518105159375 0.525545634375 0.5114087296875 0.528769840625 0.5101686515625 0.5483630953125 0.512896825 0.5510912703125 0.512152778125 0.55282738125 0.509920634375 0.5545634921875 0.505704365625 0.556795634375 0.4908234125 0.5570436515625 0.47842261875 0.5540674609375 0.4764384921875 0.534226190625 0.4737103171875 0.53075396875 0.471478175 0.5295138890625 0.465773809375 0.53174603125 0.455605159375 0.53174603125 0.44717261875 0.5272817453124999 0.44171627031250005 0.521825396875 0.4375 0.519097221875 0.43675595312500004 0.5047123015625 0.43700396875 0.5014880953125 0.4384920640625 0.497023809375 0.44320436562500004 0.4925595234375 0.4543650796875 0.48883928593750003 0.4779265875 0.48660714218749995 0.4856150796875 0.4789186515625 0.5262896828125 0.47842261875 0.5292658734375 0.4794146828125 0.53125 0.4893353171875 0.5376984125 0.4982638890625 0.5394345234375
2 0.3695436515625 0.5089285718750001 0.37549603125000003 0.5074404765625 0.3772321421875 0.505704365625 0.3804563484375 0.48859127031250005 0.3824404765625 0.4833829359375 0.3847966265625 0.48053075468750006 0.3887234625 0.47867063437499996 0.41071428593750003 0.4794146828125 0.4139384921875 0.47743055625 0.4154265875 0.4742063484375 0.4171626984375 0.46304563437499996 0.4164186515625 0.44890872968749995 0.41319444375 0.4451884921875 0.3958333328125 0.444196428125 0.39112103125000003 0.44146825468750006 0.39012896874999997 0.4389880953125 0.393353175 0.42782738125 0.393105159375 0.42113095312500004 0.390625 0.4164186515625 0.38715277812500004 0.4136904765625 0.37549603125000003 0.40947420625 0.36830357187499996 0.409226190625 0.362351190625 0.41071428593750003 0.3576388890625 0.41592261875 0.353174603125 0.4320436515625 0.3492063484375 0.45386904687499996 0.3417658734375 0.481894840625 0.3400297625 0.4982638890625 0.343501984375 0.5037202375 0.3516865078125 0.5074404765625 0.3695436515625 0.5089285718750001
2 0.4898313484375 0.24751984062500001 0.4935515875 0.2537202375 0.493799603125 0.256200396875 0.490575396875 0.259424603125 0.48859127031250005 0.2636408734375 0.4893353171875 0.2673611109375 0.4987599203125 0.27008928593750003 0.5 0.27430555624999997 0.5042162703125 0.2797619046875 0.512896825 0.28224206406249996 0.5267857140625 0.2824900796875 0.531994046875 0.28025793593750004 0.568700396875 0.24404761874999997 0.572420634375 0.23710317500000003 0.5736607140625 0.230902778125 0.572420634375 0.22445436562499999 0.5696924609375 0.21949404687500002 0.5625 0.21626984062500001 0.5523313484375 0.2150297625 0.5451388890625 0.21552579375 0.5357142859375 0.22147817500000003 0.53125 0.2232142859375 0.521329365625 0.2242063484375 0.5017361109375 0.21676587343749998 0.497519840625 0.21602182499999997 0.4925595234375 0.2175099203125 0.48635912656249997 0.22395833281250002 0.481398809375 0.23635912656250002 0.48115079375 0.24032738125000003 0.48214285781250005 0.24305555625 0.48660714218749995 0.24479166718749998 0.4898313484375 0.24751984062500001
2 0.4228670640625 0.2775297625 0.428571428125 0.2792658734375 0.43973214218749995 0.2797619046875 0.4697420640625 0.28025793593750004 0.47594246093750003 0.2790178578125 0.47867063437499996 0.275049603125 0.4794146828125 0.271329365625 0.484375 0.2616567453125 0.48660714218749995 0.2601686515625 0.4895833328125 0.2601686515625 0.4923115078125 0.2571924609375 0.49553571406249997 0.255704365625 0.4898313484375 0.2477678578125 0.486855159375 0.2452876984375 0.481646825 0.2435515875 0.47470238125 0.23635912656250002 0.4761904765625 0.234126984375 0.48090277812500004 0.234375 0.48487103125 0.22445436562499999 0.48090277812500004 0.21552579375 0.4779265875 0.2123015875 0.47222222187499996 0.21006944375 0.466269840625 0.2095734125 0.46428571406249997 0.2110615078125 0.4580853171875 0.21279761874999997 0.45634920625 0.21552579375 0.4518849203125 0.21676587343749998 0.440476190625 0.228174603125 0.4384920640625 0.23164682499999997 0.4126984125 0.262648809375 0.406498015625 0.2733134921875 0.40625 0.275545634375 0.40823412656249997 0.27777777812500004 0.419394840625 0.278273809375 0.4228670640625 0.2775297625
2 0.5014880953125 0.28224206406249996 0.503472221875 0.2797619046875 0.50322420625 0.2770337296875 0.500248015625 0.271329365625 0.4985119046875 0.2698412703125 0.49280753906249997 0.2676091265625 0.48883928593750003 0.2678571421875 0.486855159375 0.26661706406249996 0.481894840625 0.2703373015625 0.4766865078125 0.27777777812500004 0.4761904765625 0.2792658734375 0.477678571875 0.280505953125 0.4893353171875 0.28174603125000003 0.5014880953125 0.28224206406249996
2 0.662450396875 0.2462797625 0.6708829359374999 0.2490079359375 0.67237103125 0.2519841265625 0.6733630953125 0.25868055624999997 0.6765873015625 0.2641369046875 0.6805555562500001 0.265873015625 0.6887400796875001 0.2671130953125 0.6946924609375 0.27008928593750003 0.7021329359374999 0.28125 0.706597221875 0.2859623015625 0.7232142859375 0.286954365625 0.72842261875 0.281994046875 0.73115079375 0.2775297625 0.7415674609375 0.2703373015625 0.7420634921875 0.2668650796875 0.7413194437499999 0.2636408734375 0.734126984375 0.25694444375000003 0.7306547625 0.24801587343749998 0.7207341265625 0.237351190625 0.71875 0.231398809375 0.715277778125 0.22842261874999997 0.7053571421875 0.228174603125 0.6929563484375 0.22619047656250002 0.6852678578125 0.2229662703125 0.6800595234375 0.21924603125000003 0.668402778125 0.2165178578125 0.6654265875 0.2175099203125 0.658730159375 0.2242063484375 0.65302579375 0.23387896874999997 0.6525297625 0.2408234125 0.6540178578125 0.2435515875 0.65947420625 0.246527778125 0.662450396875 0.2462797625
2 0.6445932546875001 0.2854662703125 0.6480654765625 0.281994046875 0.653521825 0.2790178578125 0.65947420625 0.28075396874999997 0.669146825 0.2705853171875 0.6703869046875 0.2673611109375 0.671875 0.25595238125 0.67137896875 0.25 0.668898809375 0.24826388906250002 0.661954365625 0.2477678578125 0.653769840625 0.2457837296875 0.6520337296875 0.240575396875 0.6525297625 0.23189484062500001 0.6515376984375 0.2264384921875 0.6475694437499999 0.218998015625 0.6336805562500001 0.21552579375 0.624255953125 0.21602182499999997 0.6185515875 0.21875 0.6140873015625 0.22445436562499999 0.61259920625 0.22693452343749998 0.6113591265625 0.23263888906250002 0.6073908734375 0.263144840625 0.603174603125 0.2829861109375 0.606398809375 0.28447420625 0.6445932546875001 0.2854662703125
2 0.703373015625 0.286954365625 0.6989087296875 0.275049603125 0.6959325390625 0.2710813484375 0.6892361109375 0.2678571421875 0.6830357140625 0.2668650796875 0.671130953125 0.26884920625 0.6631944437499999 0.2765376984375 0.6604662703125 0.28174603125000003 0.6602182546875001 0.28447420625 0.661954365625 0.2867063484375 0.6765873015625 0.287450396875 0.703373015625 0.286954365625