2 0.6329365078125 0.6736111109375 0.63467261875 0.6783234125 0.6388888890625 0.6803075390625 0.643353175 0.6862599203124999 0.650049603125 0.687251984375 0.6552579359374999 0.6892361109375 0.6654265875 0.6959325390625 0.6741071421875 0.699652778125 0.6785714281249999 0.70362103125 0.693204365625 0.7083333328125 0.700396825 0.7118055562500001 0.71552579375 0.716021825 0.736855159375 0.718501984375 0.7445436515625 0.7177579359374999 0.75049603125 0.718501984375 0.7569444437499999 0.7170138890625 0.76240079375 0.7175099203124999 0.764880953125 0.716269840625 0.7735615078125 0.71552579375 0.791170634375 0.7113095234375 0.8060515875 0.70634920625 0.8172123015625001 0.7016369046875 0.8392857140625001 0.68799603125 0.8521825390625001 0.6785714281249999 0.8710317453125 0.6607142859375 0.8730158734375 0.6582341265625 0.8730158734375 0.6554233625 0.874751984375 0.65302579375 0.874751984375 0.5689484125 0.8675595234375001 0.5667162703125 0.8638392859374999 0.5701884921875 0.8616071421875 0.5771329359374999 0.858630953125 0.5771329359374999 0.8524305562500001 0.5835813484375 0.8504464281249999 0.5917658734375 0.8452380953124999 0.59424603125 0.843501984375 0.6056547625 0.8385416671874999 0.6210317453124999 0.83407738125 0.624751984375 0.8320932546875 0.628472221875 0.8234126984374999 0.6388888890625 0.8070436515624999 0.6517857140625 0.7891865078125 0.6607142859375 0.7790178578125 0.6639384921875 0.7601686515625 0.6679067453124999 0.7333829359374999 0.66865079375 0.71924603125 0.6669146828125 0.7068452375 0.6636904765625 0.6852678578125 0.6552579359374999 0.6584821421875 0.637152778125 0.6423611109375 0.6205357140625 0.6302083328125 0.6019345234375 0.6272321421875 0.6006944437499999 0.627480159375 0.599950396875 0.6267361109375 0.6019345234375 0.6262400796875001 0.6235119046875 0.627976190625 0.6674107140625 0.6289682546875001 0.671626984375 0.6329365078125 0.6736111109375
2 0.8206845234375001 0.769097221875 0.8363095234375001 0.7738095234375 0.8484623015625001 0.784722221875 0.855902778125 0.7862103171875 0.8616071421875 0.7899305562500001 0.865575396875 0.7946428578125 0.874751984375 0.79737103125 0.874751984375 0.7390873015625 0.8732638890625 0.7390873015625 0.8504464281249999 0.7266865078125 0.8261408734375 0.715277778125 0.8204365078125001 0.7150297625 0.811755953125 0.7175099203124999 0.8087797625 0.7209821421875 0.80009920625 0.74032738125 0.797619046875 0.7519841265625 0.79737103125 0.75595238125 0.800347221875 0.762152778125 0.811755953125 0.768353175 0.8206845234375001 0.769097221875
2 0.753472221875 0.825148809375 0.75595238125 0.8258928578125 0.7774677578125 0.825396825 0.7822420640625001 0.8261408734375 0.8373015875 0.825396825 0.841269840625 0.82490079375 0.8449900796875 0.82217261875 0.846230159375 0.8105158734375 0.8449900796875 0.7899305562500001 0.841269840625 0.78075396875 0.838045634375 0.7770337296875 0.8350694437499999 0.77529761875 0.8231646828124999 0.7733134921875 0.7904265875 0.77529761875 0.7723214281249999 0.775049603125 0.750248015625 0.7765376984375 0.747519840625 0.7792658734375 0.74677579375 0.783978175 0.750248015625 0.8010912703124999 0.7517361109375 0.822420634375 0.753472221875 0.825148809375
2 0.7671130953125 0.8762400796875 0.8506944437499999 0.8769841265625 0.8576388890625 0.875744046875 0.860119046875 0.8730158734375 0.862103175 0.8630952375 0.8606150796875 0.8492063484375001 0.856398809375 0.83407738125 0.849950396875 0.825396825 0.8248182046875 0.8266369046875001 0.783730159375 0.8268849203125 0.7705853171875 0.8261408734375 0.756200396875 0.827876984375 0.7547123015625 0.8291170640625 0.7549603171875 0.85342261875 0.7576884921875 0.869295634375 0.759424603125 0.872519840625 0.7671130953125 0.8762400796875
2 0.696924603125 0.7770337296875 0.7420634921875 0.7767857140625 0.76633358125 0.7745535718750001 0.7857142859375 0.7743055562500001 0.7901785718750001 0.7720734125 0.794146825 0.763144840625 0.7951388890625 0.7519841265625 0.7931547625 0.7487599203124999 0.7919146828125 0.74404761875 0.791170634375 0.7363591265625 0.78720238125 0.7279265875 0.7829861109375 0.724454365625 0.7614087296875 0.7242063484375 0.752728175 0.7232142859375 0.749751984375 0.7239583328125 0.72470238125 0.7239583328125 0.7204861109375 0.7254464281249999 0.7137896828125 0.7259424609375 0.70262896875 0.7251984125 0.6941964281249999 0.7271825390625 0.6924603171875 0.72842261875 0.6912202375 0.731894840625 0.69072420625 0.740079365625 0.69345238125 0.7723214281249999 0.6946924609375 0.7762896828125 0.696924603125 0.7770337296875
2 0.6396329359374999 0.853174603125 0.6480654765625 0.859126984375 0.6604662703125 0.86532738125 0.6783234125 0.8710317453125 0.688244046875 0.875248015625 0.6981646828125 0.875744046875 0.7068452375 0.8804563484375001 0.7123015875 0.880704365625 0.7259424609375 0.8740079359375 0.7291666671875 0.875 0.733630953125 0.874255953125 0.7383432546875001 0.87549603125 0.747519840625 0.875248015625 0.749255953125 0.874255953125 0.7509920640625001 0.8727678578125 0.752480159375 0.8658234125 0.7522321421875 0.8296130953124999 0.749255953125 0.806795634375 0.7455357140625 0.7981150796875001 0.7413194437499999 0.796626984375 0.7289186515625 0.79737103125 0.705853175 0.7951388890625 0.6884920640625001 0.7956349203124999 0.6820436515625 0.797123015625 0.66220238125 0.784722221875 0.6552579359374999 0.7757936515625 0.6510416671875 0.7673611109375 0.65029761875 0.7633928578125 0.650049603125 0.7601686515625 0.6515376984375 0.7554563484375 0.653521825 0.7410714281249999 0.6542658734375 0.71875 0.6540178578125 0.708829365625 0.6520337296875 0.7021329359374999 0.650545634375 0.699652778125 0.6475694437499999 0.6984126984375 0.6450892859375 0.6959325390625 0.6331845234375 0.6897321421875 0.6302083328125 0.690476190625 0.6287202375 0.6959325390625 0.6287202375 0.81845238125 0.6302083328125 0.843998015625 0.6324404765625 0.8501984125 0.6396329359374999 0.853174603125
2 0.6914682546875001 0.59325396875 0.6949404765625 0.596230159375 0.6984126984375 0.5977182546875001 0.7326388890625 0.6071428578125 0.74404761875 0.60887896875 0.780505953125 0.609375 0.7824900796875001 0.6083829359374999 0.7916666671875 0.6073908734375 0.797123015625 0.605902778125 0.7991071421875 0.6044146828125 0.8033234125 0.6039186515625 0.806299603125 0.599454365625 0.8105158734375 0.599454365625 0.814980159375 0.6016865078125 0.8206845234375001 0.6004464281249999 0.824652778125 0.5977182546875001 0.8303571421875 0.5957341265625 0.831597221875 0.59375 0.83779761875 0.5890376984375 0.8397817453125 0.5845734125 0.844494046875 0.5848214281249999 0.8501984125 0.5793650796875001 0.8529265875 0.578125 0.85887896875 0.57217261875 0.86259920625 0.5642361109375 0.8705357140625001 0.565972221875 0.874751984375 0.5644841265625 0.874751984375 0.5580357140625 0.8707837296875001 0.5560515875 0.872271825 0.5510912703125 0.8730158734375 0.5384424609375 0.874751984375 0.537450396875 0.874751984375 0.47271825468750006 0.8700396828124999 0.4702380953125 0.8581349203125 0.4672619046875 0.841021825 0.46502976250000005 0.8330853171875001 0.46279761875 0.827380953125 0.4635416671875 0.8147321421875 0.478174603125 0.8107638890625 0.4853670640625 0.8085317453125 0.4982638890625 0.8060515875 0.5019841265625 0.8050595234375001 0.5166170640625001 0.8055555562500001 0.52157738125 0.8043154765624999 0.52529761875 0.8008432546875 0.5292658734375 0.7991071421875 0.5329861109375 0.7948908734375 0.5367063484375 0.7822420640625001 0.5414186515625 0.7735615078125 0.5424107140625 0.756200396875 0.5349702375 0.7388392859375 0.5297619046875 0.7296626984375 0.528273809375 0.7209821421875 0.5243055562500001 0.7118055562500001 0.5245535718750001 0.7016369046875 0.5329861109375 0.6946924609375 0.544394840625 0.6884920640625001 0.5644841265625 0.68700396875 0.575644840625 0.6875 0.584325396875 0.688244046875 0.58779761875 0.6914682546875001 0.59325396875
2 0.6495535718750001 0.47445436562500004 0.6498015875 0.49007936562500004 0.6522817453124999 0.4945436515625 0.65674603125 0.497519840625 0.661954365625 0.4982638890625 0.6919642859375 0.4990079359375 0.6976686515625 0.497519840625 0.6994047625 0.49404761875 0.69990079375 0.487103175 0.700396825 0.41195436562500004 0.6946924609375 0.408730159375 0.684523809375 0.40674603125 0.6676587296875 0.4072420640625 0.6582341265625 0.40997023749999995 0.6542658734375 0.412450396875 0.650545634375 0.4233630953125 0.6498015875 0.437251984375 0.650049603125 0.44717261875 0.6520337296875 0.45089285781250005 0.6520337296875 0.4585813484375 0.6495535718750001 0.47445436562500004
2 0.627480159375 0.4952876984375 0.6331845234375 0.49007936562500004 0.6393849203124999 0.48015872968749995 0.6478174609375 0.466269840625 0.6515376984375 0.45882936562500004 0.6522817453124999 0.4548611109375 0.6512896828125 0.45089285781250005 0.6488095234375 0.4484126984375 0.6359126984375 0.43973214218749995 0.624751984375 0.43526785781250005 0.6227678578125 0.4384920640625 0.6227678578125 0.471478175 0.6240079359374999 0.49032738125 0.624751984375 0.49404761875 0.627480159375 0.4952876984375
2 0.6473214281249999 0.25892857187499996 0.6485615078125 0.2584325390625 0.653273809375 0.24751984062500001 0.655505953125 0.23635912656250002 0.65575396875 0.2299107140625 0.6579861109375 0.2224702375 0.656498015625 0.21279761874999997 0.6386408734375 0.20907738125000003 0.621527778125 0.2078373015625 0.6205357140625 0.21924603125000003 0.6210317453124999 0.2457837296875 0.621527778125 0.2522321421875 0.6227678578125 0.255704365625 0.6473214281249999 0.25892857187499996
2 0.3487103171875 0.637152778125 0.3697916671875 0.6366567453124999 0.372519840625 0.637896825 0.38169642812500004 0.6359126984375 0.389880953125 0.637896825 0.39657738125 0.6421130953125 0.3990575390625 0.6450892859375 0.40302579375 0.6542658734375 0.403769840625 0.661954365625 0.40054563437499996 0.669146825 0.39732142812500004 0.6939484125 0.3970734125 0.70907738125 0.3988095234375 0.712549603125 0.4047619046875 0.7167658734375 0.41046627031250005 0.718501984375 0.422123015625 0.71924603125 0.43328372968749995 0.7172619046875 0.43700396875 0.7142857140625 0.43973214218749995 0.705853175 0.43973214218749995 0.6728670640625001 0.43402777812500004 0.650545634375 0.428075396875 0.6336805562500001 0.42385912656249997 0.6267361109375 0.4136904765625 0.6148313484375 0.400049603125 0.6056547625 0.37549603125000003 0.5957341265625 0.344494046875 0.593005953125 0.340773809375 0.59375 0.3373015875 0.596478175 0.334325396875 0.603174603125 0.3328373015625 0.6113591265625 0.33258928593750003 0.6272321421875 0.33407738125 0.631200396875 0.3373015875 0.63467261875 0.3487103171875 0.637152778125
2 0.2142857140625 0.7829861109375 0.2232142859375 0.7859623015625 0.22619047656250002 0.7879464281249999 0.252480159375 0.7929067453124999 0.2695932546875 0.7921626984375 0.281498015625 0.7891865078125 0.28571428593750003 0.78720238125 0.293898809375 0.78174603125 0.299355159375 0.7762896828125 0.3020833328125 0.775545634375 0.31299603125000003 0.7673611109375 0.33134920625 0.740079365625 0.3355654765625 0.7323908734375 0.3353174609375 0.728174603125 0.334325396875 0.724454365625 0.33159722187499996 0.7204861109375 0.322420634375 0.7113095234375 0.31150793593750004 0.7073412703125 0.3045634921875 0.7073412703125 0.2991071421875 0.7100694437499999 0.281994046875 0.7390873015625 0.2762896828125 0.7547123015625 0.2728174609375 0.7581845234375 0.259920634375 0.7591765875 0.24950396874999997 0.7574404765625 0.24330357187499999 0.7517361109375 0.2385912703125 0.749751984375 0.234375 0.74404761875 0.22743055625 0.7418154765625 0.22594246093749998 0.740079365625 0.218998015625 0.737103175 0.2150297625 0.73487103125 0.212549603125 0.7321428578125 0.20833333281250002 0.7304067453124999 0.20262896874999997 0.73387896875 0.1966765875 0.7390873015625 0.18799603125 0.7517361109375 0.184523809375 0.759920634375 0.18427579375 0.7636408734375 0.1875 0.7673611109375 0.21180555625 0.780505953125 0.2142857140625 0.7829861109375
2 0.2455357140625 0.849454365625 0.25049603125000003 0.853670634375 0.2547123015625 0.8551587296875001 0.2584325390625 0.8551587296875001 0.2668650796875 0.8509424609374999 0.2695932546875 0.8521825390625001 0.27256944375000003 0.8509424609374999 0.2735615078125 0.84970238125 0.2733134921875 0.847222221875 0.28174603125000003 0.8427579359375 0.2852182546875 0.8387896828124999 0.2929067453125 0.833829365625 0.2956349203125 0.8291170640625 0.30133928593750003 0.825644840625 0.3077876984375 0.8196924609374999 0.314980159375 0.8191964281249999 0.327876984375 0.8211805562500001 0.3296130953125 0.82217261875 0.33506944375000003 0.8293650796875 0.3363095234375 0.8333333328125001 0.34052579375 0.8395337296875001 0.34325396874999997 0.8457341265625 0.35267857187499996 0.8573908734375 0.3576388890625 0.8658234125 0.3635912703125 0.8700396828124999 0.3665674609375 0.8695436515624999 0.3826884921875 0.859126984375 0.387648809375 0.8541666671874999 0.393601190625 0.8457341265625 0.393353175 0.8415178578125 0.3918650796875 0.83779761875 0.38715277812500004 0.8301091265625 0.37549603125000003 0.815476190625 0.365575396875 0.80654761875 0.3575563 0.8015047125000001 0.3492063484375 0.7946428578125 0.3422619046875 0.79092261875 0.328373015625 0.786954365625 0.32142857187499996 0.7859623015625 0.3125 0.7854662703125 0.3045634921875 0.7862103171875 0.29637896874999997 0.7889384921875 0.2896825390625 0.7891865078125 0.278769840625 0.79637896875 0.271825396875 0.7978670640625001 0.25892857187499996 0.80654761875 0.240575396875 0.8209325390625001 0.2366071421875 0.8261408734375 0.23635912656250002 0.8298611109375 0.237847221875 0.8360615078125001 0.2408234125 0.843005953125 0.2455357140625 0.849454365625
2 0.2018849203125 0.724950396875 0.22619047656250002 0.7251984125 0.231398809375 0.7237103171875 0.2385912703125 0.7199900796875001 0.24330357187499999 0.718998015625 0.26116071406249997 0.7098214281249999 0.2671130953125 0.7051091265625 0.2772817453125 0.6939484125 0.2832341265625 0.6852678578125 0.29017857187499996 0.6698908734375 0.2914186515625 0.6617063484375 0.2914186515625 0.653273809375 0.2931547625 0.65029761875 0.293898809375 0.6460813484375 0.294146825 0.6364087296875 0.291170634375 0.6185515875 0.2894345234375 0.615079365625 0.283730159375 0.609623015625 0.2762896828125 0.6078869046875 0.268105159375 0.6083829359374999 0.2574404765625 0.6111111109375 0.24950396874999997 0.615079365625 0.24727182499999997 0.6195436515625 0.250248015625 0.6388888890625 0.2522321421875 0.6458333328125 0.2579365078125 0.6552579359374999 0.2579365078125 0.661954365625 0.25694444375000003 0.66592261875 0.2512400796875 0.6758432546875001 0.2460317453125 0.6805555562500001 0.2423115078125 0.681795634375 0.22470238125000003 0.68154761875 0.21701388906250002 0.6835317453124999 0.1966765875 0.6862599203124999 0.193700396875 0.6884920640625001 0.19097222187500001 0.693204365625 0.1894841265625 0.702380953125 0.18998015937499999 0.7120535718750001 0.193700396875 0.721726190625 0.1966765875 0.724454365625 0.2018849203125 0.724950396875
2 0.196428571875 0.5845734125 0.2108134921875 0.5890376984375 0.2197420640625 0.591269840625 0.22594246093749998 0.591021825 0.22916666718749998 0.5882936515625 0.231398809375 0.584325396875 0.2321428578125 0.5801091265625 0.23511904687500002 0.5736607140625 0.2366071421875 0.5639880953125 0.2385912703125 0.5587797625 0.2398313484375 0.54365079375 0.24131944375 0.54092261875 0.2512400796875 0.53174603125 0.2542162703125 0.5302579359374999 0.2991071421875 0.5381944437499999 0.3020833328125 0.541170634375 0.30803571406249997 0.5401785718750001 0.312748015625 0.536954365625 0.3139880953125 0.534226190625 0.31696428593750003 0.533978175 0.3234126984375 0.5257936515625 0.325396825 0.519097221875 0.325396825 0.513144840625 0.3234126984375 0.5071924609375 0.3179563484375 0.500744046875 0.299355159375 0.4950396828125 0.284226190625 0.4920634921875 0.2581845234375 0.493799603125 0.24429563437500001 0.49776785781250005 0.24181547656250002 0.5 0.23115079375 0.505704365625 0.2199900796875 0.51612103125 0.2070932546875 0.5332341265625 0.20585317500000003 0.536954365625 0.20238095312499998 0.5376984125 0.20064484062500001 0.5396825390625 0.19965277812499999 0.544394840625 0.196924603125 0.5486111109375 0.1939484125 0.556795634375 0.19072420625 0.5701884921875 0.18824404687500002 0.575644840625 0.18824404687500002 0.5801091265625 0.196428571875 0.5845734125
2 0.31200396874999997 0.575148809375 0.322420634375 0.5845734125 0.32862103125000003 0.5848214281249999 0.33258928593750003 0.5801091265625 0.3373015875 0.5766369046875 0.344494046875 0.56572420625 0.3489583328125 0.5625 0.3556547625 0.5491071421875 0.36383928593750003 0.5426587296875 0.3695436515625 0.54092261875 0.3764880953125 0.54092261875 0.3826884921875 0.5424107140625 0.387648809375 0.546875 0.390873015625 0.5523313484375 0.4007936515625 0.5605158734375 0.406001984375 0.56299603125 0.41319444375 0.568700396875 0.419394840625 0.5696924609375 0.4236111109375 0.5664682546875001 0.4265873015625 0.562251984375 0.4310515875 0.559027778125 0.4360119046875 0.552579365625 0.43948412656249997 0.5448908734375 0.4387400796875 0.536954365625 0.4362599203125 0.53174603125 0.4295634921875 0.5270337296875 0.42509920625 0.5220734125 0.4141865078125 0.5166170640625001 0.3854166671875 0.5091765875 0.36904761875 0.509424603125 0.3516865078125 0.5133928578125 0.3397817453125 0.5195932546875001 0.3293650796875 0.5272817453124999 0.3229166671875 0.5300099203124999 0.3112599203125 0.5401785718750001 0.3045634921875 0.5478670640625001 0.299603175 0.5560515875 0.299851190625 0.5605158734375 0.3043154765625 0.568700396875 0.3082837296875 0.5731646828125 0.31200396874999997 0.575148809375
2 0.428075396875 0.5208333328125 0.43154761875 0.51884920625 0.4456845234375 0.516369046875 0.44618055625 0.515376984375 0.45758928593750003 0.5106646828125 0.4605654765625 0.5074404765625 0.4605654765625 0.5017361109375 0.453125 0.4826388890625 0.44593253906249997 0.47073412656249997 0.44618055625 0.46155753906249997 0.4484126984375 0.45386904687499996 0.4546130953125 0.44444444375 0.466021825 0.440228175 0.47470238125 0.4384920640625 0.48387896875 0.4327876984375 0.4893353171875 0.431299603125 0.4925595234375 0.43179563437499996 0.493799603125 0.4300595234375 0.4952876984375 0.42410714218749995 0.4945436515625 0.415674603125 0.4895833328125 0.403521825 0.484126984375 0.3955853171875 0.48065476250000005 0.3923611109375 0.4779265875 0.391369046875 0.474950396875 0.3921130953125 0.4546130953125 0.40277777812500004 0.4516369046875 0.40302579375 0.4481646828125 0.4050099203125 0.443700396875 0.4112103171875 0.431299603125 0.422123015625 0.428571428125 0.42782738125 0.42534722187499996 0.4310515875 0.41815476250000005 0.44742063437499996 0.415674603125 0.4613095234375 0.41592261875 0.4908234125 0.41741071406249997 0.5019841265625 0.422123015625 0.51612103125 0.428075396875 0.5208333328125
2 0.22693452343749998 0.4605654765625 0.2328869046875 0.46651785781250005 0.23759920625 0.47445436562500004 0.2514880953125 0.48511904687499996 0.2633928578125 0.49131944375 0.3023313484375 0.490575396875 0.327876984375 0.484623015625 0.3514384921875 0.46924603125 0.3578869046875 0.46279761875 0.356398809375 0.45535714218749995 0.3519345234375 0.4449404765625 0.34970238125 0.443700396875 0.3425099203125 0.4360119046875 0.334325396875 0.4320436515625 0.325644840625 0.43551587343750003 0.2921626984375 0.4608134921875 0.287450396875 0.462549603125 0.28447420625 0.462549603125 0.2735615078125 0.459325396875 0.268601190625 0.4548611109375 0.2668650796875 0.44990079375 0.2601686515625 0.43973214218749995 0.2581845234375 0.43353174531249994 0.2408234125 0.4112103171875 0.23511904687500002 0.4117063484375 0.2202380953125 0.41765872968749995 0.2108134921875 0.42906746093750003 0.2108134921875 0.43526785781250005 0.21304563437500001 0.43700396875 0.218998015625 0.44915674531249994 0.22693452343749998 0.4605654765625
2 0.22048611093749998 0.4154265875 0.23189484062500001 0.41220238125 0.2408234125 0.4079861109375 0.24330357187499999 0.4015376984375 0.246527778125 0.39930555624999997 0.2519841265625 0.3859126984375 0.2591765875 0.37847222187499996 0.2638888890625 0.37549603125000003 0.2748015875 0.375248015625 0.281498015625 0.3772321421875 0.28447420625 0.3829365078125 0.290674603125 0.3891369046875 0.2991071421875 0.393105159375 0.3043154765625 0.3998015875 0.3107638890625 0.4015376984375 0.3139880953125 0.403521825 0.32142857187499996 0.4047619046875 0.325148809375 0.40401785781250005 0.32911706406249996 0.4007936515625 0.34027777812500004 0.3856646828125 0.34052579375 0.3829365078125 0.34027777812500004 0.3799603171875 0.3373015875 0.3730158734375 0.328373015625 0.3643353171875 0.32366071406249997 0.362103175 0.3196924609375 0.35838293593750004 0.3072916671875 0.3516865078125 0.278521825 0.3452380953125 0.25669642812500004 0.3452380953125 0.252480159375 0.3457341265625 0.24032738125000003 0.35044642812500004 0.2264384921875 0.3616071421875 0.215277778125 0.368799603125 0.196428571875 0.3926091265625 0.19593253906250002 0.39657738125 0.1966765875 0.3988095234375 0.20138888906250002 0.40426587343750003 0.22048611093749998 0.4154265875
2 0.22048611093749998 0.359375 0.2229662703125 0.36036706406249996 0.23511904687500002 0.353670634375 0.23933531718749998 0.3492063484375 0.24727182499999997 0.346478175 0.2574404765625 0.333829365625 0.2609126984375 0.3261408734375 0.2638888890625 0.32465277812500004 0.2765376984375 0.32366071406249997 0.282862103125 0.3250248015625 0.2852182546875 0.3298611109375 0.2986111109375 0.341269840625 0.297619046875 0.3454861109375 0.30034722187499996 0.3479662703125 0.31299603125000003 0.3544146828125 0.3196924609375 0.3556547625 0.3226686515625 0.358630953125 0.327380953125 0.358630953125 0.33159722187499996 0.3571428578125 0.34027777812500004 0.3474702375 0.34375 0.3417658734375 0.34275793593750004 0.330605159375 0.34052579375 0.3261408734375 0.33705357187499996 0.32217261875 0.31696428593750003 0.30555555624999997 0.290674603125 0.294146825 0.2795138890625 0.29241071406249997 0.263144840625 0.2926587296875 0.2552083328125 0.294146825 0.25099206406249996 0.297123015625 0.24925595312499998 0.296875 0.246527778125 0.299603175 0.24131944375 0.3023313484375 0.23189484062500001 0.3053075390625 0.2289186515625 0.3085317453125 0.218501984375 0.3142361109375 0.21056547656250002 0.3239087296875 0.2016369046875 0.3301091265625 0.1994047625 0.334325396875 0.1984126984375 0.338045634375 0.202876984375 0.3454861109375 0.21701388906250002 0.35491071406249997 0.22048611093749998 0.359375
2 0.268105159375 0.2514880953125 0.2708720234375 0.2510625 0.2986111109375 0.23933531718749998 0.3023313484375 0.23759920625 0.3026061515625 0.2312936515625 0.3082837296875 0.228174603125 0.3196924609375 0.22569444375 0.328869046875 0.22619047656250002 0.3335813484375 0.228174603125 0.3415178578125 0.2366071421875 0.343005953125 0.2408234125 0.3539186515625 0.2564484125 0.3578869046875 0.25967261875 0.3606150796875 0.259920634375 0.368799603125 0.2636408734375 0.37549603125000003 0.26240079375 0.3814484125 0.25967261875 0.38715277812500004 0.2539682546875 0.390873015625 0.2445436515625 0.391369046875 0.2398313484375 0.3814484125 0.224950396875 0.375 0.2172619046875 0.3707837296875 0.2147817453125 0.3665674609375 0.21056547656250002 0.33705357187499996 0.196428571875 0.3226686515625 0.1927083328125 0.31696428593750003 0.1917162703125 0.3050595234375 0.1927083328125 0.3020833328125 0.19469246093749998 0.283978175 0.2016369046875 0.2728174609375 0.20362103125000003 0.26909722187499996 0.20634920625 0.2576884921875 0.21130952343749998 0.247023809375 0.218998015625 0.2455357140625 0.22073412656250002 0.25322420625 0.234126984375 0.265376984375 0.2514880953125 0.268105159375 0.2514880953125
2 0.21602182499999997 0.252976190625 0.2199900796875 0.26215277812500004 0.2242063484375 0.265873015625 0.22594246093749998 0.2693452375 0.231398809375 0.27529761875 0.23759920625 0.28075396874999997 0.25669642812500004 0.29092261875 0.2601686515625 0.2916666671875 0.2884424609375 0.2916666671875 0.2929067453125 0.2926587296875 0.3023313484375 0.2914186515625 0.3167162703125 0.2867063484375 0.32862103125000003 0.280505953125 0.33134920625 0.27777777812500004 0.3400297625 0.27455357187499996 0.34375 0.2710813484375 0.344494046875 0.2678571421875 0.343998015625 0.2638888890625 0.3385416671875 0.2517361109375 0.3373015875 0.249751984375 0.333829365625 0.24925595312499998 0.33159722187499996 0.2435515875 0.325396825 0.2383432546875 0.3196924609375 0.237847221875 0.3172123015625 0.24032738125000003 0.3139880953125 0.24107142812500001 0.3050595234375 0.24677579375 0.29037698437500004 0.258741815625 0.28154117031250003 0.26315972187500003 0.2744724703125 0.2649270828125 0.26710912656249997 0.262865328125 0.25856795625 0.253587796875 0.2569481640625 0.2475498515625 0.2353670640625 0.21701388906250002 0.23239087343749998 0.21279761874999997 0.22371031718749998 0.212549603125 0.2145337296875 0.21552579375 0.2078373015625 0.22048611093749998 0.2053571421875 0.224950396875 0.20510912656250002 0.230902778125 0.21056547656250002 0.2423115078125 0.21130952343749998 0.24751984062500001 0.21602182499999997 0.252976190625
2 0.3772321421875 0.38194444375000003 0.3891369046875 0.39657738125 0.3960813484375 0.403273809375 0.4045138890625 0.40848214218749995 0.4077380953125 0.40848214218749995 0.41319444375 0.41220238125 0.430803571875 0.41840277812500004 0.43402777812500004 0.41790674531249994 0.44320436562500004 0.41021825468750006 0.4476686515625 0.40401785781250005 0.44915674531249994 0.40029761875 0.44890872968749995 0.3891369046875 0.4490657234375 0.384471478125 0.44591765937499994 0.3821103671875 0.4169938 0.36755009843750003 0.411484375 0.36479538749999996 0.40656547656250003 0.366959821875 0.4047619046875 0.3643353171875 0.4012896828125 0.3611111109375 0.3983134921875 0.3514384921875 0.3980654765625 0.346230159375 0.398694940625 0.3407904265625 0.4016463296875 0.335084325 0.40699404687499996 0.3298611109375 0.4072420640625 0.3248182046875 0.41021825468750006 0.3229166671875 0.41046627031250005 0.3179563484375 0.4117063484375 0.31349206406249996 0.4169146828125 0.310019840625 0.41989087343750003 0.2948908734375 0.41989087343750003 0.290674603125 0.419146825 0.2867063484375 0.41765872968749995 0.2867063484375 0.4077380953125 0.280505953125 0.4047619046875 0.2800099203125 0.3955853171875 0.2748015875 0.390376984375 0.27256944375000003 0.38715277812500004 0.27455357187499996 0.3831845234375 0.2795138890625 0.372519840625 0.302579365625 0.3695436515625 0.3125 0.36631944375000003 0.33482142812500004 0.36607142812500004 0.3477182546875 0.3695436515625 0.3670634921875 0.372023809375 0.3735119046875 0.3772321421875 0.38194444375000003
2 0.40837103125 0.3455282734375 0.4074255953125 0.34895510937499996 0.408607390625 0.35297296562499997 0.41475223281250007 0.3612447921875 0.42385119062500004 0.366326140625 0.434486359375 0.3698640875 0.4409858625 0.36773710312499996 0.4505575390625 0.35509300625 0.4577658734375 0.3419759421875 0.4598928578125 0.3275592765625 0.46012921562500003 0.32094196406250003 0.4598928578125 0.3046416171875 0.458356646875 0.29187921562499997 0.45445709375 0.2817165171875 0.45091195468749995 0.2739174109375 0.4465396828125 0.2695451390625 0.4406312 0.26529092187500003 0.43885887968750004 0.26257316406250003 0.43614087343749997 0.2565463796875 0.4291688984375 0.2500471234375 0.419715278125 0.24059350156249998 0.4116798109375 0.23716666718749999 0.403644096875 0.23752108125000002 0.395372271875 0.2427204859375 0.39088194375 0.2491016859375 0.38639136875 0.25914608125 0.386155009375 0.263518353125 0.3876912203125 0.26836334375000004 0.393599703125 0.272735615625 0.4025806046875 0.277226190625 0.41309771875 0.2834890875 0.41959697343749996 0.2853799609375 0.4198333328125 0.28526165625 0.42586011875 0.2891612109375 0.4292869546875 0.294242559375 0.432359375 0.2980240578125 0.4340138890625 0.3013328375 0.435313740625 0.307595734375 0.43555009843750003 0.3101954359375 0.434368303125 0.3130314984375 0.42999603124999997 0.3159858625 0.4227876984375 0.323194196875 0.41439756875 0.33394766875 0.40837103125 0.3455282734375