1 0.32465277812500004 0.5892857140625 0.33258928593750003 0.5954861109375 0.34027777812500004 0.6039186515625 0.3544146828125 0.612847221875 0.3665674609375 0.619295634375 0.372519840625 0.6180555562500001 0.3869047625 0.6237599203124999 0.391369046875 0.622519840625 0.3955853171875 0.6237599203124999 0.4045138890625 0.6230158734375 0.41865079375 0.619295634375 0.42584325468750006 0.615079365625 0.42881944375 0.6143353171875 0.4310515875 0.6175595234375 0.43377976250000005 0.6160714281249999 0.42782738125 0.568700396875 0.42385912656249997 0.5265376984375 0.422123015625 0.5198412703125 0.421875 0.5133928578125 0.419146825 0.5086805562500001 0.409226190625 0.5049603171875 0.39955357187499996 0.503472221875 0.3859126984375 0.49801587343750003 0.3769841265625 0.49578372968749995 0.3606150796875 0.497023809375 0.3514384921875 0.500248015625 0.33779761875 0.5091765875 0.3301091265625 0.5173611109375 0.322420634375 0.5292658734375 0.31597222187499996 0.54737103125 0.315228175 0.5545634921875 0.3162202375 0.568204365625 0.3196924609375 0.5818452375 0.32465277812500004 0.5892857140625
1 0.5637400796875001 0.5711805562500001 0.5706845234375 0.577876984375 0.5927579359374999 0.593005953125 0.5989583328125 0.59970238125 0.615079365625 0.6083829359374999 0.6185515875 0.612351190625 0.6232638890625 0.615079365625 0.6359126984375 0.6210317453124999 0.6393849203124999 0.621527778125 0.6443452375 0.6197916671875 0.6493055562500001 0.6168154765625 0.653521825 0.612351190625 0.6542658734375 0.6071428578125 0.656001984375 0.603174603125 0.656994046875 0.5915178578125 0.6599702375 0.5868055562500001 0.671626984375 0.5763888890625 0.6857638890625 0.5726686515625 0.6897321421875 0.56845238125 0.6889880953125 0.5550595234375 0.6865079359374999 0.549355159375 0.6862599203124999 0.540674603125 0.6832837296875 0.5275297625 0.6827876984375 0.5089285718750001 0.6765873015625 0.5014880953125 0.6654265875 0.493303571875 0.658730159375 0.48511904687499996 0.6498015875 0.4769345234375 0.63467261875 0.46875 0.6195436515625 0.46651785781250005 0.6108630953125 0.46825396875 0.603670634375 0.46800595312500004 0.5920138890625 0.47098214218749995 0.58407738125 0.47470238125 0.5716765875 0.4831349203125 0.565476190625 0.49007936562500004 0.5575396828125 0.5022321421875 0.5520833328125 0.5208333328125 0.5513392859375 0.5329861109375 0.5543154765625 0.5483630953125 0.5577876984375 0.5607638890625 0.5637400796875001 0.5711805562500001
1 0.6852678578125 0.5329861109375 0.6860119046875 0.534722221875 0.686755953125 0.5329861109375 0.690476190625 0.5329861109375 0.6917162703125 0.5357142859375 0.6946924609375 0.5379464281249999 0.6961805562500001 0.5322420640625001 0.6954365078125 0.513144840625 0.6941964281249999 0.505704365625 0.6917162703125 0.5042162703125 0.689980159375 0.506200396875 0.6860119046875 0.5079365078125 0.6862599203124999 0.50967261875 0.68427579375 0.5136408734375 0.68427579375 0.5292658734375 0.6852678578125 0.5329861109375
1 0.6165674609375 0.4605654765625 0.624255953125 0.46552579375 0.6356646828125 0.4672619046875 0.637648809375 0.46676587343750003 0.634920634375 0.446924603125 0.637896825 0.428571428125 0.6445932546875001 0.41493055625 0.650545634375 0.40550595312500004 0.6582341265625 0.396825396875 0.6669146828125 0.38467261875 0.66592261875 0.3797123015625 0.65947420625 0.375248015625 0.653769840625 0.3735119046875 0.6458333328125 0.3732638890625 0.643601190625 0.372519840625 0.6423611109375 0.37053571406249997 0.6361607140625 0.374255953125 0.627728175 0.3831845234375 0.6235119046875 0.389880953125 0.6163194437499999 0.3978174609375 0.6083829359374999 0.4141865078125 0.6049107140625 0.4283234125 0.6049107140625 0.4479166671875 0.6071428578125 0.4548611109375 0.612103175 0.45907738125 0.6165674609375 0.4605654765625
1 0.5870535718750001 0.43154761875 0.5890376984375 0.4283234125 0.5897817453124999 0.4154265875 0.591021825 0.40997023749999995 0.5949900796875001 0.403521825 0.597222221875 0.396329365625 0.6014384921875 0.390873015625 0.6081349203124999 0.3787202375 0.62450396875 0.3611111109375 0.6212797625 0.358630953125 0.6083829359374999 0.3571428578125 0.606646825 0.35590277812500004 0.6046626984375 0.3516865078125 0.599454365625 0.3492063484375 0.5952380953125 0.343005953125 0.5892857140625 0.343005953125 0.5855654765625 0.34424603125000003 0.57762896875 0.3487103171875 0.565972221875 0.3613591265625 0.5580357140625 0.37549603125000003 0.5538194437499999 0.390873015625 0.5540674609375 0.403769840625 0.5587797625 0.4136904765625 0.577380953125 0.42782738125 0.5870535718750001 0.43154761875
1 0.6654265875 0.48214285781250005 0.6738591265625 0.4853670640625 0.6800595234375 0.48487103125 0.68154761875 0.48239087343750003 0.6820436515625 0.474950396875 0.6820436515625 0.4548611109375 0.6862599203124999 0.4476686515625 0.6820436515625 0.4236111109375 0.6800595234375 0.4206349203125 0.6765873015625 0.42261904687499996 0.6676587296875 0.43824404687499996 0.6641865078125 0.44742063437499996 0.6602182546875001 0.4640376984375 0.6599702375 0.4675099203125 0.662450396875 0.47842261875 0.6646825390625 0.48015872968749995 0.6654265875 0.48214285781250005
1 0.3640873015625 0.42757936562500004 0.375248015625 0.440228175 0.37822420625 0.44146825468750006 0.393353175 0.4375 0.3958333328125 0.4360119046875 0.40550595312500004 0.43526785781250005 0.4072420640625 0.42881944375 0.41046627031250005 0.424851190625 0.4112103171875 0.4114583328125 0.4112103171875 0.4077380953125 0.41046627031250005 0.40625 0.40823412656249997 0.406001984375 0.40699404687499996 0.40178571406249997 0.4074900796875 0.38467261875 0.41319444375 0.3732638890625 0.4164186515625 0.3730158734375 0.428075396875 0.36805555624999997 0.43402777812500004 0.36830357187499996 0.4456845234375 0.362351190625 0.45734127031250005 0.36036706406249996 0.4779265875 0.3511904765625 0.486855159375 0.349950396875 0.4945436515625 0.346726190625 0.4987599203125 0.3477182546875 0.5012400796875001 0.353174603125 0.5069444437499999 0.35887896874999997 0.5106646828125 0.3611111109375 0.512896825 0.372023809375 0.5195932546875001 0.3772321421875 0.5205853171875 0.380704365625 0.525049603125 0.3851686515625 0.5275297625 0.3856646828125 0.533730159375 0.381200396875 0.5357142859375 0.3658234125 0.533978175 0.343501984375 0.528769840625 0.32911706406249996 0.5243055562500001 0.32366071406249997 0.5205853171875 0.3142361109375 0.515873015625 0.309523809375 0.5104166671875 0.3053075390625 0.502480159375 0.3023313484375 0.5009920640625001 0.3023313484375 0.4982638890625 0.3048115078125 0.4950396828125 0.3060515875 0.4895833328125 0.3077876984375 0.4856150796875 0.3077876984375 0.4833829359375 0.306795634375 0.4769345234375 0.30034722187499996 0.46453372968749995 0.29737103125000003 0.455605159375 0.2983630953125 0.43353174531249994 0.3072916671875 0.41344246093750003 0.3087797625 0.40178571406249997 0.3137400796875 0.3953373015625 0.32217261875 0.391369046875 0.33506944375000003 0.3886408734375 0.3365575390625 0.374751984375 0.3360615078125 0.3633432546875 0.33680555624999997 0.3606150796875 0.33779761875 0.359126984375 0.3400297625 0.3492063484375 0.343998015625 0.3477182546875 0.3457341265625 0.3452380953125 0.3529265875 0.34375 0.3645833328125 0.34325396874999997 0.3883928578125 0.3489583328125 0.40426587343750003 0.3576388890625 0.4164186515625 0.3640873015625 0.42757936562500004
1 0.6145520828125 0.34523313437500003 0.62304141875 0.3457991078125 0.6388881453125 0.35485441406249996 0.6654880953125 0.36900322343749997 0.6620922625000001 0.299956596875 0.655866815625 0.2948630953125 0.6320967265624999 0.2959950390625 0.6083263890625 0.33617782812499997 0.6077604171875 0.34127157812500003 0.6145520828125 0.34523313437500003
1 0.5432415671874999 0.342403521875 0.5624841265625 0.34523313437500003 0.579462796875 0.337309771875 0.5947435515625 0.323726934375 0.591913690625 0.30731423593749996 0.5834243546875 0.29259920625 0.5766329359375 0.27901636875 0.5641817953125 0.27052703437500003 0.54607118125 0.27392261875 0.5347522328125 0.279582340625 0.5245649796875 0.2959950390625 0.520603175 0.3124077375 0.5336202875 0.3288204359375 0.5432415671874999 0.342403521875
1 0.5602202375 0.2377016375 0.533054315625 0.2360037203125 0.519471478125 0.24675694374999999 0.49796502968749995 0.266565228125 0.49796502968749995 0.28014831406249996 0.49796502968749995 0.3016545140625 0.502492559375 0.299956596875 0.5036245046875 0.2761865078125 0.5438075390625 0.25128447343750004 0.581160465625 0.2580758921875 0.5602202375 0.2377016375
1 0.6207775296875 0.25128447343750004 0.6354923109375 0.24732266875 0.643981646875 0.23373983125 0.6485094250000001 0.222420634375 0.6468115078125 0.21619518906250001 0.6394541171875 0.18846329374999998 0.6411517859375 0.16469320468749998 0.6411517859375 0.16186334375 0.642849703125 0.144884671875 0.63662425625 0.1363953375 0.6275689484375 0.135829365625 0.6190796125 0.136961309375 0.5992710812500001 0.144884671875 0.5890838296875 0.1799739578125 0.5947435515625 0.21506324375000002 0.603798859375 0.2433611109375 0.6207775296875 0.25128447343750004
1 0.4261723703125 0.7829114578125 0.431997271875 0.782226190625 0.42206101250000005 0.7534451890625 0.40938368125 0.7500188484375 0.4015029765625 0.7174689984375 0.3847140375 0.7047916671875 0.3624432046875 0.7030783734375 0.341542659375 0.7109588296875 0.3350327375 0.7222658734375 0.33400471249999997 0.738712053125 0.3398296125 0.767835565625 0.337773809375 0.781540921875 0.324068453125 0.78805084375 0.3268095234375 0.8034692453125001 0.3295505953125 0.8137482640625 0.33468997968749997 0.812377728125 0.3374310515625 0.8072380953125 0.358331596875 0.8014134421874999 0.37683358125 0.790106646875 0.3991046625 0.787023065625 0.4261723703125 0.7829114578125
1 0.3727219734375 0.8887842265625 0.4015029765625 0.8857006453125 0.4337103171875 0.8719955359375 0.44330406718750004 0.8627442953125 0.444674603125 0.8517802578125 0.43713665625000003 0.8521227671875 0.41760664687500004 0.8555491078124999 0.3857420640625 0.8675411703125 0.36415625 0.88227430625 0.35970213281249996 0.88707118125 0.3634709828125 0.889126984375 0.3727219734375 0.8887842265625
1 0.423431546875 0.6352375984374999 0.41760664687500004 0.642775296875 0.40218824375000006 0.66470386875 0.391566715625 0.6955406749999999 0.4028735125 0.7202100687499999 0.422403521875 0.7369990078125 0.4402202375 0.736313740625 0.43473834375 0.7301463296875 0.42857093281249997 0.712329365625 0.4295987109375 0.6969109625 0.4385071921875 0.6712137890625 0.4343955859375 0.627014384375 0.431997271875 0.6290701890625 0.423431546875 0.6352375984374999
1 0.3857420640625 0.63455233125 0.37683358125 0.6544248515625 0.3713514390625 0.6688154765625 0.371694196875 0.678408978125 0.38163045625 0.6893732640625 0.3840290171875 0.683205853125 0.383686259375 0.670528521875 0.3871125984375 0.6575084328125 0.4052720734375 0.63455233125 0.40355877968750004 0.632496528125 0.3987619046875 0.6307832343750001 0.3857420640625 0.63455233125
1 0.6570825890624999 0.5908720234375 0.65633829375 0.6303132437500001 0.6585709328125 0.6742192453125 0.6645243062499999 0.6913353171875001 0.648896578125 0.708451140625 0.6429432046875 0.7315205859375 0.65484995 0.7501247515625 0.6585709328125 0.7672408234375 0.6697333828125 0.865471478125 0.6734543656249999 0.8781222718749999 0.691314484375 0.883331596875 0.7322438 0.8840756453124999 0.6987561999999999 0.575988590625 0.6749427078125 0.578965278125 0.665268353125 0.577476934375 0.6570825890624999 0.5908720234375