5 0.3060515875 0.587549603125 0.30803571406249997 0.5917658734375 0.3363095234375 0.61532738125 0.3678075390625 0.6386408734375 0.37450396874999997 0.6421130953125 0.38616071406249997 0.65029761875 0.39012896874999997 0.6542658734375 0.4114583328125 0.6698908734375 0.422123015625 0.6770833328125 0.42509920625 0.678075396875 0.4310515875 0.6832837296875 0.4513888890625 0.696924603125 0.474950396875 0.7167658734375 0.4898313484375 0.7259424609375 0.5300099203124999 0.7566964281249999 0.537450396875 0.7609126984375 0.5414186515625 0.764880953125 0.59697420625 0.8048115078125001 0.6026785718750001 0.8075396828124999 0.606894840625 0.812251984375 0.6443452375 0.8387896828124999 0.650545634375 0.8422619046875001 0.659722221875 0.849950396875 0.6651785718750001 0.853174603125 0.6681547625 0.856398809375 0.6741071421875 0.859623015625 0.6800595234375 0.8611111109375 0.6837797625 0.858630953125 0.6892361109375 0.8521825390625001 0.6979166671875 0.8325892859374999 0.6991567453124999 0.8268849203125 0.6989087296875 0.822420634375 0.6924603171875 0.8082837296875001 0.6798115078125 0.790674603125 0.6755952375 0.786954365625 0.66865079375 0.77802579375 0.6512896828125 0.7591765875 0.6331845234375 0.7420634921875 0.630704365625 0.7410714281249999 0.627480159375 0.7366071421875 0.6237599203124999 0.734126984375 0.615575396875 0.7254464281249999 0.6130952375 0.7242063484375 0.6011904765625 0.71279761875 0.56299603125 0.6810515875 0.5071924609375 0.6386408734375 0.46527777812500004 0.60987103125 0.41046627031250005 0.5766369046875 0.37400793593750004 0.5577876984375 0.3492063484375 0.547123015625 0.32911706406249996 0.5429067453124999 0.32118055624999997 0.543402778125 0.3142361109375 0.5456349203124999 0.3040674609375 0.5550595234375 0.294394840625 0.5662202375 0.29365079375 0.568204365625 0.2929067453125 0.575644840625 0.294394840625 0.578373015625 0.299355159375 0.583829365625 0.3060515875 0.587549603125
5 0.343005953125 0.5116567453124999 0.3519345234375 0.5173611109375 0.3546626984375 0.518105159375 0.3606150796875 0.5228174609375 0.3737599203125 0.5295138890625 0.384920634375 0.533730159375 0.390376984375 0.5386904765625 0.41865079375 0.5538194437499999 0.4231150796875 0.5553075390625 0.45882936562500004 0.5761408734375 0.468501984375 0.5801091265625 0.47222222187499996 0.583829365625 0.49305555625 0.59424603125 0.53075396875 0.6158234125 0.533730159375 0.6168154765625 0.5391865078125 0.6168154765625 0.5481150796875001 0.6073908734375 0.55927579375 0.5915178578125 0.559523809375 0.5897817453124999 0.5833333328125 0.5481150796875001 0.5925099203124999 0.5352182546875001 0.6014384921875 0.5171130953125 0.6054067453124999 0.5141369046875 0.606894840625 0.5084325390625 0.6168154765625 0.4952876984375 0.668898809375 0.40277777812500004 0.674603175 0.3851686515625 0.674355159375 0.38095238125 0.6364087296875 0.3616071421875 0.6341765875 0.359623015625 0.62177579375 0.356646825 0.61532738125 0.34970238125 0.606646825 0.346726190625 0.6021825390625 0.343501984375 0.5882936515625 0.3400297625 0.577876984375 0.3318452375 0.5716765875 0.3296130953125 0.5689484125 0.327380953125 0.4985119046875 0.29092261875 0.47991071406249997 0.2829861109375 0.46031746093750003 0.27232142812500004 0.4548611109375 0.2708333328125 0.4454365078125 0.27232142812500004 0.4357638890625 0.278769840625 0.4310515875 0.280505953125 0.421875 0.28794642812500004 0.41220238125 0.297619046875 0.37822420625 0.344494046875 0.37053571406249997 0.3608630953125 0.3606150796875 0.3767361109375 0.3581349203125 0.3864087296875 0.35491071406249997 0.390625 0.3387896828125 0.43154761875 0.3360615078125 0.4427083328125 0.3358134921875 0.4479166671875 0.3323412703125 0.4585813484375 0.331101190625 0.47445436562500004 0.33134920625 0.49280753906249997 0.3345734125 0.4990079359375 0.3363095234375 0.5066964281249999 0.343005953125 0.5116567453124999
5 0.6331845234375 0.6202876984375 0.6478174609375 0.643353175 0.6584821421875 0.6545138890625 0.665674603125 0.6599702375 0.674355159375 0.6649305562500001 0.6805555562500001 0.6671626984375 0.6949404765625 0.6696428578125 0.7108134921875 0.669394840625 0.7234623015625 0.6669146828125 0.731646825 0.6634424609375 0.7447916671875 0.6550099203124999 0.756200396875 0.643353175 0.7619047625 0.634424603125 0.76884920625 0.6200396828125 0.7710813484375 0.6051587296875 0.7710813484375 0.5952380953125 0.768601190625 0.5801091265625 0.764880953125 0.5706845234375 0.7581845234375 0.559523809375 0.74677579375 0.546875 0.735119046875 0.5399305562500001 0.721478175 0.534722221875 0.6981646828125 0.53075396875 0.69072420625 0.53075396875 0.6808035718750001 0.531994046875 0.6765873015625 0.533978175 0.6741071421875 0.533730159375 0.6651785718750001 0.536954365625 0.65947420625 0.5401785718750001 0.6478174609375 0.5481150796875001 0.6356646828125 0.5637400796875001 0.6302083328125 0.577876984375 0.62822420625 0.5890376984375 0.627976190625 0.59970238125 0.6302083328125 0.6158234125 0.6321924609375 0.6173115078125 0.6331845234375 0.6202876984375
5 0.18774801562500001 0.38095238125 0.1929563484375 0.384920634375 0.1956845234375 0.39012896874999997 0.1956845234375 0.3926091265625 0.197420634375 0.396329365625 0.20386904687500002 0.40401785781250005 0.2108134921875 0.40997023749999995 0.2165178578125 0.4169146828125 0.22073412656250002 0.42410714218749995 0.231398809375 0.43526785781250005 0.243799603125 0.4424603171875 0.2519841265625 0.4451884921875 0.281001984375 0.4476686515625 0.294146825 0.44618055625 0.2991071421875 0.4454365078125 0.3112599203125 0.44072420625 0.31299603125000003 0.4389880953125 0.3226686515625 0.4360119046875 0.325396825 0.43179563437499996 0.33159722187499996 0.4293154765625 0.3358134921875 0.42633928593750003 0.341269840625 0.4203869046875 0.3477182546875 0.40203372968749995 0.3551587296875 0.3841765875 0.3576388890625 0.380704365625 0.358630953125 0.3767361109375 0.359623015625 0.36904761875 0.35838293593750004 0.36607142812500004 0.3581349203125 0.3613591265625 0.35590277812500004 0.3578869046875 0.3554067453125 0.3454861109375 0.35243055624999997 0.3298611109375 0.346478175 0.318204365625 0.341021825 0.2986111109375 0.3360615078125 0.2896825390625 0.3303571421875 0.28174603125000003 0.322420634375 0.2748015875 0.310019840625 0.2673611109375 0.3020833328125 0.2641369046875 0.281498015625 0.2591765875 0.26240079375 0.25967261875 0.2522321421875 0.26116071406249997 0.23759920625 0.264880953125 0.2199900796875 0.271825396875 0.21378968281250002 0.27529761875 0.2110615078125 0.278521825 0.202876984375 0.2829861109375 0.193700396875 0.29092261875 0.18154761875 0.306299603125 0.17435515937499999 0.321924603125 0.17113095312499998 0.33705357187499996 0.17162698437499999 0.3501984125 0.1765873015625 0.365079365625 0.1820436515625 0.374255953125 0.18774801562500001 0.38095238125
0 0.7199900796875001 0.3301091265625 0.7239583328125 0.3206845234375 0.7296626984375 0.3023313484375 0.7299107140625 0.296626984375 0.71552579375 0.2921626984375 0.713045634375 0.2931547625 0.7100694437499999 0.2983630953125 0.703125 0.321924603125 0.702876984375 0.3261408734375 0.706597221875 0.3296130953125 0.7175099203124999 0.33159722187499996 0.7199900796875001 0.3301091265625
0 0.3841765875 0.334325396875 0.38715277812500004 0.3320932546875 0.39112103125000003 0.32465277812500004 0.396329365625 0.31944444375000003 0.3985615078125 0.3144841265625 0.388144840625 0.30654761875 0.381200396875 0.303075396875 0.3635912703125 0.3177083328125 0.3635912703125 0.31944444375000003 0.3658234125 0.322420634375 0.3802083328125 0.33258928593750003 0.3841765875 0.334325396875
0 0.6540178578125 0.5424107140625 0.6607142859375 0.5384424609375 0.662450396875 0.5362103171875 0.665674603125 0.5364583328125 0.6768353171875 0.531994046875 0.6954365078125 0.5300099203124999 0.7229662703125 0.533730159375 0.7299107140625 0.536954365625 0.7413194437499999 0.5404265875 0.7447916671875 0.544146825 0.747519840625 0.544146825 0.75049603125 0.5416666671875 0.7581845234375 0.5295138890625 0.7591765875 0.5262896828125 0.7586805562500001 0.52157738125 0.7566964281249999 0.5146329359374999 0.7517361109375 0.5049603171875 0.7398313484375 0.4890873015625 0.73387896875 0.4828869046875 0.7306547625 0.477678571875 0.7237103171875 0.4699900796875 0.71924603125 0.4670138890625 0.7016369046875 0.4454365078125 0.696924603125 0.44146825468750006 0.6941964281249999 0.435019840625 0.6884920640625001 0.43353174531249994 0.6480654765625 0.44072420625 0.6396329359374999 0.4543650796875 0.6383928578125 0.45907738125 0.6351686515625 0.462549603125 0.6302083328125 0.47321428593750003 0.6297123015625 0.47470238125 0.6316964281249999 0.48214285781250005 0.6507936515625 0.5421626984375 0.6540178578125 0.5424107140625
0 0.7135416671875 0.40203372968749995 0.7251984125 0.41493055625 0.734375 0.428571428125 0.7383432546875001 0.4325396828125 0.7435515875 0.440228175 0.749255953125 0.4456845234375 0.756200396875 0.455605159375 0.762152778125 0.46155753906249997 0.765625 0.46304563437499996 0.7700892859375 0.4672619046875 0.7797619046875 0.4737103171875 0.7824900796875001 0.4742063484375 0.7854662703125 0.47296627031250005 0.789806546875 0.4673859125 0.8234126984374999 0.435019840625 0.828125 0.4283234125 0.8263888890625 0.42385912656249997 0.8147321421875 0.41468253906249997 0.80927579375 0.4117063484375 0.75049603125 0.36805555624999997 0.7209821421875 0.34821428593750003 0.718005953125 0.34722222187499996 0.7095734125 0.35044642812500004 0.690972221875 0.360119046875 0.6860119046875 0.3640873015625 0.68700396875 0.36805555624999997 0.6914682546875001 0.374255953125 0.7013888890625 0.3856646828125 0.7135416671875 0.40203372968749995
0 0.2018849203125 0.6386408734375 0.2110615078125 0.6423611109375 0.21701388906250002 0.64657738125 0.24305555625 0.6607142859375 0.24950396874999997 0.6639384921875 0.252728175 0.6636904765625 0.2581845234375 0.6602182546875001 0.25967261875 0.6579861109375 0.2616567453125 0.6498015875 0.2671130953125 0.646329365625 0.2673611109375 0.6421130953125 0.271825396875 0.6269841265625 0.2797619046875 0.606646825 0.2876984125 0.578373015625 0.29017857187499996 0.575396825 0.2929067453125 0.56572420625 0.297619046875 0.556795634375 0.30009920625 0.5543154765625 0.30282738125 0.5491071421875 0.306299603125 0.54637896875 0.3077876984375 0.5429067453124999 0.309523809375 0.5416666671875 0.3137400796875 0.54365079375 0.3177083328125 0.5401785718750001 0.3263888890625 0.5367063484375 0.33134920625 0.531994046875 0.3353174609375 0.53174603125 0.3373015875 0.5332341265625 0.3400297625 0.531498015625 0.346230159375 0.52529761875 0.34697420625 0.521825396875 0.346230159375 0.5173611109375 0.3417658734375 0.51612103125 0.337549603125 0.513144840625 0.33407738125 0.5084325390625 0.33134920625 0.5071924609375 0.328869046875 0.5081845234375 0.327380953125 0.5049603171875 0.32862103125000003 0.5014880953125 0.325644840625 0.5022321421875 0.3234126984375 0.500744046875 0.3142361109375 0.4982638890625 0.30580357187499996 0.49305555625 0.2703373015625 0.4779265875 0.2633928578125 0.47718253906249997 0.246527778125 0.4796626984375 0.203373015625 0.49007936562500004 0.1966765875 0.4925595234375 0.193700396875 0.4950396828125 0.1894841265625 0.5079365078125 0.18501984062500001 0.528521825 0.18303571406250002 0.5332341265625 0.1639384921875 0.6103670640625001 0.1639384921875 0.6163194437499999 0.1703869046875 0.6212797625 0.1731150796875 0.622023809375 0.2018849203125 0.6386408734375
0 0.3296130953125 0.4920634921875 0.3293650796875 0.4734623015625 0.32862103125000003 0.4704861109375 0.3266369046875 0.468998015625 0.3196924609375 0.466269840625 0.3167162703125 0.46676587343750003 0.3072916671875 0.48015872968749995 0.3070436515625 0.4826388890625 0.30803571406249997 0.484126984375 0.328869046875 0.49404761875 0.3296130953125 0.4920634921875
0 0.3303571421875 0.46155753906249997 0.33159722187499996 0.459325396875 0.3328373015625 0.44915674531249994 0.3363095234375 0.43948412656249997 0.3360615078125 0.437251984375 0.33407738125 0.43700396875 0.33134920625 0.43824404687499996 0.3177083328125 0.450396825 0.3179563484375 0.45386904687499996 0.3199404765625 0.45684523749999995 0.328373015625 0.4623015875 0.3303571421875 0.46155753906249997
0 0.677242559375 0.3845595234375 0.6747209828125 0.39061160781250004 0.6724513890625 0.3994375 0.7357460312499999 0.48240153750000003 0.874751984375 0.66497271875 0.874751984375 0.6110084328125 0.621523065625 0.28470014843749997 0.603619046875 0.2963000984375 0.60059300625 0.305882440625 0.644712796875 0.3636294640625 0.67799925625 0.37951612031250004 0.677242559375 0.3845595234375
0 0.64042584375 0.35883829375 0.6361388890625 0.3507688484375 0.6313477187500001 0.347490575 0.613695684375 0.3376560015625 0.6033568953125 0.331855903125 0.601339534375 0.334377728125 0.5090451390624999 0.2872219734375 0.5017321421875 0.29302182499999996 0.6442083328125 0.363881696875 0.64042584375 0.35883829375
0 0.5766267359375 0.317230159375 0.592765625 0.32832564531249997 0.6048697921875 0.3310994546875 0.6308432546875 0.3467341265625 0.6005828375 0.30638690468749996 0.6031046625 0.2960478671875 0.6121827875 0.28949131875 0.590244046875 0.2678048109375 0.561496528125 0.2852046125 0.560235615625 0.29806522812499997 0.5662876984375 0.306134671875 0.5766267359375 0.317230159375