3 0.618435515625 0.23750347187499998 0.6332118062500001 0.246616815625 0.654266865625 0.2953263890625 0.6976341765625 0.2902983625 0.7073759921875 0.2953263890625 0.715232390625 0.3041254953125 0.796938740625 0.3031827875 0.79851016875 0.29784052656250004 0.8179940468750001 0.2997259421875 0.8327638890625 0.2953263890625 0.9088137406250001 0.30035441406249996 0.9172986109375 0.29406944375 0.9273549109375001 0.2808705359375 0.9370967265625 0.2705002484375 0.950923859375 0.250387896875 0.9660081843749999 0.24001736093749998 0.9754357640625001 0.22964707343750002 0.9996334328125001 0.229961309375 0.999751984375 0.1253142359375 0.5992849703124999 0.125 0.59205704375 0.1268854171875 0.5976946921875 0.23121825468749999 0.617178571875 0.23498933593750002 0.618435515625 0.23750347187499998
3 0.61842881875 0.30227008906249997 0.601444940625 0.303331596875 0.6025062 0.32604761875 0.6247978671875 0.32286334375000003 0.61842881875 0.30227008906249997
3 0.71417584375 0.3018454859375 0.699102678125 0.292716765625 0.6555811015625 0.29802430625 0.6640731640624999 0.31819270781250003 0.7131143359375 0.3135220734375 0.71417584375 0.3018454859375
3 0 0.874751984375 0.37158928593749996 0.874751984375 0.3793306046875 0.8144184031249999 0.39266319375 0.747755953125 0.34105357187499996 0.4368080359375 0.338472965625 0.43551785781249996 0.292884425 0.48239657812500003 0.324710565625 0.401971478125 0.326430803125 0.390359375 0.0434379953125 0.42218526718750005 0 0.44799007968750004 0.00043005937499999996 0.5701329359375 0.010321925 0.5701329359375 0.017203125 0.574003471875 0.0365567953125 0.636365328125 0.0339764390625 0.6436765875 0 0.648407490625 0 0.874751984375
3 0.3276485609375 0.4047366078125 0.38612475156250003 0.4122142859375 0.3769474203125 0.37414558593749997 0.37456820468749996 0.36836731093749997 0.3735483625 0.3612294140625 0.3769474203125 0.3608896328125 0.35791319375 0.23682663750000002 0.355873759375 0.2327477671875 0.35349454375 0.2228908734375 0.2926525296875 0.22527008906249998 0.14921552656249998 0.24124528750000002 0.18830381875 0.4054161703125 0.3262889390625 0.38706175625 0.329347965625 0.39216021875 0.3276485609375 0.4047366078125
3 0.3519015375 0.49782142812499997 0.392994046875 0.658829365625 0.42549454375 0.6924506453125 0.45650074375000005 0.7260716765625 0.4721904765625 0.7552100687500001 0.477046875 0.7548365578125 0.4729377484375 0.7406408734375 0.5756691468749999 0.713744046875 0.5794047625000001 0.7092611609375 0.5835138890625 0.701042659375 0.588744046875 0.6909563484375 0.6055545640625 0.67563988125 0.60368675625 0.6270761406250001 0.6006981640625 0.6270761406250001 0.588744046875 0.6244610609375 0.5741748515625 0.6102653765625 0.5625942453125 0.596443453125 0.5592321421875 0.5785121531249999 0.5599791671875 0.56394295625 0.578564484375 0.52016319375 0.565329365625 0.45067881875 0.56060243125 0.404355903125 0.5591842765624999 0.39868353125 0.539804315625 0.39868353125 0.5081346718749999 0.4019923109375 0.485918403125 0.41286408750000003 0.48402777812500003 0.42042708281249996 0.483555059375 0.4289352671875 0.47410143906249996 0.43366220312500003 0.46322966250000003 0.4298807046875 0.46275694375 0.4109734625 0.41879737031250003 0.41900892812499996 0.4230515875 0.4492606640625 0.432032490625 0.45351488125 0.4358139875 0.45067881875 0.44337698437500006 0.44122519843749997 0.4537760421875 0.43791641875 0.4613390375 0.444061259375 0.4665384421875 0.5022013890625 0.469847221875 0.50740079375 0.48119171562499996 0.513545634375 0.49159077343749996 0.5423794640625 0.49442683593750003 0.5499422125 0.4925359625 0.561759425 0.4414861109375 0.5735763890625 0.40508953437499995 0.41522767812500005 0.3270969734375 0.40530109062499997 0.33434375 0.4343147328125 0.3399474203125 0.4331939484375 0.3519015375 0.49782142812499997
3 0.37370089218749997 0.362081596875 0.3749141859375 0.36790575468750003 0.37879687500000003 0.37106026718749996 0.3843782234375 0.41158506875 0.389959325 0.4120701890625 0.383407490625 0.38367881875 0.40597519843749996 0.41304092187499997 0.41835094218749996 0.4123129953125 0.4202921625 0.41279836249999996 0.4651850203125 0.40527579375 0.4778033234375 0.3873187 0.4996431046875 0.37736954375 0.5263360609375 0.37130282812500004 0.5481755953125 0.36911904687499997 0.5578821921875 0.36911904687499997 0.556426090625 0.35091914687500003 0.5593380453125001 0.34582341250000004 0.5639486609375 0.34242609062499996 0.564434028125 0.33951413750000003 0.5627353671875001 0.33271949375 0.4496545140625 0.3506765875 0.44747048593749994 0.32859424531250003 0.3902021328125 0.36014037656250003 0.37370089218749997 0.362081596875
3 0.8305791171875001 0.4608442453125 0.8319171624999999 0.47924206406250003 0.8386071421875 0.4795766375 0.9078499499999999 0.484259671875 0.938290178125 0.4779040171875 0.952673859375 0.5023231640625 0.95367733125 0.50934771875 0.932269096875 0.50867881875 0.915209078125 0.514365328125 0.886441715625 0.512023809375 0.861019096875 0.516372271875 0.8402797625 0.5187137890625 0.8359313 0.55283358125 0.8091706343749999 0.655861359375 0.781072171875 0.748519840625 0.7703680562499999 0.7930091765625 0.739258928125 0.874751984375 0.9991703875000001 0.874751984375 0.999751984375 0.40966493125000003 0.9192232140625001 0.40966493125000003 0.9148747515625001 0.4073234125 0.9098571421875 0.40230580312499997 0.8914593249999999 0.39360863125 0.8315825890624999 0.39896056562500004 0.83358978125 0.4103338296875 0.8319171624999999 0.43943601250000003 0.8305791171875001 0.4608442453125
3 0.6663365578125 0.4103338296875 0.65061483125 0.411671875 0.6335548109375 0.4086612109375 0.5770233140625 0.3992951390625 0.58940005 0.44110838281250003 0.6034494046875001 0.5652103171875 0.600438740625 0.5665483625000001 0.593748759375 0.5642068453125 0.5857204859375 0.47422445468749996 0.5830443953125 0.4675344734375 0.5726748515625 0.4477986109375 0.5713368062499999 0.412341021875 0.5673226687499999 0.39795709375 0.560632440625 0.396619046875 0.560298115625 0.408326884375 0.5619704859375 0.421037946875 0.5679915671875 0.4220416671875 0.5676572421875 0.428397321875 0.563977678125 0.430404265625 0.5927450390625 0.604012896875 0.6342239578125 0.6070235609375 0.6375689484375 0.62073834375 0.6402450390625 0.73580853125 0.6275337296875 0.707040921875 0.6208437499999999 0.7137311515625 0.6121465781250001 0.7307909218749999 0.61315005 0.764576140625 0.6215126484375 0.8274632937499999 0.63121329375 0.8722869546875 0.7141708828125 0.874751984375 0.7218645828125 0.8666004468749999 0.729558284375 0.84719915625 0.7462834828125 0.791001984375 0.8245580359375 0.5177103171875 0.81050868125 0.5183794640625 0.7804032734375 0.52138988125 0.76233978125 0.5173759921875 0.74260391875 0.5157033734375001 0.724540675 0.4675344734375 0.727551090625 0.4658618546875 0.7643469734375 0.4635203375 0.789434771875 0.4568303578125 0.8222165171875 0.4511436015625 0.8252269343749999 0.444787946875 0.82623040625 0.4334146828125 0.8272341265625001 0.4160205859375 0.8248926093750001 0.40197122968750004 0.82188194375 0.40130208281249996 0.8222165171875 0.3762142859375 0.7870932546875 0.372869046875 0.7884313 0.3681860125 0.7901039187500001 0.3591545140625 0.7897693453125 0.3534677578125 0.7860897812500001 0.3464432046875 0.78241021875 0.3424290671875 0.7740476187499999 0.3380806046875 0.7643469734375 0.34008755 0.7700334828125001 0.3404221234375 0.77839608125 0.34343253906250004 0.7820756453125 0.34610863125 0.7847517359375 0.3517951390625 0.7847517359375 0.36116145781250003 0.7807375984375 0.3711966765625 0.772375 0.3765486109375 0.7633432546875001 0.3762142859375 0.6981145828125 0.40297470312500006 0.694100446875 0.404647321875 0.6817237109375001 0.4093303578125 0.6663365578125 0.4103338296875
3 0.5623050593750001 0.3444360125 0.55728745 0.354805803125 0.560632440625 0.3604923109375 0.5666537703125 0.3678516859375 0.58271006875 0.369189484375 0.64726959375 0.37989384843749996 0.6606498015625 0.3812318953125 0.6683435015625 0.3788903765625 0.6840654765624999 0.37253472187500003 0.7054737109375 0.360826884375 0.7044702375 0.36216493125000004 0.763008928125 0.34109102187499996 0.767357390625 0.3394186515625 0.7747165171875 0.3374114578125 0.7800687 0.3404221234375 0.8101741078125 0.3424290671875 0.7967938984375 0.315334078125 0.7740476187499999 0.3066369046875 0.6623224203125 0.3200171125 0.6288717765625 0.2447532234375 0.60712896875 0.2343834328125 0.5997698406249999 0.2343834328125 0.5930796125 0.23839756875 0.6265302578124999 0.32336235156250004 0.5673226687499999 0.33005233125 0.5649811515625001 0.335069940625 0.5653157234374999 0.3380806046875 0.5623050593750001 0.3444360125
3 0.258092509375 0.182852678125 0.13216319375000002 0.195071428125 0.18403125 0.40129613124999997 0.1870235609375 0.401046875 0.1476240078125 0.240455853125 0.2668201890625 0.22773834375000002 0.258092509375 0.182852678125