1 0.5074404765625 0.3139880953125 0.51612103125 0.3229166671875 0.5275297625 0.3318452375 0.531001984375 0.3333333328125 0.5349702375 0.3382936515625 0.5376984125 0.34325396874999997 0.5379464281249999 0.3457341265625 0.541170634375 0.349950396875 0.5580357140625 0.362103175 0.5605158734375 0.365079365625 0.56572420625 0.3675595234375 0.568700396875 0.3710317453125 0.5803571421875 0.3787202375 0.5830853171875 0.377480159375 0.5863095234375 0.37847222187499996 0.5890376984375 0.3769841265625 0.5922619046875 0.3772321421875 0.5987103171875 0.3727678578125 0.605902778125 0.3576388890625 0.605902778125 0.3511904765625 0.609375 0.3385416671875 0.61259920625 0.33159722187499996 0.61532738125 0.3268849203125 0.6185515875 0.325644840625 0.6267361109375 0.3162202375 0.6334325390625 0.3060515875 0.6361607140625 0.3033234125 0.6391369046875 0.302579365625 0.6393849203124999 0.2983630953125 0.643105159375 0.29340277812500004 0.64384920625 0.290674603125 0.6423611109375 0.2829861109375 0.6383928578125 0.2757936515625 0.6272321421875 0.262896825 0.615575396875 0.2514880953125 0.593005953125 0.234375 0.587549603125 0.2321428578125 0.5803571421875 0.22743055625 0.5714285718750001 0.22445436562499999 0.565972221875 0.224950396875 0.5607638890625 0.22743055625 0.559027778125 0.23115079375 0.5535714281249999 0.2353670640625 0.5520833328125 0.2385912703125 0.5481150796875001 0.2423115078125 0.547123015625 0.24503968281250002 0.5424107140625 0.24801587343749998 0.5349702375 0.25694444375000003 0.5332341265625 0.26116071406249997 0.5238095234375 0.265625 0.518353175 0.2735615078125 0.512896825 0.275049603125 0.50049603125 0.2827380953125 0.4987599203125 0.286954365625 0.4945436515625 0.2904265875 0.4923115078125 0.293898809375 0.4923115078125 0.299603175 0.4985119046875 0.30902777812500004 0.5012400796875001 0.3112599203125 0.5074404765625 0.3139880953125
1 0.65029761875 0.3556547625 0.6582341265625 0.3573908734375 0.6741071421875 0.358630953125 0.7328869046875 0.3613591265625 0.750248015625 0.3578869046875 0.75595238125 0.3551587296875 0.7584325390625 0.35044642812500004 0.759424603125 0.3449900796875 0.7571924609375 0.3297619046875 0.7574404765625 0.2601686515625 0.7564484125 0.23511904687500002 0.756200396875 0.23387896874999997 0.7519841265625 0.2304067453125 0.750744046875 0.22743055625 0.753472221875 0.2264384921875 0.7542162703125 0.22445436562499999 0.74950396875 0.22073412656250002 0.7445436515625 0.2197420640625 0.7388392859375 0.215773809375 0.7299107140625 0.2132936515625 0.71552579375 0.21130952343749998 0.6914682546875001 0.2123015875 0.6765873015625 0.21626984062500001 0.668402778125 0.22048611093749998 0.6626984125 0.224950396875 0.65625 0.23239087343749998 0.6542658734375 0.23611111093749998 0.6512896828125 0.2477678578125 0.6490575390625 0.28075396874999997 0.646329365625 0.291170634375 0.6445932546875001 0.296130953125 0.64012896875 0.2988591265625 0.6391369046875 0.30381944375000003 0.6354166671875 0.30654761875 0.63467261875 0.3102678578125 0.630704365625 0.313244046875 0.6299603171875 0.315476190625 0.627480159375 0.337549603125 0.6304563484375 0.3454861109375 0.6336805562500001 0.3492063484375 0.65029761875 0.3556547625
1 0.27678571406249997 0.3573908734375 0.2859623015625 0.3608630953125 0.2904265875 0.36607142812500004 0.3172123015625 0.3787202375 0.3199404765625 0.3814484125 0.328125 0.38467261875 0.34052579375 0.3864087296875 0.346726190625 0.384920634375 0.3492063484375 0.3826884921875 0.3551587296875 0.380704365625 0.356398809375 0.37599206406249996 0.35838293593750004 0.3737599203125 0.3608630953125 0.3730158734375 0.3611111109375 0.36904761875 0.3645833328125 0.36532738125 0.36607142812500004 0.360119046875 0.3735119046875 0.3501984125 0.375744046875 0.3457341265625 0.3856646828125 0.33779761875 0.390376984375 0.3365575390625 0.3921130953125 0.33506944375000003 0.3978174609375 0.3234126984375 0.40401785781250005 0.3144841265625 0.4045138890625 0.3102678578125 0.40178571406249997 0.3023313484375 0.40054563437499996 0.30282738125 0.39955357187499996 0.3053075390625 0.3983134921875 0.3053075390625 0.39112103125000003 0.299355159375 0.390376984375 0.29786706406249996 0.39161706406249996 0.296130953125 0.3958333328125 0.2953869046875 0.3960813484375 0.2946428578125 0.37450396874999997 0.2790178578125 0.34970238125 0.2636408734375 0.3385416671875 0.25967261875 0.33258928593750003 0.2554563484375 0.325644840625 0.25347222187499996 0.32217261875 0.2539682546875 0.3110119046875 0.24751984062500001 0.3050595234375 0.24677579375 0.2991071421875 0.25446428593750003 0.28819444375000003 0.275049603125 0.286954365625 0.2790178578125 0.2894345234375 0.2827380953125 0.2889384921875 0.291170634375 0.28224206406249996 0.3048115078125 0.2797619046875 0.3070436515625 0.275049603125 0.318700396875 0.2720734125 0.32118055624999997 0.2705853171875 0.33407738125 0.2693452375 0.3373015875 0.26909722187499996 0.3420138890625 0.2708333328125 0.35044642812500004 0.27455357187499996 0.353670634375 0.27678571406249997 0.3573908734375
1 0.2145337296875 0.43948412656249997 0.22048611093749998 0.44171627031250005 0.2289186515625 0.44320436562500004 0.2306547625 0.4424603171875 0.246527778125 0.4427083328125 0.259424603125 0.44171627031250005 0.29737103125000003 0.44171627031250005 0.318204365625 0.43948412656249997 0.325396825 0.4375 0.328125 0.435019840625 0.32911706406249996 0.4325396828125 0.3323412703125 0.431299603125 0.3345734125 0.42782738125 0.33482142812500004 0.41071428593750003 0.3318452375 0.3883928578125 0.328869046875 0.38715277812500004 0.325148809375 0.38715277812500004 0.3226686515625 0.3851686515625 0.31944444375000003 0.3851686515625 0.31696428593750003 0.380704365625 0.3137400796875 0.377728175 0.3087797625 0.3769841265625 0.3050595234375 0.3730158734375 0.3020833328125 0.372519840625 0.2986111109375 0.3700396828125 0.29017857187499996 0.3668154765625 0.287450396875 0.3635912703125 0.275049603125 0.3571428578125 0.27008928593750003 0.3551587296875 0.265873015625 0.3551587296875 0.252728175 0.349454365625 0.246527778125 0.3484623015625 0.230902778125 0.349454365625 0.222222221875 0.3521825390625 0.21378968281250002 0.3571428578125 0.2053571421875 0.365575396875 0.2008928578125 0.372519840625 0.19618055625 0.3926091265625 0.19593253906250002 0.40426587343750003 0.2021329359375 0.4236111109375 0.2053571421875 0.4293154765625 0.2145337296875 0.43948412656249997
1 0.1480654765625 0.3060515875 0.1507936515625 0.3102678578125 0.1480654765625 0.3142361109375 0.1488095234375 0.31944444375000003 0.1480654765625 0.3216765875 0.1485615078125 0.33779761875 0.14781746093749998 0.3420138890625 0.1485615078125 0.346230159375 0.14781746093749998 0.34970238125 0.14930555625 0.35342261875 0.14905753906250002 0.3573908734375 0.15376984062500001 0.3633432546875 0.1614583328125 0.365079365625 0.20064484062500001 0.36607142812500004 0.20510912656250002 0.36383928593750003 0.2085813484375 0.359623015625 0.2175099203125 0.3529265875 0.22867063437500001 0.3484623015625 0.24255952343749998 0.3454861109375 0.246527778125 0.338045634375 0.24950396874999997 0.31845238125 0.252480159375 0.3060515875 0.2537202375 0.2800099203125 0.2519841265625 0.27529761875 0.240575396875 0.2703373015625 0.2296626984375 0.2673611109375 0.1994047625 0.26463293593750004 0.1760912703125 0.2604166671875 0.1641865078125 0.259920634375 0.14657738125 0.2614087296875 0.14310515937499999 0.263144840625 0.14112103125 0.26661706406249996 0.14112103125 0.286954365625 0.143353175 0.29092261875 0.14384920625 0.2946428578125 0.1480654765625 0.3060515875
1 0.1577380953125 0.6369047625 0.1765873015625 0.637648809375 0.196428571875 0.6351686515625 0.2232142859375 0.63467261875 0.240575396875 0.631200396875 0.2435515875 0.627480159375 0.2445436515625 0.6235119046875 0.243799603125 0.58779761875 0.2423115078125 0.583829365625 0.2388392859375 0.580605159375 0.2380952375 0.5766369046875 0.23363095312499998 0.568204365625 0.2321428578125 0.55654761875 0.22445436562499999 0.5540674609375 0.20486111093749998 0.5548115078125 0.16865079375 0.5543154765625 0.1644345234375 0.5560515875 0.1612103171875 0.5709325390625 0.1582341265625 0.577876984375 0.150545634375 0.5850694437499999 0.1485615078125 0.605034721875 0.14310515937499999 0.6185515875 0.14236111093749998 0.6264880953125 0.14310515937499999 0.6314484125 0.1470734125 0.634424603125 0.1577380953125 0.6369047625
1 0.29786706406249996 0.6852678578125 0.3023313484375 0.688244046875 0.3077876984375 0.6939484125 0.3164682546875 0.6966765875 0.3206845234375 0.696924603125 0.325148809375 0.6956845234375 0.340773809375 0.6966765875 0.346478175 0.6956845234375 0.3477182546875 0.696924603125 0.346478175 0.7013888890625 0.3519345234375 0.7048611109375 0.35838293593750004 0.70634920625 0.3640873015625 0.7043650796875001 0.3648313484375 0.702380953125 0.36830357187499996 0.703125 0.36805555624999997 0.705605159375 0.372023809375 0.708829365625 0.381200396875 0.7100694437499999 0.3826884921875 0.706597221875 0.39012896874999997 0.7043650796875001 0.3983134921875 0.708829365625 0.4012896828125 0.7053571421875 0.4079861109375 0.70634920625 0.4164186515625 0.7048611109375 0.41493055625 0.70262896875 0.4171626984375 0.6966765875 0.4206349203125 0.6961805562500001 0.424355159375 0.69717261875 0.42782738125 0.69990079375 0.430803571875 0.6989087296875 0.43526785781250005 0.690476190625 0.4389880953125 0.6785714281249999 0.440228175 0.6701388890625 0.439980159375 0.6646825390625 0.44122023749999995 0.66220238125 0.4389880953125 0.6552579359374999 0.44072420625 0.6517857140625 0.45758928593750003 0.6520337296875 0.462053571875 0.650049603125 0.46924603125 0.6488095234375 0.4765625 0.643353175 0.48065476250000005 0.6445932546875001 0.48387896875 0.644097221875 0.48635912656249997 0.6421130953125 0.48784722187499996 0.6386408734375 0.4898313484375 0.63095238125 0.49007936562500004 0.6232638890625 0.48809523749999995 0.6071428578125 0.4779265875 0.571924603125 0.47296627031250005 0.5637400796875001 0.46304563437499996 0.5550595234375 0.45907738125 0.552579365625 0.4546130953125 0.5520833328125 0.4518849203125 0.5543154765625 0.444196428125 0.5550595234375 0.4166666671875 0.564980159375 0.3990575390625 0.5486111109375 0.3891369046875 0.543898809375 0.3854166671875 0.54092261875 0.3769841265625 0.5386904765625 0.36904761875 0.5401785718750001 0.3516865078125 0.547123015625 0.344494046875 0.5483630953125 0.3293650796875 0.556299603125 0.31944444375000003 0.5677083328125 0.3142361109375 0.5763888890625 0.306795634375 0.5957341265625 0.30555555624999997 0.6014384921875 0.2904265875 0.608630953125 0.2884424609375 0.6113591265625 0.284226190625 0.61904761875 0.281994046875 0.6269841265625 0.28174603125000003 0.6324404765625 0.281498015625 0.6423611109375 0.2827380953125 0.6542658734375 0.29017857187499996 0.6731150796875001 0.29786706406249996 0.6852678578125
1 0.59375 0.924851190625 0.593005953125 0.935019840625 0.5900297625 0.9394841265625 0.5900297625 0.9461805562500001 0.5920138890625 0.958829365625 0.6006944437499999 0.971726190625 0.612847221875 0.9823908734375 0.627728175 0.987103175 0.656498015625 0.9880952375 0.662450396875 0.986855159375 0.668898809375 0.9826388890625 0.671626984375 0.9771825390625001 0.674851190625 0.9667658734375 0.681299603125 0.943204365625 0.6820436515625 0.9365079359375 0.6857638890625 0.9290674609374999 0.6875 0.927579365625 0.688244046875 0.924851190625 0.6892361109375 0.9238591265625 0.6917162703125 0.924603175 0.6949404765625 0.9203869046875001 0.6976686515625 0.9198908734375 0.700644840625 0.916170634375 0.7008928578125 0.909226190625 0.70362103125 0.905505953125 0.7075892859375 0.8886408734375 0.7046130953125 0.8866567453125 0.70362103125 0.884424603125 0.6852678578125 0.8834325390625001 0.6810515875 0.8861607140625001 0.6770833328125 0.8854166671874999 0.6741071421875 0.8831845234375001 0.6617063484375 0.878472221875 0.6450892859375 0.8759920640625 0.6168154765625 0.874751984375 0.6054067453124999 0.8727678578125 0.6039186515625 0.8707837296875001 0.5982142859375 0.8695436515624999 0.5922619046875 0.8712797625 0.590773809375 0.880704365625 0.594494046875 0.89657738125 0.59697420625 0.900049603125 0.5974702375 0.9050099203125 0.59375 0.924851190625
1 0.4947916671875 0.9042658734375 0.4925595234375 0.90575396875 0.4925595234375 0.90947420625 0.4950396828125 0.9196428578125 0.5009920640625001 0.9352678578125 0.5049603171875 0.937748015625 0.50967261875 0.944568453125 0.5101686515625 0.9637896828124999 0.51240079375 0.974454365625 0.5146329359374999 0.9769345234375001 0.5173611109375 0.9826388890625 0.5248015875 0.9883432546875 0.5295138890625 0.99032738125 0.5364583328125 0.9918154765624999 0.5453869046875 0.9920634921874999 0.552579365625 0.990079365625 0.5669642859375 0.9821428578125 0.5716765875 0.974454365625 0.5736607140625 0.9640376984374999 0.5734126984375 0.943204365625 0.577876984375 0.9387400796875 0.5803571421875 0.93799603125 0.58407738125 0.935019840625 0.58779761875 0.92782738125 0.58779761875 0.9238591265625 0.59052579375 0.9198908734375 0.5925099203124999 0.911954365625 0.5927579359374999 0.900545634375 0.5855654765625 0.880704365625 0.5830853171875 0.87822420625 0.5820932546875001 0.8732638890625 0.574652778125 0.8673115078125001 0.571924603125 0.8665674609374999 0.5386904765625 0.862351190625 0.527777778125 0.8578869046875001 0.5240575390625 0.85887896875 0.5066964281249999 0.85887896875 0.5042162703125 0.8581349203125 0.50049603125 0.85887896875 0.4985119046875 0.8608630953124999 0.49776785781250005 0.8799603171875001 0.4947916671875 0.8921130953124999 0.49627976250000005 0.9015376984374999 0.4947916671875 0.9042658734375
1 0.15525793593749998 0.8420138890625 0.158978175 0.846230159375 0.1612103171875 0.8578869046875001 0.16319444375 0.8603670640625 0.17261904687500002 0.881200396875 0.17534722187500001 0.8834325390625001 0.1832837296875 0.8970734125 0.1875 0.8998015875 0.19097222187500001 0.9047619046875001 0.19990079375 0.9072420640625 0.20833333281250002 0.9129464281249999 0.228174603125 0.9198908734375 0.23933531718749998 0.921130953125 0.2795138890625 0.921875 0.286954365625 0.9198908734375 0.2916666671875 0.9164186515624999 0.297123015625 0.9079861109375 0.3072916671875 0.8834325390625001 0.31200396874999997 0.877728175 0.3137400796875 0.8710317453125 0.32862103125000003 0.846478175 0.330605159375 0.840773809375 0.330853175 0.83779761875 0.32862103125000003 0.8355654765624999 0.31597222187499996 0.833829365625 0.3107638890625 0.831101190625 0.299355159375 0.830853175 0.2931547625 0.8328373015625001 0.28819444375000003 0.8296130953124999 0.2730654765625 0.827876984375 0.2698412703125 0.8266369046875001 0.2636408734375 0.8268849203125 0.2606646828125 0.8296130953124999 0.2571924609375 0.8261408734375 0.2552083328125 0.8258928578125 0.20039682499999997 0.8231646828124999 0.19717261875 0.8206845234375001 0.1852678578125 0.8206845234375001 0.1820436515625 0.8177083328125001 0.17286706406250002 0.8164682546875 0.17237103125 0.8142361109375 0.1706349203125 0.812748015625 0.1577380953125 0.8125 0.1498015875 0.8137400796875 0.149553571875 0.8191964281249999 0.1510416671875 0.8261408734375 0.15376984062500001 0.831597221875 0.15525793593749998 0.8420138890625
1 0.3514384921875 0.8658234125 0.356894840625 0.874255953125 0.3673115078125 0.88467261875 0.372271825 0.888144840625 0.38392857187499996 0.8945932546875 0.3893849203125 0.89657738125 0.3926091265625 0.896825396875 0.3955853171875 0.8983134921874999 0.40401785781250005 0.8990575390625001 0.41617063437499996 0.8978174609374999 0.4273313484375 0.891369046875 0.43402777812500004 0.8886408734375 0.44146825468750006 0.881200396875 0.4429563484375 0.8762400796875 0.4456845234375 0.8732638890625 0.44717261875 0.869295634375 0.4476686515625 0.865079365625 0.43973214218749995 0.86259920625 0.4325396828125 0.8633432546875 0.4268353171875 0.8648313484375001 0.424603175 0.8673115078125001 0.42509920625 0.8707837296875001 0.428571428125 0.8727678578125 0.42881944375 0.8767361109375 0.42237103125 0.8819444437499999 0.4136904765625 0.8851686515624999 0.41046627031250005 0.8839285718750001 0.4074900796875 0.8861607140625001 0.40401785781250005 0.8864087296875001 0.3960813484375 0.8856646828124999 0.384424603125 0.8824404765624999 0.377728175 0.8789682546875 0.372519840625 0.874751984375 0.3606150796875 0.8611111109375 0.3546626984375 0.8452380953124999 0.36532738125 0.8417658734375 0.3578869046875 0.8392857140625001 0.35342261875 0.840277778125 0.349454365625 0.8370535718750001 0.343998015625 0.8373015875 0.343005953125 0.83779761875 0.34325396874999997 0.8420138890625 0.3459821421875 0.853174603125 0.3514384921875 0.8658234125
1 0.3385416671875 0.931299603125 0.3417658734375 0.9375 0.3487103171875 0.9427083328125001 0.3576388890625 0.9464285718750001 0.3608630953125 0.9466765875 0.3635912703125 0.9441964281249999 0.3700396828125 0.943204365625 0.37822420625 0.9392361109375 0.38169642812500004 0.9355158734375 0.3841765875 0.9389880953124999 0.384424603125 0.9508928578125 0.387896825 0.9513888890625 0.3918650796875 0.9548611109375 0.3958333328125 0.956101190625 0.3998015875 0.9548611109375 0.4007936515625 0.94990079375 0.4112103171875 0.9241071421875 0.4109623015625 0.9196428578125 0.41319444375 0.911954365625 0.41319444375 0.9072420640625 0.4126984125 0.9042658734375 0.41071428593750003 0.9012896828124999 0.40178571406249997 0.9015376984374999 0.3998015875 0.903769840625 0.3945932546875 0.8990575390625001 0.3814484125 0.8948412703124999 0.3792162703125 0.8921130953124999 0.372519840625 0.8891369046875001 0.3643353171875 0.8824404765624999 0.3571428578125 0.878472221875 0.3484623015625 0.8705357140625001 0.3484623015625 0.86904761875 0.343998015625 0.8630952375 0.34027777812500004 0.8635912703124999 0.33407738125 0.872519840625 0.325644840625 0.87450396875 0.3239087296875 0.875744046875 0.318700396875 0.8834325390625001 0.3110119046875 0.9012896828124999 0.3105158734375 0.911954365625 0.3137400796875 0.9181547625 0.321924603125 0.9236111109375 0.3385416671875 0.931299603125
1 0.494097221875 0.9139749500000001 0.48866939531250003 0.9060419140624999 0.47196800625 0.9018665671875 0.46779290625 0.889758184375 0.46779290625 0.8864179062499999 0.4481688984375 0.8830776296874999 0.4373129953125 0.8876706343749999 0.420194196875 0.896438740625 0.415184028125 0.9156450890625001 0.41309622968750004 0.93025868125 0.41476636874999995 0.9402795140625001 0.417271578125 0.9461247515625001 0.447751240625 0.9523878968749999 0.4682103171875 0.9523878968749999 0.4690453875 0.9457073406250001 0.4711329359375 0.9419496531249999 0.500777778125 0.9486299609375 0.504953125 0.9373566468750001 0.49660243125000003 0.923995784375 0.494097221875 0.9139749500000001
1 0.587206596875 0.691013640625 0.607248015625 0.6997817453125 0.6239494046875 0.7052095734375 0.64649603125 0.705626984375 0.6648673109375001 0.6993640875 0.6815686999999999 0.6893435015625 0.695347221875 0.675147321875 0.7024451890625001 0.655105903125 0.7020275296875 0.6375696921875 0.6957646328125 0.6212859625 0.6861614578124999 0.597904265625 0.671965278125 0.58412574375 0.6419032734375001 0.56909449375 0.613928571875 0.5686770828125 0.586371528125 0.5741049109375 0.5696703875 0.58412574375 0.5596495531250001 0.5991567453125 0.5563092765625 0.6141877484375 0.5542217265625 0.6379871031250001 0.5654950390625 0.67180704375 0.5709228671875 0.67723511875 0.5721755953125001 0.678069940625 0.587206596875 0.691013640625
1 0.5032118062500001 0.3624337796875 0.49857118125 0.35732886875 0.45402108124999996 0.33458978125 0.4517006453125 0.3355178578125 0.43685069375 0.33412574375 0.40250992031250005 0.33830233125000003 0.38580381875 0.35222420625 0.38116319375 0.38053224218750004 0.38116319375 0.40651959375 0.39276463281249996 0.42879464218749996 0.41364756874999997 0.44086036718750005 0.48140079374999994 0.44178844218749996 0.5055322421875 0.4236899796875 0.5064603171875001 0.36707440468749997 0.4962509921875 0.36336185468750004 0.45680555624999997 0.36568204375 0.4609821421875 0.38378050625000004 0.45262896875 0.4088400296875 0.43917113125 0.4209057546875 0.43453050624999995 0.41904935468750004 0.42617733125 0.40048685468749995 0.43035391875 0.38749305624999997 0.43963516875 0.3763556546875 0.45216493125 0.3684665171875 0.45309300625000004 0.3638258921875 0.45773363125 0.36150545625 0.5032118062500001 0.3624337796875
1 0.4604724703125 0.2701282234375 0.4689322921875 0.2704201390625 0.47505828437500003 0.27158680625 0.47797544687500004 0.2788797125 0.4773921125 0.2899650296875 0.47564161718750003 0.300466765625 0.4698075390625 0.304842509375 0.4628063 0.3106768359375 0.4525962296875 0.31213541718750004 0.44880381874999997 0.3130104171875 0.4511376484375 0.3281795640625 0.461639384375 0.3302217265625 0.4832264390625 0.3223452375 0.49401984062500004 0.30600917656250004 0.49081101250000003 0.296966021875 0.49606175625000004 0.2908400296875 0.49781200468750003 0.2841307046875 0.4969370046875 0.27654613125 0.4928529265625 0.2686696421875 0.4864352671875 0.26283531718750003 0.4762251984375 0.254084078125 0.4683489578125 0.2532088296875 0.4598891375 0.2517502484375 0.449095734375 0.25583432500000003 0.4374270828125 0.26108506875000004 0.42896726249999995 0.27071180625 0.42721701406249996 0.2791713796875 0.4245915171875 0.2899650296875 0.4257584328125 0.3022170140625 0.42663368124999995 0.307176090625 0.4310091765625 0.3173861609375 0.43917733124999997 0.323512153125 0.4467619046875 0.32730456406249997 0.4473452375 0.31826140937499997 0.44763715312499996 0.3135939984375 0.4464702375 0.3106768359375 0.4438447421875 0.2957993546875 0.4473452375 0.28325545625 0.4537631453125 0.2742123015625 0.4604724703125 0.2701282234375
1 0.276904265625 0.259428571875 0.262607390625 0.26717261875 0.26082018906250004 0.277299603125 0.257841765625 0.2904052578125 0.2554588296875 0.305893353125 0.26111805625 0.31244618125 0.268564484375 0.318701140625 0.27154290625 0.32138169687499996 0.2766063984375 0.3142333828125 0.2777978671875 0.30887202343750003 0.2766063984375 0.30023412656250004 0.27749999999999997 0.292787946875 0.280478421875 0.28117187499999996 0.2873291171875 0.2755126484375 0.292392609375 0.26538566406249997 0.287626984375 0.263002728125 0.276904265625 0.259428571875