4 0.39121006875000003 0.40966493125000003 0.3918638390625 0.416855159375 0.3771567453125 0.4230649796875 0.3738883921875 0.4240453875 0.360488590625 0.42894766874999996 0.3379375 0.4416939484375 0.33695709375 0.45313268906250004 0.32715228125 0.4678400296875 0.31015749062500003 0.4782983625 0.3095037203125 0.4871227671875 0.2944697421875 0.49562003906249996 0.2951235125 0.503137153125 0.2915282734375 0.5096736109375 0.2836845234375 0.522746528125 0.280089534375 0.533205109375 0.26440178593749997 0.56098511875 0.23008506875 0.6227552078125 0.23106572343749998 0.6240625 0.2343338296875 0.623735615625 0.2389094734375 0.6253697921875 0.23171924531250002 0.6433452375 0.228451140625 0.65315005 0.23106572343749998 0.6554377484375 0.25002157812500003 0.6596865078125 0.28826016875 0.6606669140625 0.44742410781249997 0.6789692453125 0.49840897812499996 0.688447171875 0.5487400796874999 0.6900813484375 0.5497204859375 0.688447171875 0.5523350687499999 0.6851788187500001 0.5627934031249999 0.6851788187500001 0.585998015625 0.46293749999999995 0.5882859625 0.450844990625 0.595476190625 0.4348306046875 0.5984174109375 0.420777034375 0.559525296875 0.4188162203125 0.5575642359375 0.4240453875 0.5441644343750001 0.42110391875 0.5203063 0.42273809531250006 0.5301108625000001 0.41489434531249997 0.39970758906250003 0.3965920140625 0.3980734125 0.39822619062500003 0.393498015625 0.40672371093750004 0.39121006875000003 0.40966493125000003
4 0.4923278765625 0.3121498015625 0.49656646875000005 0.3131279765625 0.5099342765625 0.309215278125 0.527214534375 0.31345386875000003 0.585902778125 0.28802256875 0.7003444937500001 0.2322688484375 0.7013226687499999 0.21531448437499998 0.70425694375 0.216292659375 0.71208209375 0.20944568437500002 0.6233978171875 0.155322171875 0.612964534375 0.156300346875 0.6044873515625 0.158256696875 0.5894893359375 0.165103421875 0.5604712296875001 0.1693420140625 0.4310314984375 0.23455109062499999 0.43592212343750003 0.245310515625 0.4470076890625 0.256722221875 0.4923278765625 0.3121498015625
5 0.8123685515625001 0.5242110609374999 0.8120778765625 0.5372857140625 0.821665921875 0.529731646875 0.830091765625 0.5253732640625 0.8327068453124999 0.5122986109375 0.8370649796875 0.49370386875000005 0.839389384375 0.495446925 0.8501396328125 0.50445386875 0.8646669140625001 0.5157852187499999 0.8757075890625 0.529731646875 0.8905255453124999 0.5471644343750001 0.9006946921875001 0.5645972218749999 0.9065057046874999 0.5741852671875 0.91318824375 0.5863881453124999 0.9134786703125 0.6067264390625 0.9213236609375001 0.604402034375 0.9323643359375 0.595976190625 0.9314925593750001 0.5869692453125 0.9312021328125001 0.57999603125 0.9282966265624999 0.5721512890625 0.9175463796875001 0.5538469734375 0.9111545140624999 0.54222495 0.900404265625 0.531474703125 0.89488368125 0.5245017359374999 0.8876200390625 0.5117177578125001 0.8733834328125001 0.49748090312500004 0.8335783734375 0.471331596875 0.832997271875 0.45912872031249996 0.8324161703125 0.4434392359375 0.824862103125 0.42629687499999996 0.8312539687499999 0.42745907812499995 0.85536954375 0.4257157734375 0.8640858140625 0.41641840312499995 0.8483963296875 0.40915476249999994 0.8254432046875 0.407120784375 0.823990328125 0.3984045140625 0.819341765625 0.3934650296875 0.8173077875000001 0.37748511875 0.8126589781250001 0.3725458828125 0.8039427078125 0.3914313 0.7978412703125 0.40566815468749995 0.78592881875 0.421648065625 0.7865099203125 0.4231009421875 0.7757596718750001 0.449540675 0.7711108624999999 0.44692584375 0.7530969734374999 0.4460540671875 0.75106324375 0.449540675 0.760360615625 0.46232465312500004 0.7687864578125 0.463196428125 0.76297569375 0.4692978671875 0.76849603125 0.4785952375 0.77401636875 0.4838251484375 0.7789556046875 0.46668278750000003 0.7937735609375001 0.47046006875 0.8080246046875 0.47463705625 0.807138640625 0.47685193437500006 0.8114967765625 0.480048115625 0.8170173609375 0.48585887968749997 0.8141118546874999 0.51055555625 0.8123685515625001 0.5242110609374999
5 0.727700396875 0.553044146875 0.7437487593750001 0.5427631453124999 0.751773065625 0.5234548609375 0.7615525796875 0.502892609375 0.76506324375 0.49737599218749995 0.7535282734375001 0.48960243124999997 0.735222965625 0.519944196875 0.7214313 0.5364942953125 0.7201775796875001 0.5472767859375 0.727700396875 0.553044146875
5 0.67153050625 0.45976215312499996 0.66952430625 0.4630220734375 0.6682705859375 0.46904017812500004 0.6512189984375001 0.468538690625 0.6379288187500001 0.4627713296875 0.6309077375000001 0.4582576890625 0.620125 0.4565022328125 0.615611359375 0.45549925625 0.6058318453125 0.44747495 0.59655381875 0.44396453437499994 0.592290921875 0.451487103125 0.59655381875 0.46477728125000006 0.6248893843750001 0.4755600203125 0.649965278125 0.48659325468750003 0.668019840625 0.4888501984375 0.67980555625 0.48408581406250006 0.679053075 0.468037203125 0.700367559375 0.46402504999999994 0.7251927078125 0.4590099203125 0.7417428078125 0.460263640625 0.7292048609374999 0.44772569375 0.7106488093750001 0.4479764390625 0.695603175 0.44998263906249997 0.6855729171875 0.452991815625 0.67153050625 0.45976215312499996
5 0.6986123515625 0.39657118125 0.6870773812500001 0.3913053078125 0.6640076890625 0.3835317453125 0.6604970234375 0.384785465625 0.6617509921875 0.3704923109375 0.6615 0.3677338796875 0.650717509375 0.3679846234375 0.6426932046875 0.37099380000000004 0.6384303078125 0.37450446406250004 0.6354213796875 0.3867916671875 0.6233849203124999 0.383782490625 0.6166143359375 0.38453472187500004 0.61360540625 0.396821925 0.6126021828125 0.4035922625 0.57221006875 0.40459548593749994 0.5508955859375 0.40384300624999997 0.541868303125 0.40609995000000004 0.55817261875 0.38754389843750003 0.562686259375 0.37500595312499996 0.570710565625 0.36923859062500003 0.5742212296875 0.3659786703125 0.5759764390625 0.3559484125 0.5850037203125 0.3544437 0.5937802578125 0.35093303593749997 0.6078229171875 0.33663988125 0.6158469734375001 0.324603421875 0.6198591265625 0.3203405265625 0.6346540171874999 0.3130687 0.6451857640625 0.307301090625 0.637412203125 0.3007814984375 0.630641865625 0.295515625 0.6303911203125 0.290751240625 0.6238712796875 0.2960171125 0.6221160718750001 0.30253670625 0.6108318453125 0.3130687 0.5975416671875 0.325105159375 0.5850037203125 0.33162475156250004 0.579737846875 0.3378936015625 0.5782333828125 0.3461686515625 0.5732182546875 0.343159721875 0.5674506453125 0.34115352187500003 0.5594265875 0.3526884921875 0.5544112109375 0.3577036203125 0.5544112109375 0.37099380000000004 0.545634671875 0.37074305625 0.5426257437500001 0.3770119046875 0.537610615625 0.38829613125 0.53184300625 0.401586309375 0.5305892859375 0.4086076390625 0.52507266875 0.41387351250000004 0.5594265875 0.4153779765625 0.596287946875 0.41512723281249997 0.6105811015625 0.416631696875 0.6236205359375 0.42039310468749996 0.631644840625 0.42089459375000005 0.6519563484375 0.418387153125 0.682799603125 0.4206438484375 0.7046155749999999 0.4231515375 0.7171532734375 0.4218978171875 0.7033767359375 0.41337202343749996 0.6615 0.39907862031249997 0.6627539687499999 0.39757415625000003 0.6968571421875 0.399580109375 0.6986123515625 0.39657118125
5 0.83681175625 0.44600297656250004 0.8357452875 0.4605778765625 0.8424995046875001 0.466265625 0.8506755953124999 0.4552455359375 0.85636334375 0.4349828875 0.8421438484375001 0.431428075 0.8343231640625 0.43249454375 0.83681175625 0.44600297656250004
5 0.5083018359375 0.362342509375 0.5259203875 0.340471478125 0.5247053578124999 0.32973834375 0.5247053578124999 0.323460565625 0.507896825 0.314955109375 0.49736631875 0.321435515625 0.4985813484375 0.3291307046875 0.502834078125 0.3327760421875 0.515794890625 0.3327760421875 0.5168072921875 0.335813740625 0.507896825 0.34533159687500004 0.4979739578125 0.355862103125 0.4929109625 0.3578874015625 0.48217807500000004 0.3562673609375 0.47569766874999997 0.3649751984375 0.4797477671875 0.372265625 0.4728625984375 0.383201140625 0.4708373015625 0.3884665171875 0.4682048609375 0.399402034375 0.48339310468749996 0.4070974703125 0.49270858124999994 0.4048697921875 0.48845585312499995 0.40223710312499994 0.484608134375 0.39838938437500004 0.48339310468749996 0.3947442953125 0.48420312499999996 0.39109920625 0.48845585312499995 0.38522619062499996 0.4933162203125 0.37793576406249996 0.493113590625 0.370037946875 0.49878397812499997 0.36639285781250003 0.5083018359375 0.362342509375
5 0.43722073437500003 0.3479642859375 0.4497762890625 0.36112747968750003 0.462737103125 0.36841790625000004 0.473267609375 0.36112747968750003 0.47205257968750003 0.3584947921875 0.45119394843749994 0.3483692953125 0.445928571875 0.3422938984375 0.439245784375 0.3422938984375 0.43722073437500003 0.3479642859375
5 0.44994915625000004 0.173821428125 0.4589657734375 0.1720622515625 0.4607251984375 0.1637053578125 0.46028521875 0.1527095734375 0.45984548593749996 0.14237351250000002 0.4574263390625 0.14105381875 0.4543474703125 0.1502904265625 0.45302802656249996 0.1610662203125 0.45038913750000004 0.1681036703125 0.44994915625000004 0.173821428125
5 0.49657142812500005 0.1687633921875 0.5055880453125 0.169423115625 0.49877083281249995 0.15666790625 0.4888745046875 0.15446875 0.4877748015625 0.1571078875 0.49657142812500005 0.1687633921875
5 0.5086669140625 0.1819583328125 0.513944940625 0.1788794640625 0.510866071875 0.1744811515625 0.49789112031249994 0.1711825390625 0.5042686015625 0.1799791671875 0.5086669140625 0.1819583328125
5 0.44071279687500003 0.1971326890625 0.44555084375 0.1944935515625 0.454127728125 0.188555803125 0.4596254953125 0.1795391859375 0.4486297125 0.1797591765625 0.43917336249999994 0.19405381875 0.44071279687500003 0.1971326890625
5 0.2030037203125 0.368876984375 0.2175364578125 0.36138343281249996 0.218898809375 0.3513923609375 0.2304796625 0.3298201890625 0.21980704375000001 0.331409721875 0.2011870046875 0.3425364578125 0.1968727671875 0.34957564531249996 0.1898333328125 0.35933978125 0.19006051562499998 0.3656979171875 0.19142286718749998 0.36796875 0.2030037203125 0.368876984375
5 0.1444186515625 0.354571428125 0.14260218281249998 0.36161061562499996 0.1437375984375 0.366152034375 0.1507767859375 0.37114756875 0.159178571875 0.382501240625 0.1548640875 0.391811259375 0.1482790171875 0.3956716265625 0.14192088281249998 0.3990776296875 0.155772321875 0.3990776296875 0.163719990625 0.382501240625 0.1634928078125 0.37568923593750003 0.1714404765625 0.37341840312499996 0.17757142812499999 0.3786411203125 0.180977678125 0.37909523749999996 0.180069196875 0.3704665171875 0.1721217765625 0.3647896828125 0.1675803578125 0.36138343281249996 0.1575890375 0.351165178125 0.1444186515625 0.354571428125
5 0.1371584828125 0.49288268906250005 0.1541703875 0.5064920640625 0.16969394843750002 0.509256696875 0.1541703875 0.511383184375 0.1365205859375 0.5126589781249999 0.14353794687500002 0.5237167656249999 0.15289459375 0.523929315625 0.16948115156250002 0.5258432546875 0.1833033234375 0.52307886875 0.1894702375 0.5152108140625 0.20201636875 0.49947470312500003 0.20180381875000003 0.48799181562499994 0.1911713796875 0.4873536703125 0.1841540171875 0.48926760937499997 0.1754352671875 0.49118154687500004 0.1713950890625 0.491394096875 0.146727678125 0.477571925 0.1414114578125 0.4711924609375 0.13226760937499998 0.46949131875 0.1318422625 0.47906051562499996 0.13333085312499998 0.4852271828125 0.1371584828125 0.49288268906250005
5 0.0032606640625000003 0.5234439484375 0.000652034375 0.5342038687499999 0.0254325390625 0.550506696875 0.0443439984375 0.56648363125 0.0593427578125 0.574961309375 0.06814632968749999 0.5831125984375001 0.0899923109375 0.5609407234375 0.0903182046875 0.553115328125 0.0837971234375 0.5449637890625 0.065537946875 0.556701884375 0.051191220312499994 0.550506696875 0.0182591765625 0.534530009375 0.0032606640625000003 0.5234439484375
5 0.05543005937499999 0.47127455312500005 0.048582837499999997 0.47290476249999996 0.0440178578125 0.474209078125 0.0368447421875 0.48496899843749997 0.0267368546875 0.48920783749999996 0.013368303125 0.50225 0.0185853171875 0.5130099203125 0.0355404265625 0.50290228125 0.052821428125 0.49996775781249997 0.0599947921875 0.48562103125 0.08444915625 0.4852951390625 0.09260069374999999 0.4699702375 0.08053645781249999 0.46964409687500003 0.05543005937499999 0.47127455312500005
5 0.6279424609375 0.8352495046874999 0.6508276296875 0.8493018359375 0.670099703125 0.874751984375 0.689371528125 0.874751984375 0.6897730656250001 0.8673692953125001 0.6789325390625 0.8565287703125 0.6644786703125 0.8396659218750001 0.646009671875 0.8232043656249999 0.6327604171875 0.8203940968750001 0.6303514390625 0.8224015375 0.6279424609375 0.8352495046874999
5 0.6602544640625 0.3118102671875 0.6697720734375 0.3115887890625 0.669329365625 0.3051701390625 0.6821671625 0.30184995 0.687921875 0.29830853125 0.68570858125 0.292332340625 0.7016450890625 0.288126984375 0.709391865625 0.284585565625 0.71403993125 0.2823720234375 0.7200161203125 0.27683854218750004 0.7262135421875 0.2770600203125 0.7321897328125 0.2735186015625 0.739494046875 0.2664357640625 0.743920634375 0.2611235125 0.7401579859375 0.2602380953125 0.7350672125 0.25381944375 0.7253283734375 0.25381944375 0.71736011875 0.26001686562500004 0.7087279265624999 0.26488640937499996 0.7098345734375 0.2699771828125 0.7096130953124999 0.27462524843749997 0.7045223218750001 0.270419890625 0.6996530265625001 0.2708623515625 0.6888072921874999 0.278387896875 0.6733134921875 0.2865776296875 0.6631319437500001 0.29299627968749997 0.65272891875 0.29830853125 0.6525076890625 0.30339930625 0.6562705859375 0.3069407234375 0.6602544640625 0.3118102671875
5 0.652950396875 0.26798511875000003 0.6580411703125 0.265550346875 0.6733134921875 0.262230159375 0.6821671625 0.257139384375 0.6936768359375 0.254926090625 0.7138187 0.25072073437500003 0.729091021875 0.2476217765625 0.7357311515625 0.24275247968749997 0.73860863125 0.232570684375 0.7381659218750001 0.22570932500000002 0.75144618125 0.2334561015625 0.7664972718749999 0.2354481640625 0.7709241078125 0.23566964218750003 0.7711455859375 0.2243812 0.76760391875 0.22017584375000002 0.7580865578125 0.22216790625 0.748126240625 0.218405009375 0.740821925 0.21995436562499998 0.7317470234375001 0.2277013890625 0.7251068953125 0.2330133921875 0.7142614093749999 0.23500545625 0.6925701890625 0.24208829375000002 0.684601934375 0.2438591265625 0.6664521328124999 0.255147321875 0.65538516875 0.2602380953125 0.6520649796875 0.26001686562500004 0.649408978125 0.26045957343750004 0.63657118125 0.26754241093750003 0.6359072421875 0.2732971234375 0.640334078125 0.276174603125 0.652950396875 0.26798511875000003
5 0.5878767359375 0.29366046562500003 0.58367113125 0.304284721875 0.5648573906250001 0.3155729171875 0.5681775796874999 0.3273040671875 0.5770310015625 0.3222130453125 0.5918608625 0.3080473703125 0.6040344734375 0.297201884375 0.6157653765625 0.281929315625 0.6184213796875 0.2755106640625 0.592967509375 0.2870203375 0.5878767359375 0.29366046562500003
5 0.8060915171874999 0.23118675625 0.8093214281250001 0.2239193953125 0.8165890375 0.2002998515625 0.81517584375 0.1952529765625 0.8040726687499999 0.1942435515625 0.7994295640625 0.20130927656250003 0.7994295640625 0.21140302656249998 0.795391865625 0.21786309531249998 0.786509425 0.22068923593749998 0.77540625 0.2255342265625 0.7792418156250001 0.2307829859375 0.790748759375 0.23118675625 0.8060915171874999 0.23118675625
5 0.8395637406249999 0.37257787656249997 0.8479997515625 0.37257787656249997 0.8590032234375 0.367259425 0.8639546125 0.36304141875 0.8615706843750001 0.35753968281250004 0.8569858625 0.35460540625000003 0.8476329359375001 0.3533216765625 0.8335119046875 0.34470238124999997 0.8329615578125 0.35038740156250003 0.8349789187500001 0.354972221875 0.8395637406249999 0.37257787656249997
0 0.548120784375 0.161809771875 0.5791790671875 0.1503067953125 0.6113876484375 0.1376532734375 0.636119046875 0.14513045625 0.6706282234375001 0.16928670625 0.6959350203125 0.1934432046875 0.74252256875 0.20839707343749997 0.791985615625 0.17561334374999998 0.7511498015625 0.21759970312500002 0.7649533734375 0.21644940468749999 0.7810577875 0.19689409687499998 0.8023382937499999 0.18424082343749998 0.82246875 0.1888420140625 0.8270699406249999 0.22162574375 0.8213184531250001 0.2285275296875 0.8149918156249999 0.23485416718750002 0.76667881875 0.2394553578125 0.7695545640625 0.2641870046875 0.7511498015625 0.2756899796875 0.6729290671875 0.3124997515625 0.6769551093749999 0.325728421875 0.6896083828124999 0.3435580359375 0.7264181546875 0.355636409375 0.74252256875 0.33665625 0.7937110609375 0.3435580359375 0.824194196875 0.3314799109375 0.86675545625 0.33263020781249997 0.8949379953125 0.35046006875 0.8702063484375 0.38324379999999997 0.8690560515625 0.39244618125 0.8845853171875 0.4171775796875 0.8448998015625 0.4695166171875 0.865030009375 0.48677132968750003 0.897813740625 0.5034506453125001 0.9351986609375 0.5782204859375 0.930022321875 0.53911011875 0.9397998515625 0.5155287703125 0.95417881875 0.53911011875 0.9495776296875 0.5644169140625 0.9357738093749999 0.6207817453125 0.939224703125 0.6276837796875 0.9599303078125001 0.63918675625 0.999751984375 0.65126488125 0.9996158234375001 0.625383184375 0.9835116562499999 0.602376984375 0.9829365078125001 0.5839719734375 0.9984655265625 0.56269146875 0.999751984375 0.1422547125 0.9835116562499999 0.1273005953125 0.5193630953125 0.12615029687499998 0.498082340625 0.14110416718750002 0.515337053125 0.152607390625 0.548120784375 0.161809771875
5 0.9127110609375 0.639147321875 0.89477579375 0.6298474703125 0.868869046875 0.6009516374999999 0.8675404265625 0.6149012890625001 0.8804938 0.6368224203125 0.89477579375 0.646122271875 0.9170287703125 0.6534290671874999 0.9276572421875 0.6577470234375 0.9455925093750001 0.67036805625 0.9548923609375001 0.6726932046874999 0.9864454359374999 0.6839856156249999 0.999751984375 0.688303571875 0.999751984375 0.6720287703125 0.9396140875000001 0.6437971234375001 0.9127110609375 0.639147321875
0 0.9372958828125 0.7394375 0.9412507437500001 0.7099561015625 0.9793608624999999 0.703125 0.9649796625 0.6869459328125 0.9337003968750001 0.67616021875 0.86574925625 0.6376904765625 0.8528060515625 0.63301636875 0.85460391875 0.64703819375 0.8024719734374999 0.6538692953125 0.8628802078125 0.626185515625 0.8639588296875 0.613961309375 0.8582063484375 0.599220734375 0.8474203875 0.5819630453125 0.87078993125 0.5754915671874999 0.8733065468750001 0.55859375 0.853532490625 0.526955109375 0.840948909375 0.5168881453124999 0.8028385421875001 0.54421255 0.745313740625 0.44821775781250006 0.7280563 0.4230505953125 0.7151130953125 0.4165791171875 0.71906795625 0.423769840625 0.770840278125 0.5093380453125 0.7614925593749999 0.5262358625 0.7535828375 0.5341455859375001 0.7445947421875 0.54241493125 0.75178521875 0.5499650296875 0.7679640375 0.5521220234374999 0.7873787203125 0.54601016875 0.792771825 0.5481674109375 0.8017599203125 0.566503471875 0.783423859375 0.56794146875 0.7679640375 0.561469990625 0.7320111609375 0.5600317453125 0.732730159375 0.552481646875 0.7075629953125 0.5625486109375 0.7165513390625 0.5294717265625 0.7255396828125 0.5194047625 0.7445947421875 0.49172098281250004 0.750347221875 0.47841840312499995 0.7248204359375 0.46943005937500004 0.6946200390625 0.471227678125 0.6885079359375 0.4902829859375 0.6734077375 0.49855208281249996 0.6392522328125 0.48704712343749995 0.61983755 0.47949702343749995 0.589996528125 0.464037203125 0.5655486109375001 0.6865865578125 0.5450625 0.6959342765625001 0.504076140625 0.6937770343749999 0.48466145781250003 0.69054141875 0.464527778125 0.68335069375 0.458415675 0.680834078125 0.4562584328125 0.700608134375 0.4483487109375 0.698810515625 0.4354057546875 0.7024057546875 0.4361247515625 0.71247271875 0.16036483125 0.7779072421875 0.15317435468750001 0.7509424609375001 0.1689938 0.744111359375 0.188048859375 0.7340446421875 0.17977951406249998 0.717865575 0.1528147328125 0.7236180562500001 0.1323216765625 0.5528412703125001 0.16611731093749998 0.563267609375 0.1945203375 0.5837609125000001 0.235506696875 0.5643462296874999 0.26175247968750004 0.536302828125 0.2437760421875 0.5140119046875 0.190205853125 0.5251572421875 0.12836681562500002 0.5345052078125 0.13340005 0.5050235609375 0.1359169140625 0.4967544640625 0.13375967187499999 0.47014930625 0.12728819375 0.45325124062500005 0.16036483125 0.4805756453125 0.1794201390625 0.47086830312499994 0.1952393359375 0.469070684375 0.2247209828125 0.4392296625 0.25779761875 0.4381510421875 0.222923115625 0.43419618125000004 0.1689938 0.43024131875 0.14921949375000002 0.42700545625 0.13555729218749998 0.424129215625 0.125130953125 0.4065124015625 0.1344786703125 0.3439541171875 0.1488598703125 0.32202256875 0.17546527812499998 0.31591071406250004 0.1830153765625 0.31842733125 0.183734375 0.339280009375 0.20638492031250003 0.327415675 0.2520451390625 0.30728199375 0.2549213796875 0.33532539687499996 0.2613931046875 0.3471897328125 0.2786505453125 0.36121155781250003 0.287279265625 0.3745141375 0.35523040625 0.3669640375 0.40196949374999996 0.3892549609375 0.4249794140625 0.39464781718749997 0.4354057546875 0.39428819375 0.4188673109375 0.35114459375 0.4026884921875 0.3525828375 0.410238590625 0.333887153125 0.417788690625 0.328134671875 0.4325295140625 0.31447247031250003 0.4616515375 0.29038392812499997 0.44942733125 0.2767217265625 0.42569841249999996 0.2321401296875 0.45374181562500004 0.21380406718749997 0.47783035781249994 0.19546800625 0.49149255937499997 0.18791790625 0.49976165625 0.182884425 0.49508779687500004 0.1699412203125 0.48178521874999997 0.15160515937500002 0.47099925625 0.160953125 0.4692016375 0.1854010421875 0.4548204359375 0.19906324375 0.43037227187499993 0.20877058593750003 0.44475347187500003 0.1720984625 0.44906795625000007 0.1534030265625 0.44511309531250004 0.1444146828125 0.4325295140625 0.14693130000000001 0.415991071875 0.13758358125 0.40772197343750005 0.1508861609375 0.3825548109375 0.1663459828125 0.3573876484375 0.1717388390625 0.341927828125 0.1746150796875 0.337972965625 0.1720984625 0.3336587296875 0.1713794640625 0.2980649796875 0.12679761875 0.2908745046875 0.1257189984375 0.3289846234375 0.17497470312500002 0.3164010421875 0.18827728125 0.31532266875000003 0.1965466265625 0.3178392859375 0.20122048593750003 0.309210565625 0.1933107640625 0.29914360156250003 0.20193948437499998 0.2973459828125 0.2120064484375 0.2800885421875 0.21308506875000002 0.27217881875 0.2227921625 0.2635500984375 0.2310615078125 0.24557366093750002 0.23537574375 0.23334970312499997 0.23249950468749997 0.2204064984375 0.24364508906250001 0.1812177578125 0.265216765625 0.17438665625 0.29038392812499997 0.17258903750000001 0.30404613125 0.1528147328125 0.31591071406250004 0.13807415625 0.3141130953125 0.131962053125 0.308360615625 0.1402311515625 0.211646825 0.1434670140625 0.1756937 0.1423883921875 0.1724580859375 0.133040675 0.17353670625 0.12045709375 0.1778509421875 0.1057162703125 0.28211483125000003 0.105349703125 0.3177083328125 0.099597221875 0.3238204359375 0.0830587796875 0.3288536703125 0.0643630953125 0.40147891874999997 0.052858134375 0.42808407812500004 0.0809015375 0.4449821421875 0.0916875 0.455048859375 0.09024925624999999 0.553919890625 0.08988988125 0.5877155265625 0.0733514390625 0.5873561515625 0.0708345734375 0.59634449375 0.087373015625 0.7146299609375 0.0787442953125 0.8203318453125 0.08269915625 0.8303985609375 0.10031622031250001 0.8239270828124999 0.10930431562500001 0.874751984375 0.1258427578125 0.874751984375 0.11505704375 0.818174603125 0.13231448437499999 0.8149389875 0.132673859375 0.84621800625 0.204580109375 0.828960565625 0.330415675 0.7868955859375 0.503709325 0.7221800593750001 0.4886091265625 0.7372802578125001 0.20386086250000002 0.8383082843749999 0.19415352187499998 0.874751984375 0.5184501484374999 0.7548973218749999 0.5644771828125 0.7408754953125001 0.5698700390625 0.753099703125 0.576701140625 0.761009425 0.356309028125 0.874751984375 0.5112666171875 0.8735424109375 0.6579263390625 0.79156944375 0.7247916671875 0.7574139390625 0.7420491078125 0.7994791671875 0.7211964281250001 0.8278819437499999 0.6992651296875 0.8357916671875 0.8078432546875 0.8739017859375 0.824381696875 0.874751984375 0.9983943453125 0.8735424109375 0.999751984375 0.8106245046874999 0.9937420640625 0.80235540625 0.9829561015625 0.782221478125 0.961384425 0.7577735609375 0.9466436015624999 0.74842584375 0.9372958828125 0.7394375