5 0.43824404687499996 0.2638888890625 0.43948412656249997 0.269196428125 0.439980159375 0.29092261875 0.4456845234375 0.3487103171875 0.44593253906249997 0.3643353171875 0.44469246093750003 0.36904761875 0.4454365078125 0.377480159375 0.45238095312500004 0.403273809375 0.453125 0.41493055625 0.4546130953125 0.421626984375 0.459325396875 0.4283234125 0.4670138890625 0.43526785781250005 0.48115079375 0.439980159375 0.4858630953125 0.43824404687499996 0.48660714218749995 0.43675595312500004 0.486855159375 0.4072420640625 0.4858630953125 0.3893849203125 0.48660714218749995 0.3824404765625 0.49156746093750003 0.3802083328125 0.497519840625 0.3792162703125 0.5106646828125 0.3792162703125 0.512896825 0.3799603171875 0.531994046875 0.3792162703125 0.5396825390625 0.37847222187499996 0.5446428578125 0.3767361109375 0.5431547625 0.374255953125 0.5429067453124999 0.3702876984375 0.5453869046875 0.362351190625 0.5458829359374999 0.353174603125 0.5483630953125 0.3420138890625 0.5488591265625 0.318204365625 0.552579365625 0.29092261875 0.5540674609375 0.28720238125 0.55654761875 0.2705853171875 0.565972221875 0.190476190625 0.565972221875 0.1825396828125 0.5691964281249999 0.153521825 0.5691964281249999 0.13467261875 0.5662202375 0.1264880953125 0.5610119046875 0.11904761875 0.559027778125 0.11780753906250001 0.5540674609375 0.1108630953125 0.547123015625 0.1083829359375 0.54365079375 0.10342261875 0.5390625 0.10292658750000001 0.5349702375 0.10119047656249999 0.533978175 0.099454365625 0.5240575390625 0.0957341265625 0.5044642859375 0.09424603125 0.47470238125 0.09548611093750001 0.46453372968749995 0.099454365625 0.462549603125 0.10243055625 0.45709325468750006 0.10218253906250001 0.4546130953125 0.103174603125 0.4521329359375 0.10615079375 0.44866071406249997 0.1073908734375 0.443700396875 0.1111111109375 0.43948412656249997 0.1173115078125 0.43675595312500004 0.11904761875 0.4310515875 0.1302083328125 0.43030753906249997 0.13467261875 0.4295634921875 0.14310515937499999 0.4310515875 0.17782738125 0.43675595312500004 0.2385912703125 0.43824404687499996 0.2638888890625
5 0.228174603125 0.3727678578125 0.23710317500000003 0.3886408734375 0.2388392859375 0.3893849203125 0.24156746093749998 0.3928571421875 0.2435515875 0.3983134921875 0.24503968281250002 0.39930555624999997 0.2477678578125 0.4045138890625 0.2514880953125 0.4077380953125 0.2552083328125 0.415178571875 0.2591765875 0.4208829359375 0.2633928578125 0.424603175 0.268353175 0.4320436515625 0.2765376984375 0.4392361109375 0.281498015625 0.4422123015625 0.29588293593750004 0.44593253906249997 0.3082837296875 0.44469246093750003 0.31572420625 0.44122023749999995 0.3196924609375 0.44320436562500004 0.32217261875 0.44320436562500004 0.403273809375 0.3893849203125 0.4079861109375 0.3851686515625 0.4362599203125 0.3665674609375 0.44345238125 0.36036706406249996 0.44444444375 0.3581349203125 0.44469246093750003 0.35267857187499996 0.439980159375 0.30009920625 0.42782738125 0.2797619046875 0.41765872968749995 0.26512896874999997 0.40823412656249997 0.25694444375000003 0.40178571406249997 0.24950396874999997 0.387648809375 0.24131944375 0.3841765875 0.240575396875 0.37847222187499996 0.24107142812500001 0.3695436515625 0.249751984375 0.3633432546875 0.2542162703125 0.3551587296875 0.2564484125 0.3070436515625 0.2854662703125 0.286954365625 0.296130953125 0.2671130953125 0.3087797625 0.2633928578125 0.3102678578125 0.2457837296875 0.32217261875 0.24404761874999997 0.325644840625 0.2408234125 0.32713293593750004 0.2388392859375 0.3328373015625 0.2304067453125 0.3454861109375 0.22842261874999997 0.35243055624999997 0.22867063437500001 0.3578869046875 0.22718253906250002 0.3613591265625 0.22718253906250002 0.369295634375 0.228174603125 0.3727678578125
0 0.12822420625 0.40401785781250005 0.1354166671875 0.4114583328125 0.1383928578125 0.412946428125 0.1445932546875 0.41989087343750003 0.255704365625 0.521825396875 0.26116071406249997 0.525545634375 0.262648809375 0.5225694437499999 0.2633928578125 0.51612103125 0.26512896874999997 0.513144840625 0.2671130953125 0.51240079375 0.3172123015625 0.512896825 0.3457341265625 0.5143849203124999 0.3487103171875 0.5136408734375 0.3578869046875 0.5143849203124999 0.359375 0.5136408734375 0.3573908734375 0.50967261875 0.35243055624999997 0.5049603171875 0.315476190625 0.4742063484375 0.302579365625 0.4623015875 0.2953869046875 0.45734127031250005 0.283730159375 0.446428571875 0.280505953125 0.44469246093750003 0.2576884921875 0.422123015625 0.2522321421875 0.419394840625 0.2202380953125 0.390376984375 0.15724206406250002 0.3363095234375 0.14112103125 0.32118055624999997 0.1264880953125 0.3102678578125 0.125 0.3102678578125 0.125 0.40054563437499996 0.12673611093749998 0.4010416671875 0.12822420625 0.40401785781250005
0 0.3353174609375 0.594494046875 0.3387896828125 0.599454365625 0.3457341265625 0.6044146828125 0.3487103171875 0.6083829359374999 0.3854166671875 0.64112103125 0.391369046875 0.6475694437499999 0.40203372968749995 0.65625 0.4047619046875 0.65625 0.41071428593750003 0.653521825 0.439980159375 0.6445932546875001 0.44742063437499996 0.639880953125 0.46651785781250005 0.6359126984375 0.48115079375 0.6314484125 0.49131944375 0.6269841265625 0.48759920625 0.622519840625 0.455853175 0.59424603125 0.43973214218749995 0.58134920625 0.4283234125 0.5803571421875 0.3606150796875 0.5793650796875001 0.3258928578125 0.5766369046875 0.322420634375 0.5768849203124999 0.3189484125 0.578869046875 0.31919642812500004 0.580853175 0.325644840625 0.5863095234375 0.3301091265625 0.5917658734375 0.3353174609375 0.594494046875
0 0.2571924609375 0.5602678578125 0.2671130953125 0.5716765875 0.2760416671875 0.5761408734375 0.3112599203125 0.5763888890625 0.318204365625 0.57762896875 0.322420634375 0.5803571421875 0.3263888890625 0.577876984375 0.3864087296875 0.5801091265625 0.41989087343750003 0.5796130953125 0.440476190625 0.5803571421875 0.4427083328125 0.5793650796875001 0.48214285781250005 0.5801091265625 0.48660714218749995 0.5793650796875001 0.48883928593750003 0.5761408734375 0.49007936562500004 0.543402778125 0.4890873015625 0.521825396875 0.48809523749999995 0.519097221875 0.48660714218749995 0.518105159375 0.46676587343750003 0.5168650796875001 0.42769618125 0.5171130953125 0.3665674609375 0.515376984375 0.3606150796875 0.5133928578125 0.311755953125 0.5141369046875 0.2693452375 0.512896825 0.265873015625 0.5136408734375 0.2638888890625 0.5166170640625001 0.26240079375 0.5275297625 0.26215277812500004 0.5414186515625 0.25892857187499996 0.5488591265625 0.2571924609375 0.5602678578125
0 0.3573908734375 0.9355158734375 0.36036706406249996 0.940972221875 0.3695436515625 0.9392361109375 0.3764880953125 0.9365079359375 0.3831845234375 0.9352678578125 0.43154761875 0.9208829359375 0.45114087343750003 0.916170634375 0.47222222187499996 0.9082341265625 0.48759920625 0.9040178578125 0.5039682546875001 0.8980654765624999 0.521825396875 0.893601190625 0.525049603125 0.8918650796875 0.5456349203124999 0.887648809375 0.599454365625 0.872519840625 0.6051587296875 0.8702876984374999 0.6071428578125 0.8685515875 0.6143353171875 0.8675595234375001 0.6237599203124999 0.8645833328125001 0.6269841265625 0.8613591265625 0.6165674609375 0.82762896875 0.615575396875 0.8216765875 0.6113591265625 0.8107638890625 0.6111111109375 0.806795634375 0.6083829359374999 0.7981150796875001 0.6006944437499999 0.778273809375 0.596230159375 0.7601686515625 0.5979662703125 0.7554563484375 0.6051587296875 0.7509920640625001 0.6227678578125 0.7480158734375 0.6314484125 0.7423115078125 0.6361607140625 0.7418154765625 0.6386408734375 0.740575396875 0.6388888890625 0.731894840625 0.5979662703125 0.6116071421875 0.594928075 0.6083209328125 0.5917658734375 0.599454365625 0.5890376984375 0.5992063484375 0.57762896875 0.6019345234375 0.574652778125 0.6046626984375 0.5634920640625001 0.60887896875 0.5570436515625 0.60887896875 0.5491071421875 0.6108630953125 0.5451388890625 0.6108630953125 0.5302579359374999 0.6170634921875 0.5210813484375 0.61904761875 0.514880953125 0.6232638890625 0.512896825 0.6230158734375 0.4985119046875 0.6267361109375 0.49305555625 0.6292162703125 0.47197420625 0.63467261875 0.4672619046875 0.63740079375 0.46031746093750003 0.637896825 0.4456845234375 0.646825396875 0.4375 0.646825396875 0.4270833328125 0.65029761875 0.422123015625 0.653273809375 0.40823412656249997 0.656994046875 0.40178571406249997 0.6574900796875001 0.33159722187499996 0.6808035718750001 0.3229166671875 0.681299603125 0.3196924609375 0.6800595234375 0.3174603171875 0.6805555562500001 0.31696428593750003 0.6820436515625 0.3489583328125 0.8767361109375 0.35590277812500004 0.9273313484375001 0.3573908734375 0.9355158734375
0 0.6391369046875 0.7018849203124999 0.6426091265625 0.6991567453124999 0.6666666671875 0.68799603125 0.674355159375 0.6857638890625 0.6763392859375 0.6837797625 0.6827876984375 0.68154761875 0.696924603125 0.6738591265625 0.7085813484375 0.6698908734375 0.7110615078125 0.6676587296875 0.716269840625 0.66592261875 0.7251984125 0.6599702375 0.7423115078125 0.6542658734375 0.7512400796875001 0.6490575390625 0.7564484125 0.6473214281249999 0.759424603125 0.6445932546875001 0.76612103125 0.6426091265625 0.768601190625 0.640625 0.77529761875 0.6388888890625 0.860119046875 0.6011904765625 0.8616071421875 0.6004464281249999 0.8635912703124999 0.5947420640625001 0.8705357140625001 0.593501984375 0.8735119046875001 0.5897817453124999 0.874751984375 0.5897817453124999 0.874751984375 0.578125 0.8680555562500001 0.57862103125 0.8665674609374999 0.5803571421875 0.8524305562500001 0.5865575390625 0.8501984125 0.5892857140625 0.8385416671874999 0.593501984375 0.8353174609374999 0.59375 0.82862103125 0.5982142859375 0.80282738125 0.6103670640625001 0.6803075390625 0.66592261875 0.6453373015625 0.6827876984375 0.62822420625 0.689980159375 0.6272321421875 0.6914682546875001 0.627728175 0.6976686515625 0.6302083328125 0.7018849203124999 0.6359126984375 0.702876984375 0.6391369046875 0.7018849203124999
0 0.6294642859375 0.9303075390625001 0.6356646828125 0.947420634375 0.6388888890625 0.9516369046875001 0.6416170640625001 0.95907738125 0.6507936515625 0.9707341265625 0.6540178578125 0.9729662703124999 0.66220238125 0.9764384921874999 0.6698908734375 0.9766865078125001 0.6783234125 0.974454365625 0.70907738125 0.9598214281249999 0.77529761875 0.925347221875 0.78720238125 0.9201388890625 0.8712797625 0.877480159375 0.8732638890625 0.875248015625 0.874751984375 0.875248015625 0.874751984375 0.8616071421875 0.871527778125 0.85987103125 0.8705357140625001 0.855902778125 0.8697916671874999 0.8571428578125 0.8702876984374999 0.8616071421875 0.8678075390625001 0.8640873015625001 0.8613591265625 0.8665674609374999 0.860119046875 0.8660714281249999 0.85887896875 0.8613591265625 0.858630953125 0.864707340625 0.859375 0.86532738125 0.8578869046875001 0.8683035718750001 0.8519345234375001 0.8712797625 0.8501984125 0.8732638890625 0.84052579375 0.875248015625 0.8397817453125 0.8732638890625 0.838045634375 0.872519840625 0.8350694437499999 0.8727678578125 0.834325396875 0.875 0.8293650796875 0.875 0.818204365625 0.880704365625 0.8169642859374999 0.8829365078125001 0.812748015625 0.88467261875 0.8105158734375 0.8891369046875001 0.781994046875 0.9082341265625 0.771329365625 0.9129464281249999 0.768105159375 0.912450396875 0.766369046875 0.9102182546875 0.7609126984375 0.911954365625 0.7633928578125 0.9146825390625001 0.762648809375 0.916170634375 0.752480159375 0.92137896875 0.75049603125 0.924355159375 0.747271825 0.9258432546875 0.74032738125 0.92782738125 0.7388392859375 0.9260912703124999 0.7388392859375 0.9228670640625 0.7356150796875001 0.9233630953124999 0.734623015625 0.9305555562500001 0.7299107140625 0.9337797625 0.7271825390625 0.9327876984374999 0.7269345234375 0.9305555562500001 0.7266865078125 0.931795634375 0.6552579359374999 0.9553571421875 0.650049603125 0.9464285718750001 0.6336805562500001 0.9074900796875 0.6316964281249999 0.9047619046875001 0.627728175 0.8926091265625 0.6237599203124999 0.8869047625 0.6202876984375 0.8769841265625 0.6185515875 0.87450396875 0.61532738125 0.8732638890625 0.6145833328125 0.86904761875 0.609623015625 0.86904761875 0.6076388890625 0.8730158734375 0.6078869046875 0.87822420625 0.6168154765625 0.896329365625 0.62450396875 0.921130953125 0.6294642859375 0.9303075390625001
0 0.8675595234375001 0.650049603125 0.8702876984374999 0.6517857140625 0.874751984375 0.65029761875 0.874751984375 0.59052579375 0.8583829359375 0.5952380953125 0.8449900796875 0.606398809375 0.846726190625 0.6130952375 0.853670634375 0.624751984375 0.8638392859374999 0.6450892859375 0.8675595234375001 0.650049603125
0 0.76884920625 0.46502976250000005 0.7708333328125 0.47098214218749995 0.7735615078125 0.4737103171875 0.7762896828125 0.4794146828125 0.7800099203124999 0.481646825 0.7827380953125 0.487103175 0.7899305562500001 0.49280753906249997 0.7926587296875 0.49652777812500004 0.7931547625 0.4987599203125 0.79092261875 0.5054563484375 0.7916666671875 0.50967261875 0.8350694437499999 0.590773809375 0.8382936515624999 0.5927579359374999 0.849950396875 0.5885416671875 0.86532738125 0.5791170640625001 0.8675595234375001 0.5761408734375 0.8668154765624999 0.574652778125 0.753472221875 0.372023809375 0.74950396875 0.3695436515625 0.7356150796875001 0.372271825 0.7326388890625 0.374751984375 0.7304067453124999 0.3737599203125 0.7237103171875 0.3737599203125 0.7209821421875 0.37599206406249996 0.7209821421875 0.377728175 0.7266865078125 0.3893849203125 0.7641369046875 0.45907738125 0.76884920625 0.46502976250000005
0 0.7487599203124999 0.5297619046875 0.75322420625 0.5324900796875001 0.771825396875 0.5171130953125 0.7827380953125 0.509424603125 0.7884424609375 0.5039682546875001 0.791170634375 0.4982638890625 0.7867063484375 0.4923115078125 0.762648809375 0.468998015625 0.7385912703125 0.446924603125 0.7358630953125 0.4456845234375 0.7232142859375 0.45362103125 0.70262896875 0.46949404687499996 0.6991567453124999 0.4761904765625 0.6986607140625 0.47842261875 0.699652778125 0.48065476250000005 0.70634920625 0.48784722187499996 0.7487599203124999 0.5297619046875
0 0.6738591265625 0.5074404765625 0.6803075390625 0.506200396875 0.6830357140625 0.5047123015625 0.684771825 0.5017361109375 0.6917162703125 0.4699900796875 0.6976686515625 0.440476190625 0.6981646828125 0.43154761875 0.668898809375 0.4231150796875 0.653769840625 0.4203869046875 0.6525297625 0.4208829359375 0.6483134921875 0.43303571406249997 0.6450892859375 0.4392361109375 0.643105159375 0.455853175 0.640625 0.4640376984375 0.6393849203124999 0.4737103171875 0.6364087296875 0.484126984375 0.6331845234375 0.48834325468750006 0.6319444437499999 0.4923115078125 0.6324404765625 0.49627976250000005 0.6361607140625 0.4985119046875 0.646329365625 0.5 0.6738591265625 0.5074404765625
0 0.641369046875 0.4201388890625 0.64384920625 0.4268353171875 0.643601190625 0.4320436515625 0.6421130953125 0.43551587343750003 0.6428571421875 0.43824404687499996 0.6450892859375 0.440476190625 0.6470734125 0.4387400796875 0.6475694437499999 0.431299603125 0.6522817453124999 0.4208829359375 0.6540178578125 0.41989087343750003 0.6626984125 0.4228670640625 0.6646825390625 0.421626984375 0.6654265875 0.41964285781250005 0.650545634375 0.37450396874999997 0.646825396875 0.3732638890625 0.6386408734375 0.375 0.63467261875 0.3769841265625 0.637648809375 0.3841765875 0.640625 0.403769840625 0.641369046875 0.4201388890625
0 0.621959821875 0.4902733140625 0.6436914687499999 0.42937723281249995 0.6367658734375 0.3768392859375 0.48679439531249996 0.3828095234375 0.488466021875 0.43654141874999997 0.48798834375 0.48645238125 0.49419742031249997 0.493377728125 0.621959821875 0.4902733140625
0 0.8377953874999999 0.35690972187500003 0.8406118546875 0.3543494546875 0.77788368125 0.25193625937499997 0.6631810515625001 0.2621775796875 0.66190079375 0.2662740578125 0.719508184375 0.37329588281250004 0.8377953874999999 0.35690972187500003
0 0.670605903125 0.2624337796875 0.68955233125 0.259361359375 0.6741904765625 0.23196577343749997 0.6544759421874999 0.2363182046875 0.6506354171875001 0.24809573437500002 0.6603645828125 0.264994046875 0.66394915625 0.26064136875 0.670605903125 0.2624337796875
0 0.6510416671875 0.23487103125000003 0.721230159375 0.22594246093749998 0.7261904765625 0.22445436562499999 0.7294146828125 0.222222221875 0.730902778125 0.22048611093749998 0.731398809375 0.21626984062500001 0.7251984125 0.2041170640625 0.6964285718750001 0.15699404687500002 0.6946924609375 0.1547619046875 0.6852678578125 0.153521825 0.5801091265625 0.1664186515625 0.5694444437499999 0.168898809375 0.56845238125 0.1703869046875 0.5667162703125 0.180803571875 0.5607638890625 0.23611111093749998 0.5605158734375 0.24404761874999997 0.5634920640625001 0.2457837296875 0.640873015625 0.2353670640625 0.6510416671875 0.23487103125000003
0 0.381200396875 0.2385912703125 0.3856646828125 0.2388392859375 0.3955853171875 0.24305555625 0.4015376984375 0.24826388906250002 0.40575396875 0.25 0.41344246093750003 0.25967261875 0.41617063437499996 0.2609126984375 0.418898809375 0.2619047625 0.42559523749999995 0.2616567453125 0.43427579375 0.259920634375 0.4362599203125 0.255704365625 0.4360119046875 0.2514880953125 0.431299603125 0.19469246093749998 0.4295634921875 0.1855158734375 0.4283234125 0.184771825 0.41840277812500004 0.1852678578125 0.40823412656249997 0.18725198437499999 0.3821924609375 0.1894841265625 0.377480159375 0.19097222187500001 0.37450396874999997 0.19345238125 0.37400793593750004 0.1984126984375 0.377976190625 0.22867063437500001 0.3802083328125 0.23759920625 0.381200396875 0.2385912703125
1 0.4007936515625 0.4320436515625 0.40203372968749995 0.435019840625 0.4050099203125 0.43700396875 0.415178571875 0.450644840625 0.440476190625 0.478174603125 0.4422123015625 0.48214285781250005 0.446924603125 0.4858630953125 0.45734127031250005 0.49801587343750003 0.4635416671875 0.502480159375 0.466021825 0.5076884921875 0.47197420625 0.5141369046875 0.474950396875 0.515625 0.4858630953125 0.5166170640625001 0.4890873015625 0.518105159375 0.4908234125 0.5327380953125 0.4925595234375 0.5389384921875 0.497519840625 0.5431547625 0.49950396875 0.5486111109375 0.50595238125 0.556299603125 0.5223214281249999 0.571924603125 0.5334821421875 0.5855654765625 0.5357142859375 0.5865575390625 0.5389384921875 0.593005953125 0.5391865078125 0.60342261875 0.5426587296875 0.6081349203124999 0.5486111109375 0.60887896875 0.5602678578125 0.606398809375 0.590277778125 0.5952380953125 0.5915178578125 0.58779761875 0.578373015625 0.5726686515625 0.57217261875 0.5699404765625 0.5691964281249999 0.5706845234375 0.5538194437499999 0.562748015625 0.54737103125 0.55654761875 0.54365079375 0.550347221875 0.5359623015625 0.5426587296875 0.5292658734375 0.5327380953125 0.525545634375 0.5302579359374999 0.5136408734375 0.5166170640625001 0.5019841265625 0.50595238125 0.4987599203125 0.500744046875 0.4893353171875 0.4908234125 0.487351190625 0.4861111109375 0.481894840625 0.48214285781250005 0.46279761875 0.45907738125 0.45262896875 0.44915674531249994 0.44890872968749995 0.4439484125 0.424355159375 0.41765872968749995 0.4166666671875 0.4079861109375 0.4139384921875 0.40699404687499996 0.4079861109375 0.4077380953125 0.4015376984375 0.4114583328125 0.3980654765625 0.41493055625 0.396329365625 0.422123015625 0.39732142812500004 0.42757936562500004 0.3988095234375 0.43030753906249997 0.4007936515625 0.4320436515625