5 0.662450396875 0.48363095312500004 0.6651785718750001 0.484623015625 0.70907738125 0.484126984375 0.747023809375 0.48239087343750003 0.75 0.47842261875 0.75049603125 0.47445436562500004 0.7480158734375 0.47098214218749995 0.7455357140625 0.4697420640625 0.7385912703125 0.4623015875 0.73487103125 0.4613095234375 0.731646825 0.45535714218749995 0.7274305562500001 0.452876984375 0.7269345234375 0.45114087343750003 0.7078373015625 0.4320436515625 0.70362103125 0.4233630953125 0.7053571421875 0.41989087343750003 0.7048611109375 0.4079861109375 0.706597221875 0.4047619046875 0.705605159375 0.400049603125 0.7068452375 0.3918650796875 0.7043650796875001 0.3851686515625 0.706101190625 0.38095238125 0.7048611109375 0.36259920625 0.706101190625 0.356398809375 0.7046130953125 0.3492063484375 0.705605159375 0.341021825 0.7041170640625001 0.338045634375 0.706597221875 0.3335813484375 0.7043650796875001 0.325644840625 0.7051091265625 0.3179563484375 0.70362103125 0.3137400796875 0.7048611109375 0.310019840625 0.702876984375 0.30034722187499996 0.703373015625 0.2946428578125 0.6976686515625 0.2854662703125 0.6832837296875 0.2792658734375 0.6671626984375 0.278521825 0.6475694437499999 0.281994046875 0.6383928578125 0.2867063484375 0.6334325390625 0.29092261875 0.6294642859375 0.3015873015625 0.6294642859375 0.3263888890625 0.6304563484375 0.331101190625 0.6292162703125 0.33928571406249997 0.63095238125 0.3452380953125 0.6297123015625 0.3487103171875 0.6299603171875 0.35491071406249997 0.6287202375 0.3613591265625 0.6299603171875 0.369295634375 0.6287202375 0.3727678578125 0.6292162703125 0.38095238125 0.627728175 0.38740079375 0.6292162703125 0.3918650796875 0.62822420625 0.3958333328125 0.6297123015625 0.415178571875 0.6289682546875001 0.4300595234375 0.6259920640625001 0.437748015625 0.6240079359374999 0.4392361109375 0.6230158734375 0.4422123015625 0.6197916671875 0.4451884921875 0.6183035718750001 0.4456845234375 0.615575396875 0.44469246093750003 0.6140873015625 0.4481646828125 0.606398809375 0.455605159375 0.6041666671875 0.459325396875 0.5982142859375 0.46279761875 0.596726190625 0.4675099203125 0.593998015625 0.471230159375 0.593005953125 0.47867063437499996 0.5952380953125 0.48239087343750003 0.5987103171875 0.4828869046875 0.662450396875 0.48363095312500004
5 0.5089285718750001 0.552579365625 0.5198412703125 0.5545634921875 0.5272817453124999 0.5582837296875 0.534226190625 0.5587797625 0.5386904765625 0.5605158734375 0.549355159375 0.5612599203124999 0.568700396875 0.5667162703125 0.5706845234375 0.563244046875 0.57490079375 0.5625 0.5761408734375 0.5602678578125 0.5763888890625 0.556299603125 0.5796130953125 0.5508432546875001 0.5890376984375 0.547123015625 0.5949900796875001 0.5520833328125 0.6011904765625 0.5508432546875001 0.6051587296875 0.5535714281249999 0.612103175 0.55282738125 0.615575396875 0.5545634921875 0.6180555562500001 0.5572916671875 0.62177579375 0.5553075390625 0.627480159375 0.5585317453124999 0.63095238125 0.559027778125 0.6334325390625 0.5582837296875 0.6383928578125 0.5610119046875 0.6421130953125 0.5607638890625 0.6453373015625 0.55927579375 0.6478174609375 0.562251984375 0.6507936515625 0.5637400796875001 0.6547619046875 0.5610119046875 0.6584821421875 0.5625 0.659226190625 0.5647321421875 0.662450396875 0.5667162703125 0.6676587296875 0.5634920640625001 0.6698908734375 0.564980159375 0.67137896875 0.568700396875 0.6741071421875 0.5691964281249999 0.6758432546875001 0.5674603171875 0.68154761875 0.5674603171875 0.6830357140625 0.5694444437499999 0.6860119046875 0.5696924609375 0.689980159375 0.56845238125 0.6946924609375 0.5709325390625 0.703125 0.5694444437499999 0.706597221875 0.572420634375 0.709325396875 0.5734126984375 0.7145337296875 0.57217261875 0.71875 0.5734126984375 0.722222221875 0.57217261875 0.7242063484375 0.5699404765625 0.7306547625 0.568204365625 0.7299107140625 0.563244046875 0.7328869046875 0.5577876984375 0.73387896875 0.5456349203124999 0.7356150796875001 0.5419146828125 0.7361111109375 0.5379464281249999 0.733630953125 0.5292658734375 0.7333829359374999 0.5173611109375 0.7269345234375 0.512896825 0.7172619046875 0.51240079375 0.716021825 0.5133928578125 0.716021825 0.5173611109375 0.7132936515625 0.518601190625 0.7105654765625 0.50967261875 0.706597221875 0.5086805562500001 0.7008928578125 0.5091765875 0.6946924609375 0.5049603171875 0.6927083328125 0.509424603125 0.690476190625 0.5104166671875 0.6860119046875 0.505704365625 0.6827876984375 0.5052083328125 0.6808035718750001 0.5079365078125 0.6741071421875 0.50595238125 0.67137896875 0.5039682546875001 0.6698908734375 0.5079365078125 0.6676587296875 0.5089285718750001 0.6636904765625 0.5064484125 0.6629464281249999 0.5017361109375 0.661954365625 0.500744046875 0.658730159375 0.500248015625 0.65674603125 0.5017361109375 0.6525297625 0.5017361109375 0.6507936515625 0.4982638890625 0.6480654765625 0.497023809375 0.6386408734375 0.49776785781250005 0.638144840625 0.49627976250000005 0.6364087296875 0.4952876984375 0.6321924609375 0.49578372968749995 0.6289682546875001 0.4945436515625 0.627480159375 0.4925595234375 0.62177579375 0.49131944375 0.6183035718750001 0.4920634921875 0.6133432546875001 0.4895833328125 0.610119046875 0.49131944375 0.606894840625 0.48883928593750003 0.6071428578125 0.4861111109375 0.606398809375 0.4856150796875 0.5979662703125 0.48487103125 0.59325396875 0.4826388890625 0.590773809375 0.477678571875 0.5917658734375 0.47470238125 0.591269840625 0.4704861109375 0.59325396875 0.4670138890625 0.5922619046875 0.45882936562500004 0.5575396828125 0.450644840625 0.5399305562500001 0.44866071406249997 0.528273809375 0.45114087343750003 0.5245535718750001 0.4546130953125 0.518353175 0.46651785781250005 0.513144840625 0.4796626984375 0.5116567453124999 0.48834325468750006 0.5101686515625 0.491071428125 0.5084325390625 0.49801587343750003 0.5084325390625 0.5022321421875 0.5066964281249999 0.505704365625 0.5044642859375 0.521825396875 0.5039682546875001 0.531001984375 0.5049603171875 0.5451388890625 0.5071924609375 0.5508432546875001 0.5089285718750001 0.552579365625
5 0.5478670640625001 0.78720238125 0.549603175 0.79092261875 0.5510912703125 0.800347221875 0.5523313484375 0.8015873015625001 0.5540674609375 0.8070436515624999 0.5602678578125 0.8110119046875001 0.56299603125 0.814980159375 0.568700396875 0.8177083328125001 0.57217261875 0.81200396875 0.575644840625 0.8105158734375 0.580605159375 0.80654761875 0.5823412703125 0.8018353171875001 0.5915178578125 0.7926587296875 0.6011904765625 0.7802579359374999 0.6116071421875 0.7770337296875 0.6158234125 0.777777778125 0.6210317453124999 0.7762896828125 0.6391369046875 0.775545634375 0.6445932546875001 0.7740575390625 0.6604662703125 0.7735615078125 0.6654265875 0.771825396875 0.67782738125 0.7725694437499999 0.686755953125 0.7705853171875 0.6917162703125 0.7705853171875 0.696924603125 0.76884920625 0.703125 0.7698412703125 0.7083333328125 0.768105159375 0.7132936515625 0.768601190625 0.7204861109375 0.7666170640625001 0.7264384921875 0.766369046875 0.7328869046875 0.7604166671875 0.734126984375 0.746527778125 0.7323908734375 0.7204861109375 0.7269345234375 0.7070932546875001 0.7224702375 0.7048611109375 0.7113095234375 0.7046130953125 0.703869046875 0.702380953125 0.6912202375 0.703869046875 0.6865079359374999 0.7053571421875 0.6835317453124999 0.705605159375 0.6800595234375 0.7043650796875001 0.6763392859375 0.706101190625 0.674355159375 0.7053571421875 0.6654265875 0.7053571421875 0.6636904765625 0.70634920625 0.65029761875 0.7053571421875 0.6445932546875001 0.706597221875 0.6386408734375 0.7051091265625 0.631200396875 0.7068452375 0.6259920640625001 0.7053571421875 0.619295634375 0.70634920625 0.615079365625 0.7046130953125 0.6039186515625 0.705853175 0.5977182546875001 0.7085813484375 0.593501984375 0.7070932546875001 0.5885416671875 0.703373015625 0.5734126984375 0.6894841265625 0.565228175 0.684523809375 0.56299603125 0.681299603125 0.556795634375 0.6798115078125 0.5548115078125 0.68154761875 0.5510912703125 0.6798115078125 0.5481150796875001 0.68154761875 0.5453869046875 0.68700396875 0.5424107140625 0.700148809375 0.5419146828125 0.7078373015625 0.5414186515625 0.7259424609375 0.5424107140625 0.7485119046875 0.546875 0.775545634375 0.5478670640625001 0.78720238125
5 0.747519840625 0.953125 0.75049603125 0.9518849203125 0.7552083328125 0.94717261875 0.7586805562500001 0.940972221875 0.76240079375 0.9387400796875 0.7638888890625 0.9355158734375 0.7710813484375 0.92782738125 0.7730654765625 0.916170634375 0.7720734125 0.9077380953124999 0.7638888890625 0.889880953125 0.756200396875 0.8799603171875001 0.75049603125 0.874751984375 0.7415674609375 0.8710317453125 0.7361111109375 0.8702876984374999 0.7227182546875001 0.875248015625 0.7165178578125 0.8787202375 0.7140376984375 0.8819444437499999 0.7075892859375 0.8859126984374999 0.6989087296875 0.896329365625 0.6956845234375 0.8983134921874999 0.6889880953125 0.906001984375 0.6706349203124999 0.9228670640625 0.6671626984375 0.9273313484375001 0.658978175 0.934027778125 0.6552579359374999 0.9394841265625 0.650049603125 0.9446924609374999 0.6470734125 0.9464285718750001 0.6388888890625 0.9546130953124999 0.6359126984375 0.956101190625 0.6304563484375 0.952876984375 0.621527778125 0.9521329359375 0.61904761875 0.953125 0.6158234125 0.9511408734375 0.6130952375 0.952380953125 0.6009424609375 0.9618055562500001 0.5830853171875 0.9796626984374999 0.5771329359374999 0.9861111109375 0.5716765875 0.99404761875 0.5709325390625 0.999751984375 0.6991567453124999 0.999751984375 0.7413194437499999 0.9585813484375001 0.747519840625 0.953125
5 0.3199404765625 0.915674603125 0.3298611109375 0.9196428578125 0.34697420625 0.9208829359375 0.35987103125000003 0.9238591265625 0.369295634375 0.9236111109375 0.3737599203125 0.921130953125 0.37549603125000003 0.921130953125 0.381200396875 0.9171626984374999 0.3821924609375 0.9136904765624999 0.38392857187499996 0.9117063484375001 0.39508928593750003 0.90947420625 0.4045138890625 0.9109623015625001 0.40699404687499996 0.91220238125 0.4112103171875 0.911954365625 0.41344246093750003 0.9129464281249999 0.44097222187499996 0.9166666671874999 0.44469246093750003 0.9164186515624999 0.4484126984375 0.918402778125 0.4543650796875 0.918402778125 0.4585813484375 0.9201388890625 0.47247023749999995 0.92137896875 0.4751984125 0.9228670640625 0.48090277812500004 0.92237103125 0.48363095312500004 0.924355159375 0.487103175 0.924355159375 0.48883928593750003 0.9233630953124999 0.4925595234375 0.924603175 0.50967261875 0.9238591265625 0.513144840625 0.9228670640625 0.5166170640625001 0.9198908734375 0.5171130953125 0.9164186515624999 0.5195932546875001 0.912450396875 0.5228174609375 0.9012896828124999 0.525545634375 0.896825396875 0.5262896828125 0.890625 0.5265376984375 0.8804563484375001 0.525049603125 0.874751984375 0.519097221875 0.86904761875 0.515873015625 0.8675595234375001 0.512896825 0.8675595234375001 0.5089285718750001 0.865079365625 0.5054563484375 0.865079365625 0.486855159375 0.858630953125 0.48363095312500004 0.858630953125 0.48115079375 0.8571428578125 0.4739583328125 0.8581349203125 0.46676587343750003 0.85615079375 0.4608134921875 0.856398809375 0.44866071406249997 0.853174603125 0.43700396875 0.8521825390625001 0.43402777812500004 0.8504464281249999 0.42534722187499996 0.8506944437499999 0.412450396875 0.8489583328125001 0.4077380953125 0.847222221875 0.40302579375 0.8492063484375001 0.3948412703125 0.8427579359375 0.3928571421875 0.833829365625 0.389880953125 0.830853175 0.38715277812500004 0.8296130953124999 0.38368055624999997 0.8301091265625 0.381200396875 0.828373015625 0.3700396828125 0.8258928578125 0.358630953125 0.821924603125 0.3484623015625 0.8214285718750001 0.343005953125 0.82217261875 0.34052579375 0.8244047625 0.3373015875 0.825148809375 0.334325396875 0.827876984375 0.33159722187499996 0.828869046875 0.3293650796875 0.8320932546875 0.322420634375 0.838045634375 0.31944444375000003 0.8417658734375 0.3147321421875 0.853670634375 0.3107638890625 0.8764880953124999 0.3107638890625 0.8970734125 0.3139880953125 0.9082341265625 0.31696428593750003 0.9129464281249999 0.3199404765625 0.915674603125
5 0.1582341265625 0.8261408734375 0.1669146828125 0.8325892859374999 0.1733630953125 0.8355654765624999 0.19097222187500001 0.8365575390625001 0.20238095312499998 0.8335813484375001 0.21304563437500001 0.8263888890625 0.22693452343749998 0.8142361109375 0.23239087343749998 0.8050595234375001 0.240575396875 0.7948908734375 0.2408234125 0.787450396875 0.24280753906250002 0.7822420640625001 0.25347222187499996 0.77157738125 0.2678571421875 0.7549603171875 0.2765376984375 0.7480158734375 0.283978175 0.7390873015625 0.2988591265625 0.7269345234375 0.30654761875 0.71875 0.31150793593750004 0.7167658734375 0.31597222187499996 0.7105654765625 0.321924603125 0.705605159375 0.32862103125000003 0.7021329359374999 0.33705357187499996 0.6939484125 0.3373015875 0.690228175 0.33407738125 0.6770833328125 0.3293650796875 0.6708829359374999 0.322420634375 0.666170634375 0.31944444375000003 0.6609623015625 0.3189484125 0.6579861109375 0.3167162703125 0.65625 0.3020833328125 0.6579861109375 0.30009920625 0.6604662703125 0.29340277812500004 0.662450396875 0.28224206406249996 0.672619046875 0.2775297625 0.6783234125 0.2574404765625 0.693204365625 0.252728175 0.6994047625 0.234623015625 0.7177579359374999 0.2085813484375 0.7380952375 0.20238095312499998 0.7410714281249999 0.197420634375 0.7410714281249999 0.194196428125 0.7428075390625 0.18650793593749998 0.743799603125 0.1798115078125 0.7480158734375 0.177579365625 0.7509920640625001 0.16468253906250002 0.759424603125 0.1525297625 0.7710813484375 0.146825396875 0.78125 0.1453373015625 0.786954365625 0.1445932546875 0.794146825 0.1453373015625 0.80282738125 0.1510416671875 0.818204365625 0.1582341265625 0.8261408734375
5 0.1614583328125 0.574652778125 0.1641865078125 0.5758928578125 0.1760912703125 0.5758928578125 0.17881944375 0.574652778125 0.202876984375 0.61904761875 0.20833333281250002 0.621527778125 0.2075892859375 0.6264880953125 0.20833333281250002 0.6321924609375 0.2095734125 0.6316964281249999 0.2150297625 0.6341765875 0.21602182499999997 0.6359126984375 0.2199900796875 0.637896825 0.21800595312499998 0.6418650796875001 0.2177579359375 0.646329365625 0.2165178578125 0.6478174609375 0.21626984062500001 0.650545634375 0.2197420640625 0.6552579359374999 0.21875 0.6579861109375 0.2199900796875 0.6629464281249999 0.2289186515625 0.6790674609375 0.23487103125000003 0.6855158734375 0.24156746093749998 0.6892361109375 0.249751984375 0.690476190625 0.2604166671875 0.6855158734375 0.2641369046875 0.6783234125 0.26463293593750004 0.6733630953125 0.2606646828125 0.6701388890625 0.2581845234375 0.665674603125 0.25446428593750003 0.6631944437499999 0.2522321421875 0.6582341265625 0.249751984375 0.65947420625 0.2477678578125 0.6577380953125 0.24479166718749998 0.6572420640625001 0.234623015625 0.62549603125 0.23487103125000003 0.6183035718750001 0.23239087343749998 0.612103175 0.23189484062500001 0.6024305562500001 0.2296626984375 0.599950396875 0.23239087343749998 0.59325396875 0.234623015625 0.5915178578125 0.234623015625 0.5895337296875 0.234126984375 0.58779761875 0.23164682499999997 0.5865575390625 0.2306547625 0.571924603125 0.22842261874999997 0.5689484125 0.22916666718749998 0.562748015625 0.2266865078125 0.5610119046875 0.2266865078125 0.55927579375 0.2289186515625 0.5577876984375 0.23635912656250002 0.5446428578125 0.234126984375 0.5334821421875 0.23511904687500002 0.52802579375 0.2328869046875 0.51884920625 0.23263888906250002 0.5104166671875 0.2299107140625 0.5014880953125 0.22594246093749998 0.49305555625 0.2234623015625 0.49007936562500004 0.21701388906250002 0.48883928593750003 0.2085813484375 0.4895833328125 0.196428571875 0.49305555625 0.19097222187500001 0.49578372968749995 0.18774801562500001 0.49627976250000005 0.16319444375 0.509424603125 0.159226190625 0.5141369046875 0.15600198437499999 0.51612103125 0.14012896875 0.521825396875 0.1383928578125 0.525545634375 0.14112103125 0.5352182546875001 0.159226190625 0.57217261875 0.1614583328125 0.574652778125
5 0.23611111093749998 0.48214285781250005 0.2358630953125 0.48660714218749995 0.2385912703125 0.49603174531249994 0.237847221875 0.5054563484375 0.2398313484375 0.5084325390625 0.23958333281250002 0.5143849203124999 0.24156746093749998 0.518105159375 0.240575396875 0.5210813484375 0.2423115078125 0.5275297625 0.24131944375 0.533730159375 0.24255952343749998 0.5414186515625 0.2445436515625 0.5456349203124999 0.24404761874999997 0.5488591265625 0.2462797625 0.5560515875 0.2460317453125 0.5605158734375 0.2487599203125 0.5639880953125 0.2477678578125 0.568204365625 0.25099206406249996 0.5731646828125 0.24925595312499998 0.5761408734375 0.25099206406249996 0.5796130953125 0.250744046875 0.58779761875 0.2485119046875 0.59325396875 0.2452876984375 0.596478175 0.24107142812500001 0.5974702375 0.24007936562499999 0.59970238125 0.234623015625 0.603174603125 0.2385912703125 0.6200396828125 0.24007936562499999 0.6354166671875 0.24305555625 0.64012896875 0.24305555625 0.64657738125 0.24503968281250002 0.6540178578125 0.2571924609375 0.6602182546875001 0.2581845234375 0.661954365625 0.2638888890625 0.6629464281249999 0.2671130953125 0.6609623015625 0.281994046875 0.659226190625 0.2867063484375 0.6579861109375 0.28794642812500004 0.656498015625 0.29092261875 0.6574900796875001 0.297619046875 0.6552579359374999 0.3075396828125 0.6542658734375 0.3177083328125 0.6507936515625 0.3196924609375 0.6483134921875 0.3226686515625 0.6480654765625 0.3268849203125 0.6418650796875001 0.33159722187499996 0.6426091265625 0.334325396875 0.6386408734375 0.33482142812500004 0.624751984375 0.3358134921875 0.6230158734375 0.334325396875 0.6026785718750001 0.33159722187499996 0.5957341265625 0.3298611109375 0.5947420640625001 0.328373015625 0.5915178578125 0.3258928578125 0.5925099203124999 0.32465277812500004 0.590277778125 0.32465277812500004 0.58779761875 0.3226686515625 0.5855654765625 0.31696428593750003 0.5853174609375 0.31349206406249996 0.5820932546875001 0.30902777812500004 0.575396825 0.30381944375000003 0.5644841265625 0.3018353171875 0.5483630953125 0.3023313484375 0.544394840625 0.30009920625 0.5404265875 0.3010912703125 0.5364583328125 0.299851190625 0.5332341265625 0.30034722187499996 0.528273809375 0.2988591265625 0.518105159375 0.296626984375 0.5138888890625 0.29637896874999997 0.50967261875 0.293898809375 0.50595238125 0.2904265875 0.4858630953125 0.28794642812500004 0.48635912656249997 0.283978175 0.47867063437499996 0.2834821421875 0.47098214218749995 0.2790178578125 0.4605654765625 0.27777777812500004 0.45510912656249997 0.268601190625 0.439980159375 0.26463293593750004 0.437748015625 0.2614087296875 0.437251984375 0.252728175 0.437748015625 0.23635912656250002 0.44171627031250005 0.234375 0.4429563484375 0.23164682499999997 0.45089285781250005 0.231398809375 0.45907738125 0.2333829359375 0.4632936515625 0.2333829359375 0.47470238125 0.23611111093749998 0.48214285781250005
5 0.3422619046875 0.4699900796875 0.34375 0.47296627031250005 0.3387896828125 0.49007936562500004 0.3373015875 0.4908234125 0.3363095234375 0.4947916671875 0.333829365625 0.497519840625 0.333829365625 0.5104166671875 0.328373015625 0.509424603125 0.325644840625 0.5133928578125 0.325644840625 0.5143849203124999 0.328125 0.51612103125 0.31845238125 0.5396825390625 0.31845238125 0.53720238125 0.3167162703125 0.5352182546875001 0.31597222187499996 0.536954365625 0.31696428593750003 0.5414186515625 0.325644840625 0.559027778125 0.325644840625 0.5602678578125 0.3293650796875 0.5615079359374999 0.3298611109375 0.5642361109375 0.331101190625 0.565228175 0.33680555624999997 0.5669642859375 0.338045634375 0.568204365625 0.3457341265625 0.5689484125 0.35342261875 0.568204365625 0.3541666671875 0.562748015625 0.3578869046875 0.5602678578125 0.35887896874999997 0.556795634375 0.3608630953125 0.5550595234375 0.365079365625 0.5416666671875 0.365079365625 0.53852505 0.38616071406249997 0.515376984375 0.390625 0.5119047625 0.3960813484375 0.50967261875 0.3980654765625 0.50595238125 0.42237103125 0.5044642859375 0.44171627031250005 0.4982638890625 0.4454365078125 0.49578372968749995 0.4481646828125 0.4918154765625 0.4513888890625 0.49007936562500004 0.45709325468750006 0.478174603125 0.4583333328125 0.47197420625 0.45734127031250005 0.46006944375 0.4516369046875 0.44593253906249997 0.44717261875 0.4392361109375 0.43055555625 0.4236111109375 0.42584325468750006 0.42137896875 0.4171626984375 0.415178571875 0.4045138890625 0.408978175 0.37549603125000003 0.4015376984375 0.3516865078125 0.40550595312500004 0.3477182546875 0.4072420640625 0.3360615078125 0.415674603125 0.3345734125 0.419146825 0.3301091265625 0.4231150796875 0.3266369046875 0.43402777812500004 0.327380953125 0.44097222187499996 0.3335813484375 0.45709325468750006 0.33779761875 0.466269840625 0.3422619046875 0.4699900796875
5 0.4293154765625 0.38194444375000003 0.43675595312500004 0.387648809375 0.44320436562500004 0.39112103125000003 0.45882936562500004 0.3955853171875 0.5267857140625 0.4109623015625 0.528521825 0.41046627031250005 0.5334821421875 0.406001984375 0.5520833328125 0.3829365078125 0.5696924609375 0.36532738125 0.5714285718750001 0.3613591265625 0.574652778125 0.3608630953125 0.57862103125 0.35342261875 0.57490079375 0.3296130953125 0.5639880953125 0.3023313484375 0.5637400796875001 0.2986111109375 0.556795634375 0.2896825390625 0.549851190625 0.28720238125 0.5297619046875 0.2832341265625 0.519097221875 0.2824900796875 0.5069444437499999 0.2795138890625 0.48759920625 0.2770337296875 0.48363095312500004 0.2772817453125 0.4779265875 0.28174603125000003 0.462053571875 0.30580357187499996 0.4585813484375 0.309523809375 0.4543650796875 0.31200396874999997 0.4422123015625 0.3137400796875 0.4293154765625 0.321924603125 0.42509920625 0.3266369046875 0.42113095312500004 0.33407738125 0.41765872968749995 0.34821428593750003 0.41741071406249997 0.3546626984375 0.41840277812500004 0.36036706406249996 0.42237103125 0.3707837296875 0.4293154765625 0.38194444375000003
5 0.374751984375 0.60615079375 0.3841765875 0.612103175 0.41220238125 0.6230158734375 0.4310515875 0.6272321421875 0.435019840625 0.6272321421875 0.4456845234375 0.624751984375 0.45362103125 0.618799603125 0.46031746093750003 0.6173115078125 0.484126984375 0.625248015625 0.4918154765625 0.6267361109375 0.4952876984375 0.6289682546875001 0.5054563484375 0.63095238125 0.5136408734375 0.634920634375 0.519097221875 0.6359126984375 0.5424107140625 0.6450892859375 0.5448908734375 0.644097221875 0.5510912703125 0.6478174609375 0.5550595234375 0.6483134921875 0.5582837296875 0.65029761875 0.565476190625 0.6525297625 0.574652778125 0.65029761875 0.5833333328125 0.646329365625 0.5863095234375 0.64384920625 0.5927579359374999 0.6334325390625 0.593998015625 0.6269841265625 0.5947420640625001 0.5915178578125 0.5920138890625 0.5858134921875 0.5868055562500001 0.5835813484375 0.5863095234375 0.581597221875 0.581597221875 0.578373015625 0.562748015625 0.5716765875 0.5233134921875 0.5612599203124999 0.515376984375 0.5607638890625 0.5101686515625 0.5587797625 0.5054563484375 0.5582837296875 0.47867063437499996 0.5491071421875 0.474950396875 0.5458829359374999 0.47321428593750003 0.536954365625 0.468501984375 0.5292658734375 0.4635416671875 0.52529761875 0.4513888890625 0.5200892859375 0.4387400796875 0.518353175 0.43402777812500004 0.516369046875 0.41046627031250005 0.5141369046875 0.3928571421875 0.515625 0.387648809375 0.5176091265625 0.38368055624999997 0.5203373015625 0.37152777812500004 0.5332341265625 0.3678075390625 0.5446428578125 0.3648313484375 0.5483630953125 0.3633432546875 0.5582837296875 0.3608630953125 0.564980159375 0.3608630953125 0.577380953125 0.3645833328125 0.5915178578125 0.3697916671875 0.6001984125 0.374751984375 0.60615079375
5 0.3630952375 0.7147817453124999 0.374255953125 0.7165178578125 0.3926091265625 0.713045634375 0.39930555624999997 0.71279761875 0.4050099203125 0.7100694437499999 0.4109623015625 0.708829365625 0.41195436562500004 0.706597221875 0.421875 0.7048611109375 0.42559523749999995 0.7011408734375 0.42757936562500004 0.6889880953125 0.4310515875 0.6887400796875001 0.43303571406249997 0.686755953125 0.4548611109375 0.6852678578125 0.46031746093750003 0.68427579375 0.4704861109375 0.6795634921875 0.4779265875 0.6795634921875 0.48090277812500004 0.6783234125 0.4898313484375 0.67782738125 0.49280753906249997 0.6755952375 0.49578372968749995 0.6760912703125 0.509920634375 0.671875 0.5248015875 0.6706349203124999 0.5334821421875 0.6649305562500001 0.5389384921875 0.6579861109375 0.5381944437499999 0.656001984375 0.5357142859375 0.6545138890625 0.53447420625 0.6522817453124999 0.5354662703125 0.646329365625 0.533730159375 0.6448412703125 0.5302579359374999 0.6453373015625 0.5292658734375 0.6423611109375 0.5275297625 0.640873015625 0.515625 0.6386408734375 0.5042162703125 0.6329365078125 0.4610615078125 0.6197916671875 0.4543650796875 0.6212797625 0.453125 0.6235119046875 0.43365575468750006 0.6292162703125 0.4310515875 0.6292162703125 0.4236111109375 0.627976190625 0.41989087343750003 0.6262400796875001 0.415674603125 0.6262400796875001 0.4079861109375 0.6240079359374999 0.4047619046875 0.62177579375 0.3985615078125 0.6195436515625 0.387896825 0.6175595234375 0.3673115078125 0.61904761875 0.3571428578125 0.6185515875 0.34970238125 0.6227678578125 0.34275793593750004 0.6304563484375 0.3373015875 0.6428571421875 0.3360615078125 0.6498015875 0.33705357187499996 0.6765873015625 0.3420138890625 0.693204365625 0.35243055624999997 0.708829365625 0.3630952375 0.7147817453124999
5 0.2140376984375 0.40823412656249997 0.21701388906250002 0.40972222187499996 0.21924603125000003 0.412450396875 0.22916666718749998 0.4136904765625 0.23164682499999997 0.4166666671875 0.23685515937499999 0.41592261875 0.2435515875 0.41989087343750003 0.26884920625 0.4283234125 0.27777777812500004 0.44320436562500004 0.28447420625 0.44915674531249994 0.2884424609375 0.45114087343750003 0.3137400796875 0.45882936562500004 0.33258928593750003 0.46279761875 0.3345734125 0.46279761875 0.33407738125 0.45882936562500004 0.3298611109375 0.45089285781250005 0.3266369046875 0.439980159375 0.327380953125 0.4298115078125 0.331101190625 0.4166666671875 0.35987103125000003 0.4007936515625 0.3606150796875 0.4015376984375 0.3697916671875 0.4012896828125 0.372519840625 0.40252976250000005 0.38368055624999997 0.40178571406249997 0.384424603125 0.40054563437499996 0.381200396875 0.38467261875 0.3767361109375 0.3769841265625 0.3630952375 0.3668154765625 0.3578869046875 0.3611111109375 0.3457341265625 0.3571428578125 0.3110119046875 0.3516865078125 0.2991071421875 0.3519345234375 0.2948908734375 0.353174603125 0.278769840625 0.3648313484375 0.2671130953125 0.3630952375 0.2636408734375 0.3640873015625 0.2549603171875 0.36259920625 0.252480159375 0.3635912703125 0.246527778125 0.3608630953125 0.2423115078125 0.3613591265625 0.24131944375 0.36383928593750003 0.23759920625 0.36383928593750003 0.23511904687500002 0.3606150796875 0.2299107140625 0.3613591265625 0.22693452343749998 0.3635912703125 0.22470238125000003 0.3611111109375 0.2227182546875 0.3608630953125 0.2142857140625 0.3678075390625 0.2110615078125 0.368799603125 0.20560515937499999 0.38095238125 0.20486111093749998 0.3854166671875 0.2053571421875 0.39409722187499996 0.2085813484375 0.4010416671875 0.2140376984375 0.4066220234375 0.2140376984375 0.40823412656249997
5 0.6996815468750001 0.6939826390625 0.707376240625 0.6989995046875 0.7194201390625 0.70368204375 0.7368172125 0.6952916671875 0.7558866562500001 0.6758931046875001 0.7649196421875 0.6531498015625 0.7669270828125 0.6156904765625 0.7599012890625 0.5919439484375 0.7421698906249999 0.5752209828125 0.729122271875 0.5718764875 0.7197547125 0.5795689484375 0.7107217265625 0.59428521875 0.583591021875 0.56953521875 0.5802455359375001 0.573883184375 0.5966386406249999 0.5906061515625 0.6019915671875 0.6086669140625001 0.5926240078125 0.6374303078125 0.6909831343749999 0.66284920625 0.696670634375 0.6658881453125 0.6949977671875 0.6775942453125 0.6996815468750001 0.6939826390625
5 0.57857266875 0.8401795640625 0.5775689484375001 0.8257978671874999 0.5732197421875 0.8150952374999999 0.556157490625 0.8150952374999999 0.5481282234375 0.7970344734375 0.541771578125 0.75689930625 0.53775694375 0.7160952375 0.53206944375 0.6769635421875 0.5083162203125 0.67529141875 0.46783506875 0.682649553125 0.4460890375 0.6963623515624999 0.43672147812500006 0.7204432046875 0.4404015375 0.73850396875 0.4688387890625 0.783990575 0.48322445468749997 0.7856626984374999 0.492257440625 0.7903452375 0.5300622515625 0.8565679562499999 0.54980084375 0.8632571921875 0.5668633437499999 0.8565679562499999 0.57857266875 0.8401795640625