1 0.5267857140625 0.5801091265625 0.5456349203124999 0.580853175 0.56845238125 0.5791170640625001 0.583829365625 0.5647321421875 0.5890376984375 0.5518353171875 0.5887896828125 0.5419146828125 0.5860615078125 0.5327380953125 0.5830853171875 0.5272817453124999 0.577876984375 0.521329365625 0.5694444437499999 0.5176091265625 0.5570436515625 0.515873015625 0.55009920625 0.5173611109375 0.543898809375 0.5210813484375 0.5352182546875001 0.5290178578125 0.5364583328125 0.5404265875 0.5352182546875001 0.5605158734375 0.5332341265625 0.5669642859375 0.5267857140625 0.5801091265625
1 0.29588293593750004 0.7361111109375 0.299355159375 0.735119046875 0.30555555624999997 0.72842261875 0.309771825 0.721726190625 0.31597222187499996 0.7011408734375 0.325396825 0.6830357140625 0.3328373015625 0.66220238125 0.3382936515625 0.6388888890625 0.33705357187499996 0.63467261875 0.333829365625 0.630704365625 0.31572420625 0.624751984375 0.3139880953125 0.6230158734375 0.3105158734375 0.625248015625 0.30803571406249997 0.624751984375 0.3050595234375 0.628472221875 0.2981150796875 0.6460813484375 0.29786706406249996 0.65029761875 0.2852182546875 0.6832837296875 0.2698412703125 0.71924603125 0.27008928593750003 0.7269345234375 0.278769840625 0.730902778125 0.287450396875 0.7328869046875 0.29588293593750004 0.7361111109375
1 0.3665674609375 0.728670634375 0.375744046875 0.7083333328125 0.37549603125000003 0.7011408734375 0.3732638890625 0.6986607140625 0.372271825 0.6949404765625 0.3697916671875 0.7021329359374999 0.359375 0.7234623015625 0.3556547625 0.7321428578125 0.356894840625 0.7361111109375 0.3606150796875 0.7361111109375 0.3665674609375 0.728670634375
1 0.1949404765625 0.614808284375 0.2016369046875 0.6187765375 0.2123015875 0.6299372515624999 0.21701388906250002 0.6321693953125 0.22718253906250002 0.6296892359374999 0.24032738125000003 0.6242328875 0.2477678578125 0.6237368546875001 0.28174603125000003 0.6145602671875 0.28447420625 0.6108400296875 0.2889384921875 0.5976951890625 0.2931547625 0.5902547125 0.2956349203125 0.58703050625 0.299355159375 0.58703050625 0.3020833328125 0.5852943953125 0.303075396875 0.5830622515624999 0.30357142812500004 0.5788459828125 0.3023313484375 0.574381696875 0.3033234125 0.5550364578125 0.3020833328125 0.552308284375 0.2986111109375 0.5515642359374999 0.296875 0.54933209375 0.294394840625 0.5359392359374999 0.28993055624999997 0.5262666171875 0.28819444375000003 0.5193221718750001 0.28174603125000003 0.5108896328125 0.2698412703125 0.50245709375 0.259424603125 0.496752728125 0.24677579375 0.49278447343750004 0.23189484062500001 0.49228844218749995 0.2142857140625 0.4955126484375 0.197420634375 0.5046892359374999 0.1956845234375 0.5069213796875001 0.23413392812499997 0.5466850203125 0.24225545624999997 0.5466850203125 0.25494543593749996 0.5522686015625 0.264082340625 0.556837053125 0.2676356640625 0.5710498515625 0.257991071875 0.578663690625 0.2381946921875 0.586277778125 0.21789087343750002 0.5832321421875 0.2031703875 0.5715572921875001 0.2072311515625 0.5603901296875 0.21839831406250002 0.5527762890625 0.2300731640625 0.5482078375 0.1945411703125 0.5070922625 0.184523809375 0.5168420140625 0.178075396875 0.528498759375 0.17435515937499999 0.5381713796875001 0.16840277812499999 0.5590047125 0.1681547625 0.5661971718750001 0.1696428578125 0.5731416171875 0.17088293593749998 0.5905027281249999 0.1949404765625 0.614808284375
1 0.5275297625 0.515873015625 0.53075396875 0.5166170640625001 0.549603175 0.49007936562500004 0.55282738125 0.4826388890625 0.5523313484375 0.4704861109375 0.550347221875 0.46651785781250005 0.5399305562500001 0.4605654765625 0.5362103171875 0.45659722187499996 0.530505953125 0.455853175 0.50967261875 0.48214285781250005 0.50595238125 0.4853670640625 0.4990079359375 0.49404761875 0.51612103125 0.5044642859375 0.5205853171875 0.5079365078125 0.5275297625 0.515873015625
1 0.46638392812499996 0.5462142859375 0.469435515625 0.54430704375 0.4782083328125 0.5507916671875 0.48507415624999994 0.5588015875 0.4862185015625 0.5649045140625 0.4763013390625 0.561090278125 0.4572294140625 0.5534615578125 0.4635416671875 0.57490079375 0.46949404687499996 0.5949900796875001 0.4779265875 0.6158234125 0.48090277812500004 0.6163194437499999 0.48834325468750006 0.609623015625 0.49603174531249994 0.6044146828125 0.5012400796875001 0.5984623015625 0.5205853171875 0.5850694437499999 0.5272817453124999 0.577876984375 0.5327380953125 0.568204365625 0.5349702375 0.5605158734375 0.5359623015625 0.5446428578125 0.53447420625 0.528769840625 0.528521825 0.5176091265625 0.5233134921875 0.512648809375 0.5200892859375 0.5074404765625 0.5074404765625 0.5 0.4987599203125 0.497271825 0.48363095312500004 0.497023809375 0.46651785781250005 0.49925595312500004 0.45510912656249997 0.5076884921875 0.4454365078125 0.5195932546875001 0.4456845234375 0.525049603125 0.4560853171875 0.5523172125 0.4736312 0.558038690625 0.46638392812499996 0.5462142859375
1 0.47743303593749997 0.42797519843750004 0.4655208328125 0.445117559375 0.45215550625 0.463421875 0.4414052578125 0.47882093281250004 0.46348685468750006 0.494219990625 0.46958829375000005 0.49247668593749994 0.4838251484375 0.47330059531249996 0.49922420624999997 0.4483134921875 0.509393353125 0.43233358125 0.48702108125 0.41461011875000003 0.48585887968749997 0.41635342187499996 0.48527777812500006 0.4178060515625 0.47743303593749997 0.42797519843750004
1 0.41264112031250005 0.39921106093750003 0.4047963796875 0.410251984375 0.4196143359375 0.45383382968749997 0.42368204374999996 0.45964484062500005 0.430073909375 0.4642936515625 0.4358849203125 0.45615823437499997 0.448087796875 0.4384350203125 0.45912872031249996 0.4236170640625 0.46668278750000003 0.4108330859375 0.46755456406249996 0.4061842765625 0.45215550625 0.3931096234375 0.4312361109375 0.3832311515625 0.42716865156250006 0.3838122515625 0.42222916718750003 0.3884608140625 0.41264112031250005 0.39921106093750003
1 0.4980620046875 0.3701564984375 0.4995146328125 0.378582340625 0.5012579359375 0.381487846875 0.5128797125 0.375386409375 0.520724703125 0.36231175625 0.5198529265625 0.3559196421875 0.5186907234375 0.337324653125 0.5131703875 0.3306421125 0.49864310468750006 0.32134474218750003 0.4794670140625 0.3126282234375 0.4727844734375 0.311466021875 0.459419146875 0.314080853125 0.4443107640625 0.319891865625 0.439080853125 0.334709821875 0.43966195468749997 0.3527237109375 0.4437296625 0.358244046875 0.44750694375 0.3477844734375 0.4472162703125 0.3411016859375 0.44895957343750004 0.33703422656250004 0.4515744046875 0.337615328125 0.4544799109375 0.3399397328125 0.46755456406249996 0.3399397328125 0.48702108125 0.348365575 0.4968998015625 0.3588251484375 0.4980620046875 0.3701564984375
1 0.361795634375 0.317858134375 0.35976165625 0.325993303125 0.3676063984375 0.3570818453125 0.3737080859375 0.3675416671875 0.378647321875 0.370446925 0.395789434375 0.3701564984375 0.4039248515625 0.3649265875 0.41235069375 0.35940625000000004 0.4167088296875 0.3486560015625 0.41728993125 0.33703422656250004 0.41874280781250006 0.33354761875 0.395789434375 0.305073909375 0.3870731640625 0.3039119546875 0.37748511875 0.3065267859375 0.361795634375 0.317858134375
1 0.3327408234375 0.323378471875 0.3382611609375 0.3181485609375 0.343491071875 0.3071078875 0.346977678125 0.2946143359375 0.3620860609375 0.29054662656249997 0.38881646875000003 0.2838640875 0.3742889390625 0.2675935015625 0.35976165625 0.2731138390625 0.3385518359375 0.2835736609375 0.3309975203125 0.29345213281250004 0.3237338796875 0.30797941406249996 0.32489608125 0.3120471234375 0.3263489578125 0.31931076406250003 0.3327408234375 0.323378471875
1 0.3472681046875 0.243478175 0.335355903125 0.24115377031250002 0.3173420140625 0.2484174109375 0.305719990625 0.2545188484375 0.29903745000000004 0.2641068953125 0.2970037203125 0.2725327375 0.29642261875 0.2777626484375 0.2984563484375 0.28153968281249997 0.29990922656249996 0.2768908734375 0.31559871093749997 0.2539377484375 0.333321925 0.2487080859375 0.3449439484375 0.2487080859375 0.3472681046875 0.243478175
1 0.3657532234375 0.3731401296875 0.3676639390625 0.370410465625 0.3632966265625 0.3548516859375 0.361112846875 0.33929290624999997 0.3592021328125 0.3264635421875 0.35456175624999997 0.32100421562500003 0.3441892359375 0.32209622968749996 0.32863020781249996 0.322369046875 0.3259005453125 0.31472619062499996 0.3155280265625 0.3038075390625 0.279769840625 0.3046264875 0.27185391875 0.302169890625 0.24701438437499998 0.3038075390625 0.2440119046875 0.318274553125 0.24046329375000003 0.32127728125 0.2259962796875 0.32291493125000004 0.2052509921875 0.3253717765625 0.2038861609375 0.3149990078125 0.174679315625 0.31527207343749997 0.1776817953125 0.3354712296875 0.180957340625 0.3671349203125 0.1853249015625 0.38869915625 0.189965278125 0.4285515875 0.20825372031249997 0.4282787703125 0.2175344734375 0.42718675624999997 0.21889930624999998 0.4222735609375 0.2191721234375 0.41599528750000003 0.226815228125 0.41572247031250004 0.240190228125 0.41517658749999997 0.2576599703125 0.412173859375 0.260935515625 0.42281944375 0.26475694375000003 0.431554315625 0.2685783734375 0.4321001984375 0.28004290625 0.43018948437500004 0.28577505 0.42691393906249997 0.2934181546875 0.425821925 0.2956016859375 0.403712053125 0.3032447921875 0.3802373515625 0.3657532234375 0.3731401296875
1 0.4280384421875 0.23882415625000003 0.4227606640625 0.25311855156249996 0.41924206406250003 0.2645540671875 0.416603175 0.27225074375 0.41110540625 0.2843459828125 0.4130845734375 0.289184028125 0.4115451390625 0.296001240625 0.4346359125 0.3010592765625 0.43859424531249996 0.3017189984375 0.44607118124999995 0.29666096249999996 0.452888640625 0.282366815625 0.455087796875 0.283246528125 0.45838640937499997 0.28038764843749997 0.460585565625 0.2592760421875 0.4621247515625 0.2463013390625 0.46234474218750005 0.232446925 0.4621247515625 0.2238702875 0.46102529687500005 0.2104556046875 0.4363950890625 0.203418403125 0.42847842187499996 0.20935615156249998 0.4278187 0.212434771875 0.4280384421875 0.2271688984375 0.4280384421875 0.23882415625000003
1 0.3702016375 0.230467509375 0.36646329375 0.25861631875 0.36866220312500003 0.26059548593750004 0.37152108125 0.257956596875 0.373940228125 0.246741071875 0.3774588296875 0.23420610156250002 0.38009771875 0.2227705859375 0.3818571421875 0.20891617031249998 0.382076884375 0.2023189484375 0.3796579859375 0.2020989578125 0.3743799609375 0.21023561562499998 0.3702016375 0.230467509375
1 0.47883804531249996 0.26059548593750004 0.4759794140625 0.2753296125 0.4698216765625 0.2878645828125 0.47400000000000003 0.2880845734375 0.47993774843750003 0.2847859625 0.49071329375 0.28390624999999997 0.5061071421875 0.284565971875 0.5085262890625 0.28170709375 0.5118249015624999 0.27488988124999997 0.512924603125 0.2599357640625 0.5122648812499999 0.2487202375 0.481037203125 0.236844990625 0.481037203125 0.24410218281249998 0.481037203125 0.250259671875 0.47883804531249996 0.26059548593750004
1 0.5160032234374999 0.3223908734375 0.5204015375 0.326129215625 0.5226006937500001 0.3292080859375 0.526998759375 0.31491369062499996 0.526559028125 0.307216765625 0.52128125 0.29886011875 0.5144637890625 0.29094345312500003 0.505227678125 0.2867651296875 0.49841021874999997 0.2847859625 0.488514384375 0.284565971875 0.481037203125 0.2847859625 0.47312053593750003 0.28764459375 0.46674305625 0.293142609375 0.46586334375 0.2986403765625 0.46608333281250003 0.3032584328125 0.48345634843749996 0.3019389875 0.4893938484375 0.30589732187499996 0.5039079859375 0.3131545140625 0.5160032234374999 0.3223908734375
1 0.4836763390625 0.3562571921875 0.47070138906250003 0.350539434375 0.44915004999999997 0.35031944375 0.43903422656249996 0.377148809375 0.4366150796875 0.38484573437499997 0.4449717265625 0.3899037703125 0.4517889390625 0.390783234375 0.46234474218750005 0.3954015375 0.471801090625 0.3995798609375 0.48257663749999996 0.40903596249999996 0.49731076406249997 0.3791279765625 0.49577132968750004 0.3687921625 0.487634671875 0.363514384375 0.4836763390625 0.3562571921875
1 0.28415079374999996 0.7881750984375 0.30151835312499997 0.77964930625 0.3040446421875 0.7742810015625 0.28762425625 0.752492559375 0.2721512890625 0.7594397328125 0.26804613125 0.7651235125 0.22794270781249998 0.78596478125 0.20141765937499997 0.8017534718749999 0.1853129953125 0.8134372515624999 0.183418403125 0.819752728125 0.19131274843749999 0.8342782734374999 0.201101934375 0.8396465781250001 0.216890625 0.8317522328125 0.23078472187500002 0.8235419140625 0.26520411718750003 0.8036480656249999 0.28415079374999996 0.7881750984375
1 0.24120535781250002 0.7095471234375 0.2317321421875 0.7057576890624999 0.2052068453125 0.7199677578125 0.1859446921875 0.7319672625 0.177734375 0.74365079375 0.1821552578125 0.7540714281249999 0.1966810515625 0.7768072921875 0.19983878906250002 0.7891225203125 0.2146803078125 0.7834384921875001 0.2478365578125 0.7657552078125 0.2661515375 0.7521768359375 0.26520411718750003 0.7499662703125 0.2550994546875 0.74049305625 0.24120535781250002 0.7095471234375
1 0.2639412203125 0.8873286203124999 0.2832033734375 0.8800657234375 0.301834078125 0.8620664687499999 0.319201884375 0.8503829359375 0.32172792656250004 0.8402780265625 0.3201490578125 0.841225446875 0.3075181046875 0.85164608125 0.2936240078125 0.8620664687499999 0.271519840625 0.8788025796875001 0.24752083281249998 0.8933283734374999 0.250678571875 0.8964861109375001 0.251941715625 0.8952229656249999 0.2639412203125 0.8873286203124999
1 0.61472569375 0.67351959375 0.6100280265625 0.6682348703125001 0.6041560015624999 0.651205853125 0.6023943453125 0.6194970234375 0.590650296875 0.582503471875 0.5759704859375 0.582503471875 0.5354536203125 0.5854394843749999 0.5055062 0.5965962296875 0.5043318453125 0.6048169640625 0.5084422125 0.6318283734375 0.5107911703125 0.668821925 0.50374454375 0.683501984375 0.5107911703125 0.7152108140625 0.5466103671875 0.8044655265625 0.5518950890625 0.8038782234375 0.5947609125 0.7985935015625001 0.61766170625 0.792721478125 0.6247080859375 0.786262153125 0.6100280265625 0.703466765625 0.61472569375 0.7005307546874999 0.61590005 0.6946587296875 0.61472569375 0.67351959375
1 0.241603175 0.6633876484375001 0.23510317500000003 0.6832700890625001 0.23663268906249998 0.693211309375 0.2469563484375 0.6962700890625 0.2542209828125 0.6901525296875 0.2572797625 0.673711309375 0.272191715625 0.6343286203125 0.2565151296875 0.6282108140625 0.251162203125 0.6377698406250001 0.25039756875 0.6431227671874999 0.241603175 0.6633876484375001