4 0.3858209328125 0.4281341765625 0.3981014390625 0.420994046875 0.41637946406250004 0.416138640625 0.424090278125 0.42156522812499997 0.48949131875 0.41471056562499997 0.49434647812500004 0.4101408734375 0.49577430624999996 0.3987165171875 0.493775296875 0.39043377968750004 0.48977678593749996 0.38157986093749996 0.48435069375 0.3761532734375 0.47663963281250005 0.37443948437499996 0.41152430625 0.384150296875 0.40952504999999995 0.3835791171875 0.3301302078125 0.390148065625 0.33298611093749997 0.3981450890625 0.351549603125 0.430419146875 0.3858209328125 0.4281341765625
4 0.493775296875 0.4127837296875 0.50491319375 0.4276354171875 0.5077693453125 0.4399166671875 0.526618303125 0.4576245046875 0.5366140875000001 0.454197171875 0.55689136875 0.456196428125 0.5594615578125001 0.45248363124999996 0.5357574406250001 0.441915921875 0.5231912203125 0.4278487109375 0.5237624015625 0.419565971875 0.53090228125 0.3998588796875 0.522048859375 0.375867559375 0.5151946921875 0.3712978671875 0.5120530750000001 0.369584078125 0.5077693453125 0.37072643906249997 0.49577430624999996 0.3741537703125 0.48859523749999995 0.3784017859375 0.4954888390625 0.39079166718749997 0.4954888390625 0.3970751484375 0.493775296875 0.4127837296875
4 0.4620744046875 0.428777778125 0.463216765625 0.440487846875 0.46235987031250003 0.449341765625 0.4752115578125 0.431633928125 0.487777778125 0.42477926562499996 0.500058284375 0.43134846250000003 0.5037708328125 0.43563244062499995 0.49977256875 0.4216376484375 0.4940607640625 0.41392609062499996 0.466929315625 0.42449380000000003 0.4620744046875 0.428777778125
4 0.498915921875 0.5198876484375 0.4869208828125 0.487613590625 0.47806746093749997 0.4741899796875 0.4635022328125 0.4573387890625 0.4620744046875 0.4413447421875 0.46064632968749997 0.4224942953125 0.44979389843749995 0.4224942953125 0.4343717765625 0.42820659687499996 0.44836582343750003 0.4433439984375 0.44236830312500003 0.45933829375 0.498915921875 0.5198876484375
4 0.5131954359375 0.583329365625 0.5237624015625 0.5621941968749999 0.5020572921875 0.520209325 0.44151165625 0.45965997031250005 0.44836582343750003 0.4422016375 0.419806546875 0.41535416718749996 0.4012428078125 0.417924603125 0.38553521874999996 0.42934895781250004 0.3746827875 0.4413447421875 0.367257440625 0.4564821421875 0.3783955859375 0.46647842187500005 0.390676090625 0.486185515625 0.4023854171875 0.49589632968749997 0.41038194375000003 0.4910771328125 0.47635391875 0.5579099703125 0.5083405265625001 0.579902034375 0.5131954359375 0.583329365625
4 0.49748784687500003 0.597931546875 0.5006294640625 0.5896490578125 0.5109107140625 0.5810806046875 0.4823514390625 0.55937425625 0.4103454859375 0.5059893359375 0.4243759921875 0.5239585812499999 0.44665228125 0.5479499015625 0.49748784687500003 0.597931546875
4 0.516908234375 0.501680803125 0.4934895828125 0.48797147812499997 0.48576686562500004 0.4849342765625 0.50091493125 0.51710391875 0.5251904765625001 0.56965625 0.5280463796875 0.51853199375 0.516908234375 0.501680803125
4 0.514908978125 0.4842224703125 0.5194786703125 0.45994568437499994 0.5249047625000001 0.45794618125 0.492918403125 0.4282428078125 0.48492187500000006 0.42595783750000005 0.4817802578125 0.42967088281250004 0.46264558593749994 0.4502348703125 0.4620744046875 0.4548045640625 0.4809233625 0.47793898749999997 0.5297599203125001 0.51678199375 0.5294744546875 0.497360615625 0.521477678125 0.4930763890625 0.514908978125 0.4842224703125
4 0.5937328875000001 0.48736408750000004 0.5965887890625 0.4636584828125 0.5885922625 0.45994568437499994 0.5617462796875 0.45623263906249995 0.5431827874999999 0.45394766875 0.518336309375 0.4616592265625 0.5157658734375 0.48279439531249996 0.5171939484375 0.48879216249999996 0.529188740625 0.49450446406250004 0.5151946921875 0.7120349703125 0.5197641375 0.715748015625 0.5377564484375 0.7188896328125 0.557748015625 0.7180327375 0.5623174609375 0.7100357140625 0.5781579859375 0.4975044640625 0.5828802078125 0.4999310515625 0.5923048109375 0.49935987031250006 0.5937328875000001 0.48736408750000004
4 0.6019895828124999 0.4121701390625 0.6261381453125 0.43794841250000005 0.6264094734375 0.40131622031249997 0.6291227671875 0.34460416718750003 0.626680803125 0.335649553125 0.6228821921875001 0.3272375984375 0.61040079375 0.3239813984375 0.5938494546875 0.32669494062500004 0.5846242562499999 0.33130803593749997 0.5816393843750001 0.3397197421875 0.5819107140625001 0.3649553578125 0.58210391875 0.3693608625 0.594120784375 0.3752666171875 0.6030749015625 0.38449255937500004 0.6074161703125001 0.3904623015625 0.6019895828124999 0.4121701390625
4 0.589508184375 0.565926090625 0.59629141875 0.55235863125 0.5998189484374999 0.5404193953124999 0.6068735125 0.5374345234375 0.628580109375 0.5366202875 0.645402778125 0.5222388390625 0.6698229171875 0.528751240625 0.6926150796874999 0.5119275796875 0.6939717265625001 0.4980887890625 0.6893588796875 0.48452108125000004 0.6806763390625 0.46905431562500005 0.659512153125 0.44924578437499996 0.6502869546875 0.4454466765625 0.6312936515625001 0.44273338281249996 0.61365699375 0.4592857140625 0.611757440625 0.48452108125000004 0.611757440625 0.4883201890625 0.5783834328124999 0.5181686515624999 0.574584821875 0.5786795640625 0.5870662203125 0.5735240578125 0.589508184375 0.565926090625
4 0.5230314984375 0.5806822921875 0.521403521875 0.5714563484374999 0.5015959828125001 0.590722221875 0.49996800625000004 0.6002194937499999 0.5224888390625 0.6232842265625 0.5230314984375 0.5806822921875
4 0.529543403125 0.7171061515625 0.5165193453125 0.71249305625 0.5138060515625 0.704352678125 0.5110927578125 0.7016391375000001 0.5024099703125 0.7054379953125001 0.4961693953125 0.7217189984375 0.5018673109375 0.7439697421875 0.5083794640625 0.7542810015625 0.5317140375 0.767305803125 0.5488080359375 0.7705620046874999 0.566716021875 0.760793403125 0.5721428578125 0.735829365625 0.5775694437500001 0.7320302578125 0.57051488125 0.71819146875 0.593578125 0.6741641859375 0.58136805625 0.6595111609375001 0.5905935015625 0.6361750984375 0.609858134375 0.635632440625 0.6445887890625001 0.5727787703125 0.6451314484374999 0.5564977671875 0.6410615078124999 0.5456436015625 0.6209828875000001 0.5388598703125 0.6123000984375 0.5372318953125 0.609044146875 0.5385885421875 0.5998189484374999 0.5456436015625 0.569862846875 0.6123923609374999 0.5645453875 0.7108650796875 0.5602041171875001 0.717648809375 0.557762153125 0.71900545625 0.529543403125 0.7171061515625
4 0.5110927578125 0.801258928125 0.56183209375 0.8330069437500001 0.6055168656250001 0.8577686015625 0.6402475203125 0.8792051093750001 0.6497442953125 0.8824613093749999 0.6565275296874999 0.8794764390625 0.6646676593749999 0.8800193453125 0.67633506875 0.865908978125 0.6798623515625 0.8477286703125 0.674978175 0.836060515625 0.6638536703125 0.8279201390625 0.6188122515625001 0.8029558531250001 0.5515213296875 0.7703251484375 0.5387688484375001 0.771410465625 0.5075654765625 0.7524159218750001 0.5002393359374999 0.7399337796875 0.496415921875 0.73510243125 0.48585863125 0.73640625 0.47500545625 0.7469890875 0.46713665625 0.7716817953125 0.5110927578125 0.801258928125
4 0.5748561515625 0.7369146828125 0.5661733625 0.758894096875 0.5721428578125 0.7751750984375 0.6038888890624999 0.7928127484374999 0.6456743546875 0.7404422125 0.645402778125 0.733387153125 0.622339534375 0.7244325390624999 0.610169146875 0.6852420640625 0.5729568453125 0.712764384375 0.5775694437500001 0.729045634375 0.5748561515625 0.7369146828125
4 0.694751240625 0.51122891875 0.6768727671875 0.526380953125 0.6641455859375001 0.527290178125 0.6347522328124999 0.595171875 0.63869146875 0.59214136875 0.6480853171875001 0.58668675625 0.6532366078125 0.5860806046875 0.6650548109375001 0.588201884375 0.685660465625 0.60396006875 0.7335384421875 0.5030466265625 0.7229325390625 0.45728720312500004 0.7177810015625 0.451226190625 0.7026299609375 0.4521354171875 0.6892966265625 0.4800153765625 0.69081175625 0.48456101250000005 0.6944481640625 0.49425843281250004 0.694751240625 0.51122891875
4 0.5923286203125 0.6344181546875001 0.578389384375 0.65502505 0.5847529765624999 0.6662375984375 0.6071768359374999 0.682905009375 0.6486912203124999 0.7013906249999999 0.668690971875 0.6995724203125 0.67717584375 0.6759350203125 0.65808506875 0.6610858140625 0.6556609625 0.655328125 0.6317219734374999 0.6347212296875 0.6244900796875 0.610896825 0.6135404265625 0.6353271328125001 0.60566170625 0.6344181546875001 0.5923286203125 0.6344181546875001
4 0.8344459328125 0.7642358625 0.83808209375 0.7396892359375 0.83838516875 0.7315071921875 0.8202036203124999 0.7169610609375 0.793234375 0.6993846718750001 0.7862648812499999 0.7039303078125 0.67202430625 0.592559771875 0.6608122515625 0.5868018359375 0.6492973703125 0.586498759375 0.6423278765625 0.5877110609375 0.6356612109374999 0.5916505453124999 0.6305099203125 0.600741815625 0.627782490625 0.604984375 0.6289947921875 0.6207428078125 0.6314188984375 0.626803571875 0.6405096718750001 0.6352889390625001 0.74323511875 0.7363174609375001 0.7478616078125 0.7409372515625 0.74353819375 0.7578720234375 0.7695984625000001 0.7778727671875 0.8217187499999999 0.7687814984375 0.8344459328125 0.7642358625
4 0.634491815625 0.802037203125 0.6313072921875 0.810954365625 0.6749347718750001 0.8354761906249999 0.682258928125 0.8553018359375001 0.6723871531250001 0.8689957843749999 0.6676103671875 0.8801421125 0.6790744046875 0.883008184375 0.6886279765625 0.8785498515624999 0.6943598703125 0.8603970734375 0.697862846875 0.854027778125 0.8214203875000001 0.8253658234374999 0.874751984375 0.8107165171874999 0.874751984375 0.7549848703125 0.7997658734375 0.77377430625 0.6800297625 0.7995701890625 0.6784375 0.7991708828124999 0.666655009375 0.7892986109375 0.6606044140625 0.7832477671875 0.637039434375 0.788980159375 0.634491815625 0.802037203125
4 0.7383340781250001 0.26549776718749996 0.7451564984375 0.26729315468750003 0.76311011875 0.2726795640625 0.7659826390625 0.266934028125 0.759878471875 0.2604704859375 0.7473107640625 0.25472495 0.8105079359375 0.1843420140625 0.8173303578125 0.1904466765625 0.8356433531249999 0.185419146875 0.8557514875000001 0.16925992031249998 0.8521607140624999 0.15669146875 0.8403112593750001 0.13658209375000002 0.8094308031249999 0.11503621093750001 0.79111805625 0.1114454359375 0.7638283734375 0.1376594734375 0.775677828125 0.1570505953125 0.7152986109375 0.23158358125 0.716789434375 0.243951884375 0.7254072421875 0.2766297125 0.7383340781250001 0.26549776718749996
4 0.7753186999999999 0.26406125937499997 0.7864499015625 0.2647795140625 0.792554315625 0.2558020828125 0.8044037703125 0.240001984375 0.7642924109375 0.23711507968749998 0.755210565625 0.254006696875 0.7627509921875 0.25867485156250003 0.7753186999999999 0.26406125937499997
4 0.733665921875 0.1918829359375 0.7272026296874999 0.179314484375 0.7092490078125 0.16351438437500002 0.69554290625 0.1711314484375 0.7157123015625 0.22743353125 0.73797495 0.20301488124999997 0.733665921875 0.1918829359375
4 0.32522420625000004 0.5878266375 0.33225992031249996 0.5920984625 0.3533670640625 0.579533978125 0.3508541671875 0.576518353125 0.3385416671875 0.5609384921875 0.3239677578125 0.5456096234375 0.31215773750000003 0.5521431046874999 0.314670634375 0.5662155265625 0.27723040625 0.589334325 0.27949181562500003 0.596119046875 0.2890404265625 0.6134583328125001 0.32522420625000004 0.5878266375
4 0.3181884921875 0.6051974203125 0.314419146875 0.59916641875 0.310398809375 0.601679315625 0.30813740156249997 0.6149977671875 0.2973325890625 0.6175106640625 0.291804315625 0.6205262890625 0.30587574375000004 0.6431423609375 0.3164295640625 0.65269146875 0.329495784375 0.6519375000000001 0.33150595312500003 0.6509325390625 0.3342700890625 0.6386190468749999 0.335777778125 0.6270597718750001 0.33653149843749997 0.6172594250000001 0.3342700890625 0.6054486609375 0.335023809375 0.6029357640625 0.3317571921875 0.6034384921875 0.3181884921875 0.6051974203125
4 0.17912946406250002 0.37263368125 0.1708422625 0.36281919687499997 0.1472889390625 0.3458075390625 0.1315865578125 0.3530047125 0.1287514875 0.3602021328125 0.1315865578125 0.368926090625 0.1250438984375 0.37917683593749996 0.125 0.39727901718749997 0.14772495000000002 0.3870282734375 0.17912946406250002 0.37263368125