3 0.874751984375 0.30133928593750003 0.7859623015625 0.3397817453125 0.78720238125 0.34970238125 0.8082837296875001 0.3980654765625 0.1299603171875 0.5989583328125 0.125 0.7068452375 0.8727678578125 0.46502976250000005 0.874751984375 0.30133928593750003
3 0.3010912703125 0.540674603125 0.2614087296875 0 0.1262400796875 0.0037202375 0.125 0.6039186515625 0.3010912703125 0.540674603125
3 0.3159109625 0.64925868125 0.125 0.711284721875 0.125 0.8232537203125 0.32235540625 0.792643353125 0.3159109625 0.64925868125
3 0.40290848281249997 0.9005845734375001 0.141110615625 0.9521386406250001 0.125 0.999751984375 0.3932420640625 0.999751984375 0.479434028125 0.981943453125 0.874751984375 0.881251984375 0.874751984375 0.712090278125 0.1266111109375 0.82647569375 0.125 0.9408613593749999 0.36182638906250003 0.8925292656250001 0.40290848281249997 0.9005845734375001
3 0.5587016375 0.999751984375 0.874751984375 0.999751984375 0.874751984375 0.9296431046875 0.5587016375 0.999751984375
3 0.874751984375 0.880246528125 0.5794481640625 0.9602688484374999 0.584387896875 0.9869429562500001 0.613037946875 0.9810153765624999 0.8728638390624999 0.9237155265625001 0.874751984375 0.880246528125
3 0.6504392359375 0.4442286703125 0.7968958328125 0.39702926562499996 0.77329613125 0.3609357640625 0.6580744046875 0.31859523749999996 0.594910465625 0.3206775796875 0.5338291171875 0.3852294140625 0.5331349203125 0.39425297656249997 0.56228745 0.39425297656249997 0.6504392359375 0.4442286703125
3 0.874751984375 0.513639384375 0.8739417156249999 0.4671341765625 0.7753784718750001 0.4976748515625 0.8649181546875001 0.5351567453125 0.8711651781249999 0.5268273812500001 0.874751984375 0.513639384375
3 0.373490328125 0.14715079375 0.385984375 0.16172693437500002 0.5720049609375 0 0.45400669687499995 0.0034704859375 0.337396825 0.10203372968749999 0.3436438484375 0.11036309531249999 0.3707140375 0.13188045625 0.373490328125 0.14715079375
3 0.519946925 0.24293749999999997 0.5025942453125001 0.28805456406249996 0.8322951390625001 0.313736359375 0.874751984375 0.290830853125 0.874751984375 0.19990277812499999 0.5435466265625 0.17491493125 0.5338291171875 0.1756091265625 0.5310525796875 0.19573834375000002 0.519946925 0.24293749999999997
3 0.377655009375 0.2727842265625 0.42346602187500004 0.2790310015625 0.4297130453125 0.2998544140625 0.4456775796875 0.3033249015625 0.4498422625 0.2956897328125 0.4435952375 0.2866661703125 0.43318353125 0.26792534687499997 0.43596006875000004 0.243631696875 0.37557266875 0.235996528125 0.358219990625 0.24224330312500003 0.36030233125 0.25334920625 0.377655009375 0.2727842265625
3 0.3040796125 0.344277034375 0.3339263390625 0.372735615625 0.385984375 0.344277034375 0.388066715625 0.33872420625 0.351972965625 0.356076884375 0.33670262968750003 0.363712053125 0.324902778125 0.3581592265625 0.3040796125 0.3331713796875 0.3471143359375 0.2956897328125 0.360996528125 0.3005483625 0.38945486093750004 0.3359479171875 0.38737252031249997 0.32761855156249997 0.374878471875 0.3033249015625 0.33114980156249996 0.2387728171875 0.2929739578125 0.2769486609375 0.29644444375 0.3220657234375 0.3040796125 0.344277034375
3 0.708256696875 0.0605106640625 0.7132993546875 0.0525267859375 0.708256696875 0.047904265625 0.6431235125 0.08278199375 0.6637140375 0.08320238125 0.6716981640624999 0.0794203875 0.708256696875 0.0605106640625
3 0.6709828875 0.16680704375 0.6709828875 0.1621845234375 0.5835783734375 0.17395064531249999 0.5797442953124999 0.1774290671875 0.6087911703125 0.1777326390625 0.6709828875 0.16680704375
3 0.37715872968749997 0.7194928078125 0.3786530265625 0.7221078875 0.380147321875 0.7232286703125 0.38612425625 0.721734375 0.4148891375 0.7026822921875 0.4219868546875 0.7056708828125 0.4264697421875 0.7056708828125 0.42534895781250004 0.7097802578125 0.38575074374999996 0.725096478125 0.37641170625 0.7310736609374999 0.3812681046875 0.7370505953125 0.44477455312499997 0.711648065625 0.4851200390625 0.76021180625 0.48922916718750004 0.7665625 0.5000627484375 0.756849703125 0.5023040671875 0.75535540625 0.5064134421875 0.76021180625 0.5064134421875 0.749378471875 0.49109722187499993 0.72397569375 0.5011835312499999 0.725469990625 0.522103421875 0.7392921625 0.5314424609375 0.758717509375 0.5325632437500001 0.7624533734375001 0.5422760421875 0.762826884375 0.530321925 0.7183722718750001 0.51948834375 0.694090278125 0.5437703375 0.7045500984374999 0.5456381453125 0.7123950890625 0.556097965625 0.7086594734375 0.5568452374999999 0.696331596875 0.5568452374999999 0.6952110609375 0.55012103125 0.696331596875 0.5445173609375 0.6978258921875 0.5176205359375 0.6810153765625 0.50155704375 0.6496356640625 0.5034248515625 0.6354399796875 0.542649553125 0.6077958828125001 0.53704613125 0.60368675625 0.49184424531250004 0.63095709375 0.48175793593750005 0.6320778765624999 0.47466021875 0.6388020828125 0.4724186515625 0.644779265625 0.47690153750000003 0.6529977671875 0.48549355156249996 0.6563598703125 0.49034995 0.6552390875 0.49520634843750005 0.654865575 0.5026778281250001 0.6746646828125 0.448883928125 0.6470205859375 0.4462688484375 0.631704365625 0.4451483140625 0.627594990625 0.4410389390625 0.6264744546875 0.43207341250000003 0.63058358125 0.4373033234375 0.6354399796875 0.4399181546875 0.6399228671875 0.438050346875 0.6425376984375 0.4331939484375 0.6399228671875 0.42385491093749994 0.638055059375 0.41825124062499996 0.6414171625 0.42572271875 0.6511299609375001 0.4391557078125 0.655815925 0.4343147328125 0.6571068953125 0.4417859625 0.6802681046875 0.42609622968750005 0.6604689984375 0.41638343281249995 0.6429114578124999 0.4018142359375 0.6190029765625 0.3954635421875 0.6231123515625 0.3969578375 0.6328251484375 0.40554985156249995 0.651503471875 0.41040625000000003 0.6686875 0.413394840625 0.6746646828125 0.3715553078125 0.6257271828125 0.36781944375000003 0.6313308531249999 0.411527034375 0.6802681046875 0.41040625000000003 0.689980903125 0.41040625000000003 0.6911016859375 0.3831359125 0.71090079375 0.37715872968749997 0.7194928078125
3 0.440241553125 0.6561947124999999 0.45672891875 0.6858717765625 0.46943005937500004 0.69334300625 0.45336681562500003 0.662337053125 0.45934375000000005 0.6634575890625001 0.4798901296875 0.7034295640625 0.522476934375 0.7344357640625 0.5049191468750001 0.6877395828124999 0.45784945468749993 0.662337053125 0.440241553125 0.6561947124999999
3 0.5868077875 0.742215278125 0.5954861109375 0.7460317453124999 0.5984623015625 0.7445436515625 0.59970238125 0.7428075390625 0.6001984125 0.7398313484375 0.599454365625 0.7385912703125 0.593501984375 0.735119046875 0.5667162703125 0.7289186515625 0.537450396875 0.7199900796875001 0.53075396875 0.71924603125 0.530505953125 0.721230159375 0.5367063484375 0.7266865078125 0.5538194437499999 0.731398809375 0.5868077875 0.742215278125
3 0.5570436515625 0.7566964281249999 0.56299603125 0.7544642859375 0.5672123015625 0.7564484125 0.5699404765625 0.7564484125 0.5714285718750001 0.75595238125 0.5793650796875001 0.7552083328125 0.5833333328125 0.756200396875 0.5882936515625 0.755704365625 0.5949900796875001 0.7547123015625 0.6026785718750001 0.7519841265625 0.6009424609375 0.747519840625 0.5977182546875001 0.7487599203124999 0.591269840625 0.747271825 0.547123015625 0.747023809375 0.5421626984375 0.7480158734375 0.5510912703125 0.7519841265625 0.5538194437499999 0.750744046875 0.5570436515625 0.7566964281249999
3 0.610119046875 0.749255953125 0.6073908734375 0.747519840625 0.6056547625 0.75 0.6049107140625 0.7517361109375 0.606646825 0.7537202375 0.6108630953125 0.7517361109375 0.610119046875 0.749255953125
3 0.33995858125 0.7271540171875001 0.32961979218750004 0.746969990625 0.3257428078125 0.756877728125 0.3390969734375 0.7732475203125 0.35762028749999997 0.764201140625 0.37269766875 0.7810014875 0.41405233125 0.77583209375 0.3718360609375 0.742662203125 0.3748514390625 0.7254310515625 0.356328125 0.7133692953125 0.33995858125 0.7271540171875001
4 0.4532532234375 0.75601636875 0.45196081406250005 0.7452467765625 0.44679166718749996 0.73447743125 0.41965252968750005 0.7267232140625 0.3843286203125 0.743954365625 0.3976827875 0.7586009421875 0.42008333281250004 0.74309300625 0.4532532234375 0.75601636875
4 0.356758928125 0.7081999015625 0.367959078125 0.7138000984375 0.3976827875 0.69441493125 0.3946674109375 0.6810607640625 0.3860518359375 0.6629680062500001 0.378728421875 0.64746006875 0.3584818953125 0.6319521328125 0.324450396875 0.6526294640625 0.3304813984375 0.667706596875 0.34857415625 0.6931225203125 0.356758928125 0.7081999015625
4 0.41749851250000003 0.6375520828125001 0.4274064984375 0.6306597218750001 0.441622271875 0.6211825390625 0.44851463281250004 0.6237673609375001 0.450237846875 0.6319521328125 0.45497643906249996 0.64315228125 0.4635920140625 0.6397061015625 0.470915178125 0.6336750984374999 0.46962276718749996 0.629798115625 0.46703819375 0.6241981640625001 0.45885342187499994 0.605674603125 0.4722075890625 0.62161334375 0.47996155781249994 0.62161334375 0.49159250937500004 0.614290178125 0.507962053125 0.614290178125 0.5148546625 0.6026592265625 0.507962053125 0.5849972718750001 0.41232936562500005 0.6168747515625 0.4062983625 0.618597965625 0.4071599703125 0.6233365578125001 0.41749851250000003 0.6375520828125001
4 0.3420892859375 0.506334325 0.339601190625 0.48083085312499996 0.3383571421875 0.45035143906249997 0.302279265625 0.4497294140625 0.30725545625 0.51877505 0.339601190625 0.5169087296875 0.3420892859375 0.506334325
5 0.658506696875 0.579269096875 0.635915178125 0.607073909375 0.6167993546874999 0.6221349203125001 0.6173787203125001 0.6279275796875 0.6260677078125 0.64356795625 0.6335982140625 0.654573909375 0.635915178125 0.6661594734375 0.6411287203125 0.6812204859375 0.6527140375 0.692805803125 0.6660372031249999 0.6991778281250001 0.6810982140624999 0.7113422625 0.7048482140625 0.7177142859375001 0.725701884375 0.7333546625 0.7952142859375 0.724086309375 0.7946349203125 0.7096046625 0.7969521328125 0.7032326390625 0.8091168156249999 0.6957021328125 0.8183849203125 0.6933849203125 0.8322874499999999 0.6945436515625001 0.8351837796874999 0.7020741562499999 0.8351837796874999 0.7142388390625001 0.874751984375 0.713080109375 0.874751984375 0.63603745 0.8710984625 0.634299603125 0.8571959328125001 0.6296654265625 0.8525620046875 0.6117080859375 0.8525620046875 0.59375074375 0.8641473218750001 0.583323909375 0.8629888390625 0.568262896875 0.7656716265625 0.49875074374999995 0.68399454375 0.5271349203125 0.6828360609375 0.5381408734375001 0.67530555625 0.555519096875 0.658506696875 0.579269096875
5 0.6296495531249999 0.11130381874999999 0.6717938984375 0.0994171625 0.671253471875 0.0842884421875 0.5459015375 0.10860243124999999 0.54752256875 0.11616666718749999 0.548603175 0.128053571875 0.6296495531249999 0.11130381874999999
5 0.4918705359375 0.13831944375 0.5242891859375 0.13291641875 0.5221279765625 0.11400545625 0.51240228125 0.1150860609375 0.486467509375 0.125351934375 0.4918705359375 0.13831944375
5 0.765267609375 0.06375669687499999 0.7706706343749999 0.030257440625 0.7485178578125 0.035120039062500004 0.7328489578124999 0.0426845234375 0.7328489578124999 0.0729419640625 0.7582435515625 0.0761837796875 0.7668883921874999 0.0724015375 0.765267609375 0.06375669687499999
0 0.7712108140625 0.035120039062500004 0.7728318453125 0.0567326390625 0.7695900296875 0.070240328125 0.8641443453125 0.07402256874999999 0.8717085812500001 0.05295039687500001 0.874751984375 0.03349925625 0.8030892859375 0.011346478125 0.7841783234374999 0.014048115625 0.7744528765625 0.0205317453125 0.7712108140625 0.035120039062500004
0 0.71611011875 0.04808755 0.7301582343749999 0.04808755 0.7377224703125 0.0362008921875 0.75609300625 0.03079761875 0.777165178125 0.018370535937499998 0.80309995 0.0124270828125 0.81552728125 0.0043224203125 0.8160674609375 0.0010806046874999998 0.672344990625 0 0.677748015625 0.0205317453125 0.6799092265625 0.0426845234375 0.6799092265625 0.0621356640625 0.71611011875 0.04808755
0 0.6728854171875 0.144803075 0.6707239578124999 0.18100396875 0.7058442453125 0.18640699375 0.7631170640625 0.19018923593749998 0.8122852187499999 0.189648809375 0.8711790671875 0.1907294140625 0.874751984375 0.071861359375 0.6766674109374999 0.078344990625 0.672344990625 0.0902318953125 0.6691031749999999 0.11076364062499999 0.6728854171875 0.144803075
0 0.333533978125 0.42407762968749996 0.34580059531249996 0.44116344218750003 0.35149603125 0.47007762968750005 0.355438740625 0.475773065625 0.42334375 0.4337157734375 0.5740491078125001 0.3351438484375 0.582373015625 0.331201140625 0.5828110125 0.3193725203125 0.5771158234375 0.2970295140625 0.5521443453125 0.2961532734375 0.5258583828125001 0.293962796875 0.48292485156250003 0.2970295140625 0.4286009421875 0.32375347187500003 0.3352864578125 0.374134425 0.305495784375 0.39428695468749997 0.312943453125 0.406115575 0.3177626484375 0.41093477187499994 0.333533978125 0.42407762968749996
0 0.3422958828125 0.5152016374999999 0.3217053578125 0.53973511875 0.3466768359375 0.5309732140625 0.37734375 0.5226493062500001 0.47898214218749996 0.41531572343749995 0.476353421875 0.3999821421875 0.44875347187500003 0.42057266875000004 0.355876984375 0.48322048593750005 0.3541245046875 0.492420634375 0.35500074375 0.50074454375 0.3422958828125 0.5152016374999999
4 0.5250314984375 0.139102678125 0.5059682546875 0.1551872515625 0.5157978671875 0.1721654265625 0.53128670625 0.1602509921875 0.5414141859375 0.149527778125 0.5420099203125 0.138209078125 0.5420099203125 0.1310602671875 0.5405205859375 0.11557118125000002 0.538435515625 0.10842261875 0.5342653765625001 0.0932313984375 0.5065639875 0.083402034375 0.49703224218750003 0.083402034375 0.49286235156249997 0.0911463296875 0.49524503906249995 0.1039546125 0.5232442953125 0.111103421875 0.5265208328125001 0.1206349203125 0.5277123015625 0.130464534375 0.5250314984375 0.139102678125
0 0.320142609375 0.104321428125 0.3127787703125 0.10738988125 0.277800346875 0.1429818953125 0.281482390625 0.2288936015625 0.36923511875 0.1429818953125 0.35021180625000004 0.117821925 0.336711309375 0.11045808593749999 0.320142609375 0.104321428125
0 0.3778263890625 0.1816421125 0.3796671625 0.1620052078125 0.37721255 0.1515729171875 0.2839370046875 0.2344166671875 0.2802549609375 0.26878125 0.3735307546875 0.189005953125 0.3778263890625 0.1816421125
1 0.8592080859375001 0.6203826890624999 0.863096478125 0.62709920625 0.8733477187500001 0.6327552078124999 0.874751984375 0.617908234375 0.874751984375 0.6083640875 0.869459325 0.60023363125 0.8659243546875001 0.5875076890625001 0.8563799609375 0.593163690625 0.8546125984374999 0.6051825390625 0.8560265375 0.6101314484375 0.8592080859375001 0.6203826890624999