3 0.545336309375 0 0.545336309375 0.002480159375 0.5470724203125 0.00967261875 0.5525287703124999 0.014136904687499998 0.57261805625 0.0275297625 0.5827867062500001 0.0357142859375 0.6631438484375 0.093005953125 0.66736011875 0.093501984375 0.673064484375 0.0917658734375 0.6879454359375 0.0830853171875 0.6901775796875 0.0801091265625 0.6909216265625 0.0647321421875 0.68844146875 0.056547618749999994 0.6460307546874999 0.02802579375 0.6343740078125 0.0198412703125 0.6318938484375 0.0171130953125 0.6115565468749999 0.0037202375 0.60758829375 0.0022321421875000002 0.6070922624999999 0 0.545336309375 0
3 0.762152778125 0.1604662703125 0.7862103171875 0.1443452375 0.7896825390625 0.14087301562500001 0.7914186515625 0.134920634375 0.7914186515625 0.1289682546875 0.7884424609375 0.125 0.78125 0.11904761875 0.7738095234375 0.11433531718750001 0.7708333328125 0.1140873015625 0.7606646828125 0.1207837296875 0.752480159375 0.12375992031250001 0.744295634375 0.1341765875 0.7428075390625 0.14012896875 0.7425595234375 0.1470734125 0.7445436515625 0.1512896828125 0.7589285718750001 0.1599702375 0.762152778125 0.1604662703125
3 0.653521825 0.26215277812500004 0.6649305562500001 0.26116071406249997 0.6800595234375 0.2576884921875 0.6865079359374999 0.25446428593750003 0.687748015625 0.246527778125 0.6857638890625 0.234623015625 0.6785714281249999 0.2264384921875 0.67137896875 0.22073412656250002 0.6681547625 0.2224702375 0.6577380953125 0.22395833281250002 0.6507936515625 0.22619047656250002 0.646329365625 0.22619047656250002 0.6418650796875001 0.2242063484375 0.64012896875 0.2279265875 0.639880953125 0.234375 0.6416170640625001 0.24429563437500001 0.6470734125 0.25967261875 0.653521825 0.26215277812500004
3 0.556299603125 0.1820436515625 0.559771825 0.181795634375 0.562748015625 0.1798115078125 0.5662202375 0.1760912703125 0.5691964281249999 0.17013888906250002 0.5679563484375 0.165178571875 0.559771825 0.14905753906250002 0.5570436515625 0.146329365625 0.5513392859375 0.143601190625 0.5424107140625 0.14112103125 0.5367063484375 0.1426091265625 0.5322420640625001 0.146825396875 0.52802579375 0.1515376984375 0.5195932546875001 0.165178571875 0.5210813484375 0.1681547625 0.5295138890625 0.17361111093749998 0.5396825390625 0.177579365625 0.556299603125 0.1820436515625
3 0.45709325468750006 0.1820436515625 0.46279761875 0.19345238125 0.46651785781250005 0.1951884921875 0.468501984375 0.193204365625 0.4697420640625 0.1894841265625 0.47247023749999995 0.18675595312499998 0.47222222187499996 0.181795634375 0.4605654765625 0.162946428125 0.456101190625 0.162450396875 0.4548611109375 0.1612103171875 0.4541170640625 0.1574900796875 0.45510912656249997 0.1540178578125 0.44965277812500004 0.1443452375 0.4454365078125 0.13988095312499998 0.4387400796875 0.14112103125 0.434523809375 0.1445932546875 0.43526785781250005 0.1480654765625 0.44990079375 0.1679067453125 0.45535714218749995 0.18055555625 0.45709325468750006 0.1820436515625
3 0.5381944437499999 0.24503968281250002 0.5421626984375 0.24751984062500001 0.5510912703125 0.24727182499999997 0.5570436515625 0.252728175 0.5602678578125 0.250744046875 0.5699404765625 0.24950396874999997 0.5758928578125 0.246527778125 0.577380953125 0.24429563437500001 0.5793650796875001 0.2296626984375 0.5791170640625001 0.22544642812500001 0.5771329359374999 0.2232142859375 0.56572420625 0.21800595312499998 0.560019840625 0.2177579359375 0.5553075390625 0.21552579375 0.5451388890625 0.21378968281250002 0.530505953125 0.2229662703125 0.5292658734375 0.22445436562499999 0.528273809375 0.2296626984375 0.5275297625 0.2366071421875 0.52802579375 0.23958333281250002 0.5297619046875 0.2420634921875 0.5381944437499999 0.24503968281250002
3 0.5084325390625 0.21701388906250002 0.512896825 0.215773809375 0.519097221875 0.20882936562499999 0.52157738125 0.203373015625 0.5248015875 0.2008928578125 0.5248015875 0.1966765875 0.5225694437499999 0.193204365625 0.5141369046875 0.18998015937499999 0.512152778125 0.18774801562500001 0.5047123015625 0.18501984062500001 0.5012400796875001 0.18501984062500001 0.4945436515625 0.193204365625 0.48834325468750006 0.20386904687500002 0.48834325468750006 0.209325396875 0.4898313484375 0.21205357187499999 0.49925595312500004 0.21552579375 0.5084325390625 0.21701388906250002
3 0.453373015625 0.065476190625 0.4605654765625 0.0647321421875 0.46875 0.061755953125 0.4697420640625 0.0605158734375 0.468998015625 0.052827381250000006 0.46527777812500004 0.0329861109375 0.46279761875 0.03075396875 0.43526785781250005 0.046130953125 0.3732638890625 0.07217261875 0.37152777812500004 0.075148809375 0.3712797625 0.0761408734375 0.372519840625 0.07688492031250001 0.42261904687499996 0.07217261875 0.453373015625 0.065476190625
3 0.3199404765625 0.10119047656249999 0.322420634375 0.10019841249999999 0.3298611109375 0.0922619046875 0.3390376984375 0.08581349218749999 0.3400297625 0.08407738125 0.3397817453125 0.077876984375 0.33482142812500004 0.0731646828125 0.33159722187499996 0.0736607140625 0.312251984375 0.0873015875 0.309523809375 0.091021825 0.30927579375 0.09548611093750001 0.3110119046875 0.0984623015625 0.3167162703125 0.10094246093749999 0.3199404765625 0.10119047656249999
3 0.2579365078125 0.09771825468749999 0.2668650796875 0.097222221875 0.26884920625 0.0922619046875 0.2708333328125 0.0915178578125 0.2728174609375 0.09275793593750001 0.2770337296875 0.090277778125 0.281498015625 0.0892857140625 0.281994046875 0.088045634375 0.278769840625 0.0761408734375 0.2733134921875 0.07266865156249999 0.2695932546875 0.07266865156249999 0.246527778125 0.07862103125 0.24156746093749998 0.080605159375 0.24007936562499999 0.08358134843750001 0.24007936562499999 0.093501984375 0.2445436515625 0.099454365625 0.2485119046875 0.100446428125 0.2579365078125 0.09771825468749999
3 0.2988591265625 0.0458829359375 0.313244046875 0.0414186515625 0.3164682546875 0.036954365625 0.3167162703125 0.03174603125 0.31572420625 0.028769840624999998 0.31150793593750004 0.0265376984375 0.3050595234375 0.02529761875 0.3005952375 0.0275297625 0.297123015625 0.036954365625 0.29092261875 0.04092261875 0.29588293593750004 0.0448908734375 0.2988591265625 0.0458829359375
3 0.36259920625 0.161954365625 0.38194444375000003 0.146825396875 0.3883928578125 0.14012896875 0.3958333328125 0.137896825 0.396825396875 0.13467261875 0.4007936515625 0.130704365625 0.4007936515625 0.12673611093749998 0.3988095234375 0.12549603125 0.3948412703125 0.1272321421875 0.3732638890625 0.14161706406250002 0.36036706406249996 0.153521825 0.3556547625 0.15625 0.3529265875 0.1604662703125 0.35243055624999997 0.161954365625 0.35491071406249997 0.1644345234375 0.3578869046875 0.1644345234375 0.36259920625 0.161954365625
3 0.44320436562500004 0.14136904687500002 0.4456845234375 0.1418650796875 0.44990079375 0.14012896875 0.45114087343750003 0.1386408734375 0.4513888890625 0.13467261875 0.439980159375 0.1304563484375 0.437251984375 0.130704365625 0.43402777812500004 0.131696428125 0.43179563437499996 0.13368055625 0.42881944375 0.13888888906250002 0.4283234125 0.1443452375 0.43030753906249997 0.146329365625 0.43402777812500004 0.147321428125 0.44320436562500004 0.14136904687500002
3 0.48387896875 0.3144841265625 0.49032738125 0.32366071406249997 0.4920634921875 0.3298611109375 0.4945436515625 0.333829365625 0.49627976250000005 0.3415178578125 0.4985119046875 0.3449900796875 0.500248015625 0.343005953125 0.5042162703125 0.343005953125 0.5069444437499999 0.3358134921875 0.5101686515625 0.33506944375000003 0.51240079375 0.33134920625 0.5168650796875001 0.33159722187499996 0.5243055562500001 0.328869046875 0.52802579375 0.3298611109375 0.530505953125 0.32862103125000003 0.53125 0.325644840625 0.52802579375 0.3179563484375 0.515873015625 0.293898809375 0.509424603125 0.2827380953125 0.5071924609375 0.280505953125 0.5012400796875001 0.28075396874999997 0.4952876984375 0.283730159375 0.4923115078125 0.283730159375 0.48511904687499996 0.286954365625 0.48090277812500004 0.2876984125 0.4769345234375 0.28993055624999997 0.4764384921875 0.29365079375 0.47743055625 0.2983630953125 0.48214285781250005 0.3082837296875 0.48387896875 0.3144841265625
3 0.4169146828125 0.3048115078125 0.4424603171875 0.28993055624999997 0.446428571875 0.290674603125 0.4516369046875 0.2988591265625 0.45758928593750003 0.2953869046875 0.4595734125 0.2929067453125 0.46180555625 0.28720238125 0.46279761875 0.2792658734375 0.45684523749999995 0.27529761875 0.45238095312500004 0.27455357187499996 0.4295634921875 0.26463293593750004 0.42509920625 0.2636408734375 0.41468253906249997 0.2790178578125 0.412946428125 0.2834821421875 0.40947420625 0.28720238125 0.4079861109375 0.2904265875 0.4045138890625 0.290674603125 0.40277777812500004 0.296130953125 0.40054563437499996 0.2981150796875 0.4015376984375 0.303075396875 0.406001984375 0.306795634375 0.408978175 0.3075396828125 0.4169146828125 0.3048115078125
3 0.43700396875 0.3511904765625 0.4392361109375 0.3521825390625 0.4456845234375 0.3529265875 0.4513888890625 0.34970238125 0.45734127031250005 0.3487103171875 0.462549603125 0.34474206406249996 0.47222222187499996 0.34275793593750004 0.47445436562500004 0.341269840625 0.4779265875 0.3422619046875 0.4833829359375 0.338045634375 0.481646825 0.3333333328125 0.45882936562500004 0.312251984375 0.4548611109375 0.3045634921875 0.45089285781250005 0.299851190625 0.44593253906249997 0.29092261875 0.44469246093750003 0.2904265875 0.440476190625 0.29092261875 0.403769840625 0.313244046875 0.403273809375 0.3147321421875 0.40575396875 0.3196924609375 0.412946428125 0.3293650796875 0.43700396875 0.3511904765625
3 0.440476190625 0.2671130953125 0.4484126984375 0.271825396875 0.45114087343750003 0.2710813484375 0.4521329359375 0.2673611109375 0.45535714218749995 0.26463293593750004 0.46924603125 0.259920634375 0.468998015625 0.2554563484375 0.4632936515625 0.2445436515625 0.46031746093750003 0.24404761874999997 0.45659722187499996 0.24107142812500001 0.45114087343750003 0.24156746093749998 0.44866071406249997 0.2408234125 0.428075396875 0.2455357140625 0.4265873015625 0.247023809375 0.42633928593750003 0.252480159375 0.4300595234375 0.2633928578125 0.43402777812500004 0.2673611109375 0.440476190625 0.2671130953125
3 0.48015872968749995 0.286954365625 0.48015872968749995 0.2827380953125 0.4761904765625 0.26512896874999997 0.4737103171875 0.262896825 0.46924603125 0.2619047625 0.46651785781250005 0.265625 0.4637896828125 0.275049603125 0.46527777812500004 0.2889384921875 0.4791666671875 0.2876984125 0.48015872968749995 0.286954365625
3 0.431299603125 0.2462797625 0.45089285781250005 0.240575396875 0.44990079375 0.2304067453125 0.450148809375 0.22767857187499999 0.4518849203125 0.22445436562499999 0.4513888890625 0.2224702375 0.44940476250000005 0.22073412656250002 0.4389880953125 0.2234623015625 0.428075396875 0.2242063484375 0.42509920625 0.22619047656250002 0.424355159375 0.22867063437500001 0.42633928593750003 0.23263888906250002 0.428075396875 0.252480159375 0.431299603125 0.2462797625
3 0.37822420625 0.313244046875 0.380704365625 0.3075396828125 0.3841765875 0.30381944375000003 0.3877728171875 0.2967509921875 0.3958333328125 0.2864583328125 0.40252976250000005 0.27157738125 0.40699404687499996 0.2641369046875 0.40947420625 0.256200396875 0.40997023749999995 0.2514880953125 0.40848214218749995 0.23387896874999997 0.40575396875 0.2150297625 0.40575396875 0.2085813484375 0.4045138890625 0.20634920625 0.4015376984375 0.20634920625 0.39409722187499996 0.21676587343749998 0.390873015625 0.22470238125000003 0.387896825 0.2279265875 0.3764880953125 0.250248015625 0.3608630953125 0.2765376984375 0.359375 0.28174603125000003 0.360119046875 0.2991071421875 0.3630952375 0.313244046875 0.36631944375000003 0.3142361109375 0.37822420625 0.313244046875
3 0.3226686515625 0.3554067453125 0.34424603125000003 0.356398809375 0.3695436515625 0.3546626984375 0.375 0.34970238125 0.380704365625 0.3395337296875 0.387648809375 0.3303571421875 0.3891369046875 0.3261408734375 0.3886408734375 0.318204365625 0.38715277812500004 0.31597222187499996 0.38169642812500004 0.315476190625 0.368799603125 0.31597222187499996 0.3457341265625 0.314980159375 0.3397817453125 0.31572420625 0.3365575390625 0.3174603171875 0.3296130953125 0.3268849203125 0.325396825 0.3296130953125 0.3234126984375 0.33506944375000003 0.31944444375000003 0.3395337296875 0.31349206406249996 0.340773809375 0.313244046875 0.3422619046875 0.3147321421875 0.343998015625 0.3177083328125 0.3529265875 0.3226686515625 0.3554067453125
3 0.3139880953125 0.34375 0.3167162703125 0.343501984375 0.322420634375 0.3385416671875 0.32762896874999997 0.3298611109375 0.338045634375 0.31597222187499996 0.34375 0.31200396874999997 0.3452380953125 0.302579365625 0.343005953125 0.3008432546875 0.33928571406249997 0.30034722187499996 0.3318452375 0.3010912703125 0.328125 0.302579365625 0.3226686515625 0.30654761875 0.3206845234375 0.31200396874999997 0.3189484125 0.3139880953125 0.315228175 0.3298611109375 0.3102678578125 0.33779761875 0.31200396874999997 0.3422619046875 0.3139880953125 0.34375
3 0.31696428593750003 0.35342261875 0.3164682546875 0.34697420625 0.3139880953125 0.34375 0.3050595234375 0.34424603125000003 0.3008432546875 0.3459821421875 0.2991071421875 0.3489583328125 0.299355159375 0.3551587296875 0.3048115078125 0.35887896874999997 0.3137400796875 0.3573908734375 0.31696428593750003 0.35342261875
3 0.3487103171875 0.406001984375 0.3521825390625 0.40625 0.3576388890625 0.40302579375 0.3581349203125 0.3948412703125 0.3573908734375 0.390376984375 0.3519345234375 0.38616071406249997 0.343998015625 0.3864087296875 0.341021825 0.388144840625 0.3395337296875 0.39112103125000003 0.3395337296875 0.40054563437499996 0.34027777812500004 0.40228174531249994 0.3459821421875 0.4072420640625 0.3487103171875 0.406001984375
3 0.35887896874999997 0.393105159375 0.359375 0.4074900796875 0.3611111109375 0.42137896875 0.3608630953125 0.431299603125 0.3635912703125 0.43551587343750003 0.369295634375 0.440228175 0.3732638890625 0.440476190625 0.377480159375 0.4384920640625 0.39384920625 0.437251984375 0.3958333328125 0.4362599203125 0.40252976250000005 0.4201388890625 0.40426587343750003 0.40848214218749995 0.40277777812500004 0.3767361109375 0.403521825 0.3730158734375 0.3988095234375 0.353174603125 0.3960813484375 0.35044642812500004 0.3866567453125 0.35069444375000003 0.375248015625 0.35243055624999997 0.3678075390625 0.356398809375 0.36383928593750003 0.356894840625 0.3573908734375 0.3613591265625 0.3571428578125 0.3767361109375 0.35887896874999997 0.380704365625 0.359623015625 0.38740079375 0.35887896874999997 0.393105159375
3 0.3110119046875 0.25694444375000003 0.3167162703125 0.2549603171875 0.3196924609375 0.2519841265625 0.327876984375 0.2490079359375 0.390376984375 0.2199900796875 0.3958333328125 0.215277778125 0.3985615078125 0.20982142812500001 0.4010416671875 0.2073412703125 0.40277777812500004 0.2068452375 0.41071428593750003 0.20833333281250002 0.4136904765625 0.206101190625 0.419394840625 0.20386904687500002 0.428075396875 0.2021329359375 0.4295634921875 0.1994047625 0.4325396828125 0.197420634375 0.43973214218749995 0.19469246093749998 0.4513888890625 0.18824404687500002 0.45386904687499996 0.1852678578125 0.4513888890625 0.181299603125 0.434523809375 0.16493055625 0.4236111109375 0.1574900796875 0.41989087343750003 0.15699404687500002 0.28174603125000003 0.22395833281250002 0.28224206406249996 0.2279265875 0.2864583328125 0.23387896874999997 0.30803571406249997 0.255704365625 0.3110119046875 0.25694444375000003
3 0.17633928593749998 0.265873015625 0.17881944375 0.2695932546875 0.2140376984375 0.3072916671875 0.22594246093749998 0.318204365625 0.22916666718749998 0.3196924609375 0.23189484062500001 0.3266369046875 0.23685515937499999 0.3296130953125 0.2388392859375 0.333829365625 0.24156746093749998 0.3358134921875 0.2435515875 0.3363095234375 0.24677579375 0.33506944375000003 0.2579365078125 0.328373015625 0.2606646828125 0.32490079375 0.2638888890625 0.3234126984375 0.2676091265625 0.3261408734375 0.2671130953125 0.3234126984375 0.2735615078125 0.31200396874999997 0.27529761875 0.30654761875 0.2797619046875 0.3045634921875 0.281001984375 0.3020833328125 0.2827380953125 0.3020833328125 0.28447420625 0.3043154765625 0.287450396875 0.3015873015625 0.296130953125 0.299851190625 0.29737103125000003 0.2946428578125 0.278273809375 0.2740575390625 0.256200396875 0.2537202375 0.2408234125 0.2366071421875 0.2358630953125 0.23239087343749998 0.2331349203125 0.22842261874999997 0.2232142859375 0.2202380953125 0.2199900796875 0.22048611093749998 0.21031746093749998 0.22445436562499999 0.20486111093749998 0.228174603125 0.1989087296875 0.234375 0.193204365625 0.2380952375 0.17013888906250002 0.2487599203125 0.1679067453125 0.25099206406249996 0.16741071406250002 0.2522321421875 0.1698908734375 0.25967261875 0.1731150796875 0.2633928578125 0.17633928593749998 0.265873015625
3 0.30282738125 0.30133928593750003 0.3107638890625 0.3070436515625 0.325396825 0.297123015625 0.330605159375 0.2919146828125 0.3323412703125 0.287450396875 0.3318452375 0.2829861109375 0.3268849203125 0.275545634375 0.318700396875 0.2671130953125 0.3144841265625 0.264880953125 0.3105158734375 0.26661706406249996 0.2894345234375 0.28224206406249996 0.2884424609375 0.2832341265625 0.2896825390625 0.28720238125 0.296130953125 0.2926587296875 0.30282738125 0.30133928593750003
3 0.1302083328125 0.42137896875 0.1386408734375 0.4270833328125 0.146825396875 0.42385912656249997 0.1577380953125 0.415178571875 0.1612103171875 0.41344246093750003 0.1669146828125 0.40674603125 0.17361111093749998 0.40401785781250005 0.184771825 0.39657738125 0.19072420625 0.39012896874999997 0.1994047625 0.3856646828125 0.20138888906250002 0.381200396875 0.20262896874999997 0.38095238125 0.202876984375 0.3764880953125 0.20114087343749998 0.372023809375 0.19196428593749998 0.35987103125000003 0.1889880953125 0.35838293593750004 0.15724206406250002 0.3268849203125 0.1574900796875 0.3261408734375 0.15277777812499999 0.3209325390625 0.14657738125 0.3204365078125 0.14409722187500001 0.31919642812500004 0.1272321421875 0.30282738125 0.1262400796875 0.3005952375 0.125 0.3005952375 0.125 0.41617063437499996 0.1262400796875 0.41617063437499996 0.1302083328125 0.42137896875
3 0.1602182546875 0.3353174609375 0.1639384921875 0.3373015875 0.17286706406250002 0.34474206406249996 0.181299603125 0.353670634375 0.1852678578125 0.3554067453125 0.18774801562500001 0.3581349203125 0.190476190625 0.359375 0.20238095312499998 0.37450396874999997 0.2053571421875 0.3762400796875 0.2085813484375 0.374255953125 0.215277778125 0.36383928593750003 0.2224702375 0.35838293593750004 0.22470238125000003 0.35491071406249997 0.2251984125 0.353174603125 0.2242063484375 0.3501984125 0.218998015625 0.3449900796875 0.16840277812499999 0.325148809375 0.1641865078125 0.321924603125 0.15575396875 0.3204365078125 0.1525297625 0.31696428593750003 0.1498015875 0.3172123015625 0.1485615078125 0.31845238125 0.14657738125 0.32217261875 0.1480654765625 0.325148809375 0.1547619046875 0.328869046875 0.1602182546875 0.3353174609375
3 0.27777777812500004 0.584325396875 0.2864583328125 0.5850694437499999 0.3023313484375 0.5915178578125 0.3164682546875 0.5947420640625001 0.32142857187499996 0.5947420640625001 0.3268849203125 0.59697420625 0.3578869046875 0.6019345234375 0.3606150796875 0.603670634375 0.36805555624999997 0.6039186515625 0.390376984375 0.6078869046875 0.3926091265625 0.6073908734375 0.393601190625 0.6054067453124999 0.40054563437499996 0.599454365625 0.4050099203125 0.5920138890625 0.406001984375 0.5833333328125 0.3990575390625 0.571924603125 0.3928571421875 0.5691964281249999 0.37152777812500004 0.565972221875 0.3608630953125 0.5634920640625001 0.35491071406249997 0.5610119046875 0.2867063484375 0.5508432546875001 0.278521825 0.550347221875 0.26463293593750004 0.5639880953125 0.264880953125 0.5694444437499999 0.268353175 0.5763888890625 0.2740575390625 0.5793650796875001 0.27777777812500004 0.584325396875
3 0.3018353171875 0.75967261875 0.3048115078125 0.7584325390625 0.3072916671875 0.7537202375 0.3110119046875 0.7519841265625 0.3173901296875 0.7597760421875 0.3519345234375 0.7428075390625 0.3546626984375 0.7435515875 0.3573908734375 0.7428075390625 0.3710317453125 0.728670634375 0.374751984375 0.7199900796875001 0.3769841265625 0.7170138890625 0.3854166671875 0.7120535718750001 0.3990575390625 0.696924603125 0.403273809375 0.69345238125 0.40674603125 0.6884920640625001 0.41344246093750003 0.6822916671875 0.4164186515625 0.67782738125 0.4154265875 0.6736111109375 0.41046627031250005 0.6696428578125 0.4015376984375 0.658730159375 0.40054563437499996 0.6552579359374999 0.3955853171875 0.6515376984375 0.3928571421875 0.6478174609375 0.37847222187499996 0.639880953125 0.3665674609375 0.6393849203124999 0.3417658734375 0.665674603125 0.3390376984375 0.6696428578125 0.3358134921875 0.672123015625 0.33482142812500004 0.674355159375 0.3199404765625 0.6912202375 0.3144841265625 0.6954365078125 0.31200396874999997 0.7008928578125 0.306795634375 0.7043650796875001 0.2889384921875 0.7259424609375 0.2864583328125 0.7304067453124999 0.2800099203125 0.7363591265625 0.2795138890625 0.740079365625 0.2849702375 0.747271825 0.29017857187499996 0.7522321421875 0.3018353171875 0.75967261875
3 0.4427083328125 0.6393849203124999 0.4484126984375 0.6396329359374999 0.450396825 0.6423611109375 0.450148809375 0.646329365625 0.45238095312500004 0.6478174609375 0.4543650796875 0.6510416671875 0.45709325468750006 0.6520337296875 0.48040674531249994 0.6525297625 0.486855159375 0.6515376984375 0.49007936562500004 0.650049603125 0.49553571406249997 0.6512896828125 0.5081845234375 0.6512896828125 0.512152778125 0.65029761875 0.515873015625 0.6478174609375 0.519097221875 0.6388888890625 0.5220734125 0.62450396875 0.5292658734375 0.6071428578125 0.528769840625 0.60342261875 0.525049603125 0.59697420625 0.5171130953125 0.5887896828125 0.5109126984375 0.588045634375 0.477678571875 0.5887896828125 0.4637896828125 0.590277778125 0.4610615078125 0.59375 0.45758928593750003 0.603174603125 0.45386904687499996 0.6044146828125 0.45386904687499996 0.6081349203124999 0.4454365078125 0.6339285718750001 0.44444444375 0.634424603125 0.4427083328125 0.6393849203124999
3 0.4422123015625 0.6522817453124999 0.4456845234375 0.6512896828125 0.44965277812500004 0.646825396875 0.44890872968749995 0.634424603125 0.45734127031250005 0.6073908734375 0.45634920625 0.60342261875 0.44866071406249997 0.6009424609375 0.4454365078125 0.6009424609375 0.444196428125 0.6021825390625 0.440476190625 0.60987103125 0.43353174531249994 0.6339285718750001 0.4327876984375 0.6391369046875 0.43030753906249997 0.6455853171875 0.43055555625 0.650049603125 0.4422123015625 0.6522817453124999
3 0.44444444375 0.5882936515625 0.44890872968749995 0.5900297625 0.4513888890625 0.5947420640625001 0.4541170640625 0.590773809375 0.462549603125 0.5848214281249999 0.46428571406249997 0.5823412703125 0.48115079375 0.5731646828125 0.48759920625 0.568204365625 0.48859127031250005 0.55654761875 0.4898313484375 0.5543154765625 0.4950396828125 0.553075396875 0.497519840625 0.5540674609375 0.4985119046875 0.5572916671875 0.4990079359375 0.55654761875 0.4990079359375 0.552579365625 0.49553571406249997 0.5513392859375 0.49404761875 0.549355159375 0.4947916671875 0.5446428578125 0.49032738125 0.531994046875 0.4856150796875 0.5245535718750001 0.48090277812500004 0.5223214281249999 0.4779265875 0.5225694437499999 0.46800595312500004 0.5267857140625 0.466269840625 0.5262896828125 0.46502976250000005 0.528273809375 0.4518849203125 0.533730159375 0.440476190625 0.5399305562500001 0.43526785781250005 0.543402778125 0.43328372968749995 0.546130953125 0.43303571406249997 0.5491071421875 0.4384920640625 0.5677083328125 0.4427083328125 0.5892857140625 0.44444444375 0.5882936515625
3 0.5248015875 0.565972221875 0.527777778125 0.5644841265625 0.5376984125 0.5560515875 0.544146825 0.54637896875 0.546130953125 0.540674603125 0.5421626984375 0.536954365625 0.5364583328125 0.5389384921875 0.53075396875 0.5426587296875 0.5275297625 0.5424107140625 0.519097221875 0.544394840625 0.4895833328125 0.5548115078125 0.486855159375 0.5550595234375 0.4828869046875 0.559523809375 0.4826388890625 0.5607638890625 0.486855159375 0.565476190625 0.521825396875 0.565228175 0.5248015875 0.565972221875
3 0.4166666671875 0.6736111109375 0.42782738125 0.6758432546875001 0.4392361109375 0.6765873015625 0.44593253906249997 0.6785714281249999 0.4543650796875 0.6758432546875001 0.4608134921875 0.6698908734375 0.4608134921875 0.665674603125 0.46006944375 0.6649305562500001 0.4541170640625 0.6612103171875 0.4439484125 0.6582341265625 0.440476190625 0.65575396875 0.42534722187499996 0.6520337296875 0.41046627031250005 0.6470734125 0.4077380953125 0.6473214281249999 0.406001984375 0.6498015875 0.406001984375 0.6542658734375 0.40277777812500004 0.6582341265625 0.4047619046875 0.661954365625 0.4166666671875 0.6736111109375
3 0.3606150796875 0.818204365625 0.41790674531249994 0.824652778125 0.42534722187499996 0.8268849203125 0.43675595312500004 0.827876984375 0.44866071406249997 0.8303571421875 0.455853175 0.8296130953124999 0.471726190625 0.8323412703124999 0.48065476250000005 0.8325892859374999 0.48363095312500004 0.834325396875 0.49156746093750003 0.8348214281249999 0.512152778125 0.8387896828124999 0.51612103125 0.8387896828124999 0.5173611109375 0.83779761875 0.5205853171875 0.8301091265625 0.518353175 0.818204365625 0.518601190625 0.806795634375 0.515873015625 0.8050595234375001 0.459821428125 0.7958829359374999 0.45089285781250005 0.7953869046875 0.44593253906249997 0.793898809375 0.42410714218749995 0.7919146828125 0.409226190625 0.7891865078125 0.40426587343750003 0.7894345234375 0.3960813484375 0.787450396875 0.3611111109375 0.784226190625 0.3479662703125 0.784722221875 0.344494046875 0.7894345234375 0.3425099203125 0.7986111109375 0.3425099203125 0.8105158734375 0.346230159375 0.8167162703124999 0.358630953125 0.8172123015625001 0.3606150796875 0.818204365625
3 0.299851190625 0.8075396828124999 0.3010912703125 0.8229166671874999 0.306299603125 0.8392857140625001 0.306299603125 0.8457341265625 0.3239087296875 0.9020337296875001 0.33680555624999997 0.950396825 0.34722222187499996 0.9821428578125 0.3509424609375 0.9863591265625 0.3516865078125 0.990079365625 0.3551587296875 0.9923115078125001 0.3665674609375 0.986855159375 0.3869047625 0.981646825 0.390376984375 0.9789186515624999 0.390873015625 0.9742063484375001 0.3323412703125 0.775049603125 0.33159722187499996 0.7743055562500001 0.328373015625 0.7748015875 0.313244046875 0.7797619046875 0.3105158734375 0.781498015625 0.3043154765625 0.78174603125 0.3020833328125 0.780505953125 0.2946428578125 0.7852182546875001 0.29365079375 0.7867063484375 0.293898809375 0.79092261875 0.296626984375 0.8005952375 0.299851190625 0.8075396828124999
3 0.287450396875 0.8705357140625001 0.2884424609375 0.8685515875 0.29340277812500004 0.8673115078125001 0.3050595234375 0.8613591265625 0.30902777812500004 0.8571428578125 0.3077876984375 0.8457341265625 0.303075396875 0.8296130953124999 0.30009920625 0.8144841265625 0.296626984375 0.811755953125 0.293898809375 0.815228175 0.2876984125 0.8189484125 0.284226190625 0.822420634375 0.2738095234375 0.8415178578125 0.2728174609375 0.8447420640625 0.2738095234375 0.8489583328125001 0.278521825 0.8578869046875001 0.287450396875 0.8705357140625001
3 0.3866567453125 0.9608134921874999 0.391369046875 0.9732142859374999 0.390625 0.9826388890625 0.3943452375 0.9853670640625 0.4015376984375 0.986855159375 0.4310515875 0.9898313484375001 0.43377976250000005 0.9885912703124999 0.46031746093750003 0.935019840625 0.4610615078125 0.9295634921874999 0.459821428125 0.9263392859374999 0.45734127031250005 0.924603175 0.44717261875 0.9231150796875 0.3955853171875 0.921626984375 0.391369046875 0.9203869046875001 0.3821924609375 0.921130953125 0.37822420625 0.921875 0.377480159375 0.9228670640625 0.3797123015625 0.9355158734375 0.3824404765625 0.9389880953124999 0.3829365078125 0.9464285718750001 0.3866567453125 0.9608134921874999
3 0.49925595312500004 0.8869047625 0.5176091265625 0.8864087296875001 0.5572916671875 0.8883928578125 0.560019840625 0.8864087296875001 0.5607638890625 0.8819444437499999 0.5605158734375 0.846230159375 0.5612599203124999 0.8370535718750001 0.5634920640625001 0.8263888890625 0.562748015625 0.8241567453125 0.560019840625 0.82217261875 0.537450396875 0.8206845234375001 0.525049603125 0.8211805562500001 0.5193452375 0.83779761875 0.515625 0.840277778125 0.509920634375 0.841021825 0.5044642859375 0.8392857140625001 0.5012400796875001 0.8392857140625001 0.4987599203125 0.83779761875 0.49553571406249997 0.83779761875 0.49280753906249997 0.8360615078125001 0.48883928593750003 0.8360615078125001 0.48115079375 0.83407738125 0.462549603125 0.8328373015625001 0.45089285781250005 0.830605159375 0.4484126984375 0.8318452375 0.44742063437499996 0.8335813484375001 0.44618055625 0.8447420640625 0.44593253906249997 0.8787202375 0.446428571875 0.881200396875 0.44866071406249997 0.8831845234375001 0.49925595312500004 0.8869047625
3 0.580605159375 0.890873015625 0.5860615078125 0.8955853171875001 0.5979662703125 0.9007936515624999 0.59970238125 0.900545634375 0.606894840625 0.8955853171875001 0.61259920625 0.8883928578125 0.615575396875 0.8864087296875001 0.6183035718750001 0.8821924609374999 0.624255953125 0.8799603171875001 0.6292162703125 0.8767361109375 0.6329365078125 0.86904761875 0.6364087296875 0.8583829359375 0.6507936515625 0.843998015625 0.6525297625 0.8415178578125 0.65302579375 0.8370535718750001 0.65674603125 0.8350694437499999 0.656994046875 0.8296130953124999 0.6512896828125 0.8244047625 0.6480654765625 0.8234126984374999 0.615575396875 0.8231646828124999 0.565228175 0.8263888890625 0.56299603125 0.8293650796875 0.5610119046875 0.8489583328125001 0.5615079359374999 0.8727678578125 0.562748015625 0.875744046875 0.575644840625 0.8883928578125 0.580605159375 0.890873015625
3 0.5458829359374999 0.9821428578125 0.578373015625 0.9050099203125 0.5796130953125 0.8985615078125001 0.57862103125 0.8926091265625 0.574652778125 0.89012896875 0.5701884921875 0.8893849203125 0.568700396875 0.887896825 0.56572420625 0.888144840625 0.5612599203124999 0.890376984375 0.5300099203124999 0.8893849203125 0.5243055562500001 0.890873015625 0.5193452375 0.9010416671874999 0.518353175 0.906498015625 0.51884920625 0.9149305562500001 0.5169890875 0.9185267859374999 0.51512896875 0.9198908734375 0.5143849203124999 0.924851190625 0.512648809375 0.9273313484375001 0.5116567453124999 0.934027778125 0.5091765875 0.936755953125 0.5071924609375 0.9365079359375 0.5037202375 0.9394841265625 0.5039682546875001 0.9419642859374999 0.5014880953125 0.9454365078125001 0.50049603125 0.9511408734375 0.4987599203125 0.9541170640625 0.49553571406249997 0.9541170640625 0.4950396828125 0.9548611109375 0.4935515875 0.9667658734375 0.4893353171875 0.9699900796875 0.48859127031250005 0.9858630953124999 0.487103175 0.990575396875 0.48387896875 0.9915674609374999 0.481894840625 0.9947916671874999 0.481646825 0.999751984375 0.5381944437499999 0.999751984375 0.5404265875 0.9925595234375001 0.5458829359374999 0.9821428578125
3 0.48487103125 0.9742063484375001 0.4893353171875 0.9615575390625001 0.5081845234375 0.92509920625 0.5081845234375 0.9203869046875001 0.50595238125 0.91592261875 0.5009920640625001 0.9117063484375001 0.49950396875 0.9072420640625 0.49553571406249997 0.9040178578125 0.4895833328125 0.903769840625 0.487351190625 0.906994046875 0.48635912656249997 0.9117063484375001 0.48363095312500004 0.9134424609374999 0.47991071406249997 0.92237103125 0.4779265875 0.9238591265625 0.47569444375 0.9290674609374999 0.47296627031250005 0.9322916671874999 0.4632936515625 0.9360119046875001 0.4605654765625 0.943204365625 0.45362103125 0.9548611109375 0.4518849203125 0.9650297625 0.4481646828125 0.9675099203125 0.44469246093750003 0.9737103171875001 0.4427083328125 0.974950396875 0.43948412656249997 0.9831349203125 0.4365079359375 0.985119046875 0.43427579375 0.9908234125 0.43377976250000005 0.999751984375 0.47470238125 0.999751984375 0.48214285781250005 0.97842261875 0.48487103125 0.9742063484375001
3 0.462549603125 0.9310515875 0.47222222187499996 0.93154761875 0.4761904765625 0.9265873015625001 0.48883928593750003 0.9012896828124999 0.49131944375 0.8918650796875 0.4890873015625 0.890376984375 0.4856150796875 0.8916170640625 0.471726190625 0.89112103125 0.4675099203125 0.8923611109375 0.46502976250000005 0.894097221875 0.45882936562500004 0.908730159375 0.45709325468750006 0.9107142859374999 0.45114087343750003 0.9126984125 0.4484126984375 0.9179067453125 0.4479166671875 0.9206349203125 0.44866071406249997 0.9228670640625 0.45907738125 0.9258432546875 0.462549603125 0.9310515875
3 0.40178571406249997 0.9139384921874999 0.3988095234375 0.91592261875 0.403273809375 0.9198908734375 0.422123015625 0.922123015625 0.43402777812500004 0.921875 0.4439484125 0.9154265875 0.4518849203125 0.911954365625 0.4541170640625 0.906498015625 0.46031746093750003 0.9040178578125 0.46180555625 0.8990575390625001 0.46180555625 0.8926091265625 0.4605654765625 0.89112103125 0.4583333328125 0.8916170640625 0.4516369046875 0.887648809375 0.4273313484375 0.881200396875 0.41220238125 0.8802083328125001 0.40625 0.88095238125 0.40550595312500004 0.8926091265625 0.40203372968749995 0.9079861109375 0.40228174531249994 0.91220238125 0.40178571406249997 0.9139384921874999
3 0.37822420625 0.8735119046875001 0.381200396875 0.87549603125 0.3834325390625 0.87450396875 0.40203372968749995 0.875744046875 0.408730159375 0.8789682546875 0.41815476250000005 0.8794642859374999 0.42757936562500004 0.8821924609374999 0.43328372968749995 0.8814484125 0.4424603171875 0.8851686515624999 0.446428571875 0.8839285718750001 0.4451884921875 0.84375 0.4466765875 0.833829365625 0.4456845234375 0.83134920625 0.439980159375 0.8296130953124999 0.3990575390625 0.8229166671874999 0.372519840625 0.821924603125 0.3700396828125 0.8258928578125 0.369295634375 0.8385416671874999 0.3673115078125 0.8447420640625 0.3673115078125 0.865079365625 0.3702876984375 0.8707837296875001 0.37450396874999997 0.8730158734375 0.37822420625 0.8735119046875001
3 0.1364087296875 0.5404265875 0.14384920625 0.565228175 0.147321428125 0.571924603125 0.1542658734375 0.5922619046875 0.15550595312499998 0.5987103171875 0.1738591265625 0.6540178578125 0.17906746093749998 0.6738591265625 0.1820436515625 0.6783234125 0.1837797625 0.6852678578125 0.1837797625 0.6897321421875 0.18923611093749998 0.706101190625 0.190228175 0.713045634375 0.1949404765625 0.7242063484375 0.1951884921875 0.72842261875 0.2008928578125 0.7482638890625 0.20362103125000003 0.7566964281249999 0.206101190625 0.759920634375 0.2073412703125 0.7676091265625 0.2110615078125 0.7770337296875 0.2123015875 0.7834821421875 0.27232142812500004 0.9573412703124999 0.28025793593750004 0.9761904765624999 0.281001984375 0.9806547625 0.28819444375000003 0.999751984375 0.34821428593750003 0.999751984375 0.3487103171875 0.9955357140625001 0.3509424609375 0.9923115078125001 0.3571428578125 0.990079365625 0.3608630953125 0.9898313484375001 0.3640873015625 0.9883432546875 0.3658234125 0.9858630953124999 0.36383928593750003 0.98387896875 0.3611111109375 0.9833829359375 0.3573908734375 0.9853670640625 0.3546626984375 0.984375 0.3529265875 0.9861111109375 0.3487103171875 0.9853670640625 0.3474702375 0.98387896875 0.34052579375 0.966021825 0.334325396875 0.9534556046875 0.334325396875 0.9464285718750001 0.32862103125000003 0.9283234125 0.3244047625 0.924355159375 0.3261408734375 0.9203869046875001 0.325644840625 0.915674603125 0.3239087296875 0.921626984375 0.320601934375 0.921875 0.31845238125 0.9196428578125 0.31845238125 0.91592261875 0.30803571406249997 0.908730159375 0.3070436515625 0.900049603125 0.3050595234375 0.8955853171875001 0.30357142812500004 0.8970734125 0.3018353171875 0.8970734125 0.3010912703125 0.8943452375 0.2986111109375 0.8926091265625 0.2981150796875 0.8893849203125 0.29588293593750004 0.8886408734375 0.2951388890625 0.88467261875 0.2876984125 0.875 0.2896530265625 0.8677752968749999 0.271665178125 0.8460066968750001 0.28365699375000003 0.8204521328125001 0.2969114578125 0.811934028125 0.2745052078125 0.8053087796874999 0.28649727187499996 0.751044890625 0.27387425625 0.7359012890625001 0.2688249015625 0.714763640625 0.24831225156249997 0.7135017359375 0.244209821875 0.6756249999999999 0.2581845234375 0.65625 0.2638888890625 0.6542658734375 0.2616567453125 0.6507936515625 0.25868055624999997 0.6388888890625 0.25892857187499996 0.627728175 0.25669642812500004 0.6205357140625 0.2601686515625 0.6073908734375 0.256200396875 0.6044146828125 0.2522321421875 0.594494046875 0.24429563437500001 0.58779761875 0.2457837296875 0.5855654765625 0.25 0.5860615078125 0.2519841265625 0.584325396875 0.2519841265625 0.5801091265625 0.25 0.578373015625 0.2485119046875 0.574652778125 0.246527778125 0.5644841265625 0.22916666718749998 0.5515873015625 0.2209821421875 0.5491071421875 0.2199900796875 0.547619046875 0.2142857140625 0.547123015625 0.20882936562499999 0.544146825 0.19965277812499999 0.543402778125 0.19097222187500001 0.5352182546875001 0.18923611093749998 0.5357142859375 0.1773313484375 0.531498015625 0.1639384921875 0.5295138890625 0.1584821421875 0.5265376984375 0.1386408734375 0.52157738125 0.1351686515625 0.5193452375 0.1324404765625 0.5208333328125 0.131696428125 0.5228174609375 0.131696428125 0.528769840625 0.133928571875 0.5329861109375 0.134424603125 0.536954365625 0.1364087296875 0.5404265875
3 0.7410714281249999 0.97842261875 0.7383432546875001 0.9729662703124999 0.7242063484375 0.953373015625 0.71875 0.9466765875 0.715277778125 0.9451884921874999 0.705853175 0.9449404765624999 0.700396825 0.9461805562500001 0.6927083328125 0.952876984375 0.6820436515625 0.965773809375 0.6701388890625 0.9779265875 0.65947420625 0.99032738125 0.65674603125 0.9950396828124999 0.65625 0.999751984375 0.7566964281249999 0.999751984375 0.7564484125 0.997519840625 0.7410714281249999 0.97842261875
3 0.588045634375 0.9352678578125 0.5892857140625 0.9362599203125 0.6054067453124999 0.986855159375 0.6081349203124999 0.999751984375 0.6388888890625 0.999751984375 0.637896825 0.990079365625 0.6361607140625 0.9856150796875 0.6334325390625 0.9821428578125 0.6195436515625 0.9322916671874999 0.6168154765625 0.927579365625 0.6160714281249999 0.9236111109375 0.6130952375 0.9196428578125 0.612351190625 0.91220238125 0.6103670640625001 0.90674603125 0.6071428578125 0.9045138890625 0.60342261875 0.9045138890625 0.5949900796875001 0.906498015625 0.5825892859375 0.9114583328125001 0.581597221875 0.911954365625 0.5820932546875001 0.916170634375 0.5850694437499999 0.927579365625 0.588045634375 0.9352678578125
3 0.6321924609375 0.5012400796875001 0.6391369046875 0.5047123015625 0.6418650796875001 0.5074404765625 0.6448412703125 0.5069444437499999 0.6495535718750001 0.5044642859375 0.65674603125 0.5037202375 0.668402778125 0.50049603125 0.6946924609375 0.48809523749999995 0.7145337296875 0.4826388890625 0.7509920640625001 0.468998015625 0.7638888890625 0.46552579375 0.7668650796875001 0.462549603125 0.7638888890625 0.45535714218749995 0.762152778125 0.444196428125 0.7591765875 0.44345238125 0.7123015875 0.46031746093750003 0.6912202375 0.468998015625 0.65674603125 0.47867063437499996 0.6361607140625 0.4898313484375 0.6326884921875 0.4898313484375 0.6289682546875001 0.4925595234375 0.627976190625 0.49553571406249997 0.624255953125 0.49603174531249994 0.6232638890625 0.49776785781250005 0.622271825 0.5019841265625 0.625744046875 0.502728175 0.6289682546875001 0.5009920640625001 0.6321924609375 0.5012400796875001
3 0.6989087296875 0.6644345234375 0.7008928578125 0.6822916671875 0.7041170640625001 0.6832837296875 0.7150297625 0.68154761875 0.7269345234375 0.68154761875 0.7299107140625 0.6788194437499999 0.7326388890625 0.672619046875 0.7353670640625001 0.6708829359374999 0.7388392859375 0.671626984375 0.7415674609375 0.6698908734375 0.740575396875 0.6579861109375 0.7390873015625 0.6545138890625 0.7385912703125 0.6391369046875 0.7356150796875001 0.6331845234375 0.7299107140625 0.6321924609375 0.703125 0.6339285718750001 0.6956845234375 0.63467261875 0.6956845234375 0.6359126984375 0.6927083328125 0.63740079375 0.6917162703125 0.6364087296875 0.6892361109375 0.6383928578125 0.6897321421875 0.6423611109375 0.6917162703125 0.6453373015625 0.6989087296875 0.6644345234375
3 0.565476190625 0.743799603125 0.5664682546875001 0.75967261875 0.568700396875 0.7614087296875 0.5744047625 0.7606646828125 0.57862103125 0.7581845234375 0.5863095234375 0.7566964281249999 0.5892857140625 0.7544642859375 0.5952380953125 0.752728175 0.61259920625 0.7581845234375 0.6173115078125 0.7574404765625 0.6185515875 0.75595238125 0.6207837296875 0.7480158734375 0.622023809375 0.736855159375 0.6205357140625 0.6966765875 0.6326884921875 0.6892361109375 0.630704365625 0.6852678578125 0.625744046875 0.662450396875 0.6237599203124999 0.658978175 0.6262400796875001 0.65674603125 0.6272321421875 0.6577380953125 0.6292162703125 0.6542658734375 0.6272321421875 0.6490575390625 0.62450396875 0.6455853171875 0.622519840625 0.6495535718750001 0.6212797625 0.650049603125 0.6185515875 0.646825396875 0.6175595234375 0.6485615078125 0.5882936515625 0.668898809375 0.5699404765625 0.6755952375 0.568204365625 0.678075396875 0.5664682546875001 0.6852678578125 0.5672123015625 0.6884920640625001 0.5662202375 0.7075892859375 0.5664682546875001 0.737351190625 0.565476190625 0.743799603125
3 0.668898809375 0.809523809375 0.6676587296875 0.8142361109375 0.674355159375 0.8234126984374999 0.6758432546875001 0.831101190625 0.6798115078125 0.8353174609374999 0.68427579375 0.84325396875 0.686755953125 0.8457341265625 0.6897321421875 0.8521825390625001 0.6949404765625 0.8546626984374999 0.6964285718750001 0.8529265875 0.6887400796875001 0.8008432546875 0.688244046875 0.786954365625 0.68700396875 0.783730159375 0.6855158734375 0.7827380953125 0.6820436515625 0.783978175 0.6795634921875 0.78720238125 0.6755952375 0.7899305562500001 0.672619046875 0.7946428578125 0.668402778125 0.7988591265625 0.6671626984375 0.8048115078125001 0.6651785718750001 0.80654761875 0.6679067453124999 0.8077876984374999 0.668898809375 0.809523809375
3 0.6331845234375 0.637152778125 0.6426091265625 0.634920634375 0.6480654765625 0.630704365625 0.65029761875 0.6269841265625 0.6495535718750001 0.619295634375 0.6473214281249999 0.61532738125 0.6418650796875001 0.6111111109375 0.631200396875 0.609375 0.627976190625 0.61259920625 0.6240079359374999 0.6135912703125 0.6202876984375 0.6185515875 0.6175595234375 0.627480159375 0.62177579375 0.6326884921875 0.6299603171875 0.6366567453124999 0.6331845234375 0.637152778125
3 0.8702876984374999 0.5977182546875001 0.8732638890625 0.5952380953125 0.874751984375 0.5952380953125 0.874751984375 0.561755953125 0.8665674609374999 0.56200396875 0.862847221875 0.5664682546875001 0.8611111109375 0.5711805562500001 0.8608630953124999 0.5766369046875 0.865079365625 0.5954861109375 0.8675595234375001 0.5982142859375 0.8702876984374999 0.5977182546875001
3 0.855902778125 0.639880953125 0.8576388890625 0.63467261875 0.8616071421875 0.6339285718750001 0.8658234125 0.631200396875 0.8727678578125 0.6287202375 0.874751984375 0.6287202375 0.874751984375 0.6158234125 0.8613591265625 0.6173115078125 0.849950396875 0.6200396828125 0.8459821421875 0.62549603125 0.846478175 0.63095238125 0.849950396875 0.6366567453124999 0.85342261875 0.6356646828125 0.855902778125 0.639880953125
3 0.8501984125 0.5639880953125 0.858630953125 0.5736607140625 0.8613591265625 0.5731646828125 0.8643353171875001 0.56845238125 0.8640873015625001 0.5605158734375 0.8611111109375 0.5558035718750001 0.8576388890625 0.553075396875 0.8501984125 0.5404265875 0.840277778125 0.53125 0.8263888890625 0.51612103125 0.821924603125 0.5143849203124999 0.8204365078125001 0.50967261875 0.814980159375 0.5071924609375 0.8115079359375 0.5071924609375 0.8087797625 0.5081845234375 0.8058035718750001 0.5119047625 0.8053075390625001 0.5143849203124999 0.811755953125 0.525049603125 0.8474702375 0.56299603125 0.8501984125 0.5639880953125
3 0.6334325390625 0.3859126984375 0.6324404765625 0.3883928578125 0.6289682546875001 0.3918650796875 0.6259920640625001 0.40029761875 0.6299603171875 0.403521825 0.6654265875 0.4126984125 0.6736111109375 0.4136904765625 0.686755953125 0.41840277812500004 0.7301587296875 0.4283234125 0.7366071421875 0.42906746093750003 0.75322420625 0.43427579375 0.77802579375 0.43973214218749995 0.7854662703125 0.440228175 0.7899305562500001 0.4362599203125 0.7926587296875 0.43055555625 0.7991071421875 0.42385912656249997 0.8015873015625001 0.4164186515625 0.8023313484375001 0.40625 0.8020833328125001 0.3918650796875 0.800347221875 0.3891369046875 0.7358630953125 0.372271825 0.7333829359374999 0.3727678578125 0.7264384921875 0.3700396828125 0.7043650796875001 0.3640873015625 0.6951884921875 0.36259920625 0.6892361109375 0.35887896874999997 0.682570684375 0.35887896874999997 0.6552579359374999 0.3539186515625 0.6423611109375 0.3489583328125 0.639880953125 0.349950396875 0.63740079375 0.35342261875 0.6369047625 0.3712797625 0.6339285718750001 0.3764880953125 0.634424603125 0.38095238125 0.6334325390625 0.3859126984375
3 0.546130953125 0.3695436515625 0.5570436515625 0.37599206406249996 0.5625 0.375744046875 0.5689484125 0.37847222187499996 0.5714285718750001 0.38467261875 0.577380953125 0.3883928578125 0.5798611109375 0.38392857187499996 0.5863095234375 0.3769841265625 0.5922619046875 0.3732638890625 0.6111111109375 0.353174603125 0.6133432546875001 0.3487103171875 0.612847221875 0.337549603125 0.609623015625 0.3323412703125 0.6039186515625 0.328869046875 0.59424603125 0.3261408734375 0.5892857140625 0.3234126984375 0.5833333328125 0.32465277812500004 0.581101190625 0.3263888890625 0.5706845234375 0.3301091265625 0.5667162703125 0.334325396875 0.5615079359374999 0.33779761875 0.5585317453124999 0.3420138890625 0.5483630953125 0.3474702375 0.5456349203124999 0.3509424609375 0.5414186515625 0.3529265875 0.53720238125 0.3581349203125 0.5327380953125 0.36036706406249996 0.5270337296875 0.3670634921875 0.5193452375 0.3727678578125 0.521825396875 0.374255953125 0.52529761875 0.374255953125 0.534226190625 0.37053571406249997 0.546130953125 0.3695436515625
3 0.5091765875 0.4052579359375 0.5421626984375 0.3983134921875 0.54737103125 0.39508928593750003 0.5615079359374999 0.39384920625 0.56299603125 0.3945932546875 0.565972221875 0.3923611109375 0.559523809375 0.388144840625 0.5585317453124999 0.38467261875 0.5508432546875001 0.3732638890625 0.5453869046875 0.3707837296875 0.5429067453124999 0.372271825 0.5364583328125 0.3710317453125 0.53447420625 0.377480159375 0.521329365625 0.3789682546875 0.518105159375 0.37847222187499996 0.51612103125 0.3764880953125 0.5146329359374999 0.3797123015625 0.5101686515625 0.3802083328125 0.5042162703125 0.384920634375 0.5014880953125 0.390625 0.49950396875 0.3923611109375 0.4990079359375 0.3945932546875 0.4982638890625 0.40029761875 0.4990079359375 0.4015376984375 0.5039682546875001 0.4047619046875 0.5091765875 0.4052579359375
3 0.475446428125 0.4169146828125 0.481398809375 0.41989087343750003 0.48239087343750003 0.4236111109375 0.48387896875 0.42509920625 0.48660714218749995 0.42534722187499996 0.487351190625 0.41964285781250005 0.49156746093750003 0.412946428125 0.49404761875 0.41071428593750003 0.499751984375 0.408730159375 0.506200396875 0.40426587343750003 0.4985119046875 0.4007936515625 0.493799603125 0.4015376984375 0.481894840625 0.4010416671875 0.46924603125 0.406498015625 0.46552579375 0.4072420640625 0.46527777812500004 0.4169146828125 0.466269840625 0.4201388890625 0.4734623015625 0.41989087343750003 0.475446428125 0.4169146828125
3 0.5069444437499999 0.45634920625 0.5228174609375 0.455605159375 0.531001984375 0.45386904687499996 0.5453869046875 0.453373015625 0.5478670640625001 0.45238095312500004 0.5505952375 0.453373015625 0.5570436515625 0.45238095312500004 0.5612599203124999 0.450396825 0.5689484125 0.44890872968749995 0.5771329359374999 0.44345238125 0.5798611109375 0.440228175 0.5818452375 0.434771825 0.5820932546875001 0.431299603125 0.5793650796875001 0.42509920625 0.5605158734375 0.39657738125 0.5572916671875 0.3948412703125 0.553075396875 0.3948412703125 0.5349702375 0.400049603125 0.5017361109375 0.40674603125 0.49925595312500004 0.408978175 0.4945436515625 0.41021825468750006 0.48883928593750003 0.41815476250000005 0.48635912656249997 0.4236111109375 0.487351190625 0.42881944375 0.5044642859375 0.4548611109375 0.5069444437499999 0.45634920625
3 0.584325396875 0.43055555625 0.5863095234375 0.4310515875 0.593501984375 0.428075396875 0.59970238125 0.4228670640625 0.6076388890625 0.4201388890625 0.6106150796875001 0.4169146828125 0.6113591265625 0.40426587343750003 0.6108630953125 0.4007936515625 0.609623015625 0.39955357187499996 0.60615079375 0.3988095234375 0.6011904765625 0.4012896828125 0.5984623015625 0.4010416671875 0.5954861109375 0.396825396875 0.5959821421875 0.396329365625 0.5892857140625 0.3923611109375 0.5845734125 0.391369046875 0.577380953125 0.3923611109375 0.56572420625 0.3970734125 0.5637400796875001 0.3990575390625 0.563244046875 0.4007936515625 0.5642361109375 0.403521825 0.5696924609375 0.412450396875 0.584325396875 0.43055555625
3 0.6044146828125 0.44072420625 0.6081349203124999 0.4392361109375 0.6081349203124999 0.43427579375 0.609623015625 0.43328372968749995 0.61532738125 0.435019840625 0.6237599203124999 0.43377976250000005 0.6361607140625 0.43353174531249994 0.641369046875 0.42757936562500004 0.64112103125 0.42385912656249997 0.6393849203124999 0.41989087343750003 0.6321924609375 0.4072420640625 0.627480159375 0.403769840625 0.621527778125 0.403769840625 0.6183035718750001 0.40823412656249997 0.612351190625 0.41195436562500004 0.610119046875 0.41815476250000005 0.608630953125 0.41964285781250005 0.5982142859375 0.4233630953125 0.5925099203124999 0.4283234125 0.5922619046875 0.43154761875 0.5949900796875001 0.43700396875 0.6016865078125 0.43799603125 0.6044146828125 0.44072420625
3 0.6329365078125 0.35069444375000003 0.6361607140625 0.3521825390625 0.643353175 0.349950396875 0.650545634375 0.35267857187499996 0.6614583328125 0.3551587296875 0.6639384921875 0.3539186515625 0.666170634375 0.3420138890625 0.66592261875 0.337549603125 0.6674107140625 0.333829365625 0.6669146828125 0.3296130953125 0.6644345234375 0.325644840625 0.650049603125 0.3231646828125 0.6448412703125 0.3209325390625 0.6341765875 0.3201884921875 0.6202876984375 0.31696428593750003 0.6106150796875001 0.3167162703125 0.6039186515625 0.315476190625 0.6024305562500001 0.3172123015625 0.6026785718750001 0.32142857187499996 0.6083829359374999 0.32911706406249996 0.627480159375 0.34474206406249996 0.6329365078125 0.35069444375000003
3 0.8382936515624999 0.372271825 0.843501984375 0.3737599203125 0.8477182546875 0.3732638890625 0.858630953125 0.3658234125 0.8613591265625 0.3608630953125 0.861855159375 0.356894840625 0.8544146828124999 0.34325396874999997 0.846478175 0.33779761875 0.84375 0.33779761875 0.841269840625 0.3390376984375 0.8382936515624999 0.3422619046875 0.8325892859374999 0.3459821421875 0.827380953125 0.3519345234375 0.8271329359375 0.3544146828125 0.83134920625 0.36284722187499996 0.8370535718750001 0.36904761875 0.8382936515624999 0.372271825
3 0.84424603125 0.43328372968749995 0.8492063484375001 0.43526785781250005 0.8573908734375 0.4360119046875 0.874751984375 0.43303571406249997 0.874751984375 0.3923611109375 0.865079365625 0.3888888890625 0.83779761875 0.39161706406249996 0.8350694437499999 0.393353175 0.82862103125 0.403521825 0.8291170640625 0.412450396875 0.8325892859374999 0.4164186515625 0.8350694437499999 0.422123015625 0.84424603125 0.43328372968749995
3 0.8226686515624999 0.47842261875 0.828869046875 0.4833829359375 0.8392857140625001 0.484375 0.84375 0.48635912656249997 0.874751984375 0.486855159375 0.874751984375 0.4610615078125 0.8675595234375001 0.456101190625 0.8573908734375 0.45535714218749995 0.8357309031250001 0.45659722187499996 0.8293650796875 0.456101190625 0.8239087296875001 0.4585813484375 0.8211805562500001 0.45882936562500004 0.8169642859374999 0.45734127031250005 0.8147321421875 0.4543650796875 0.811755953125 0.4541170640625 0.811755953125 0.45882936562500004 0.8137400796875 0.4605654765625 0.8179563484375001 0.471230159375 0.8226686515624999 0.47842261875
3 0.5354662703125 0.3226686515625 0.537450396875 0.3258928578125 0.5359623015625 0.3303571421875 0.5396825390625 0.3333333328125 0.544146825 0.34052579375 0.546875 0.3422619046875 0.5481150796875001 0.3457341265625 0.5510912703125 0.3457341265625 0.5555555562500001 0.34375 0.559771825 0.338045634375 0.565476190625 0.333829365625 0.565972221875 0.3293650796875 0.5647321421875 0.32217261875 0.561755953125 0.318700396875 0.561755953125 0.31349206406249996 0.5575396828125 0.297123015625 0.5543154765625 0.2765376984375 0.556299603125 0.2591765875 0.5538194437499999 0.25049603125000003 0.5518353171875 0.2477678578125 0.546626984375 0.24751984062500001 0.544394840625 0.2487599203125 0.5394345234375 0.25446428593750003 0.53447420625 0.275545634375 0.5272817453124999 0.2832341265625 0.5243055562500001 0.28993055624999997 0.5248015875 0.2983630953125 0.52802579375 0.30133928593750003 0.534722221875 0.3179563484375 0.5354662703125 0.3226686515625
3 0.5101686515625 0.9196428578125 0.512896825 0.9198908734375 0.515625 0.91865079375 0.5178571421875 0.91592261875 0.5173611109375 0.9079861109375 0.5116567453124999 0.90029761875 0.5104166671875 0.8960813484375001 0.5069444437499999 0.890873015625 0.5044642859375 0.888144840625 0.502728175 0.887648809375 0.4925595234375 0.887896825 0.491071428125 0.8886408734375 0.49404761875 0.8958333328125001 0.5066964281249999 0.9171626984374999 0.5101686515625 0.9196428578125
5 0.2983990578125 0.085280009375 0.2955466265625 0.086376984375 0.2959853671875 0.08878993125 0.2729459328125 0.09273834375 0.268996528125 0.0896674109375 0.2681188 0.0929578375 0.2725071921875 0.1186227671875 0.2760178578125 0.1216939484375 0.2782123015625 0.120377728125 0.3041041671875 0.11489384843749999 0.305420634375 0.10875173593750001 0.29927678593749996 0.08725446406250001 0.2983990578125 0.085280009375
5 0.3253881453125 0.15021701406250001 0.349744046875 0.1412232140625 0.389240328125 0.130474703125 0.3945064484375 0.127623015625 0.38507118125 0.1116096234375 0.34184499062499996 0.1241130953125 0.309809028125 0.136397321875 0.25956125937499996 0.1598688 0.267460565625 0.178953125 0.30169047656250003 0.16118502031249998 0.3253881453125 0.15021701406250001
4 0.1959263390625 0.40739930625 0.1940327375 0.3988812 0.2085493546875 0.37900545625 0.2303244046875 0.391940228125 0.23221775781249998 0.4020359625 0.21991021875 0.4162328875 0.125 0.4774375 0.18140972187499999 0.5260228171875 0.2012911703125 0.5228678078125 0.2404228671875 0.5553630953125 0.2584107140625 0.5610419140625 0.265669146875 0.5641966765624999 0.2779766859375 0.5496842765625 0.2915466265625 0.5525057046875 0.3117435515625 0.51496255 0.31647718281250004 0.5077063484375001 0.3272068453125 0.5020275296875 0.3461416171875 0.5099146828125 0.35592460312499996 0.49918824375000004 0.34645709375 0.4859377484375 0.2530458828125 0.3966274796875 0.24452529687500002 0.3843234125 0.2360047125 0.37170386875 0.23726711250000002 0.3701264875 0.2565173609375 0.3871626984375 0.27671428593749997 0.3672869546875 0.2255905265625 0.327219990625 0.19434846249999999 0.3051359125 0.169417659375 0.29156994062499997 0.14480257968750002 0.31049925625 0.14638045625 0.3158625984375 0.22653745 0.35153968281250003 0.2085493546875 0.3761478171875 0.1741512890625 0.4102204859375 0.16689310468750002 0.4061192953125 0.1391220234375 0.42851884843750004 0.12618353124999998 0.4194037703125 0.12618353124999998 0.4755446421875 0.2148608625 0.41844122031250003 0.1959263390625 0.40739930625
3 0.24635168593749998 0.6736438484375 0.2532155265625 0.712069940625 0.26666865156249997 0.7134422125000001 0.280121528125 0.6936803078125 0.27572867031250003 0.6574499015625 0.2740813484375 0.654705109375 0.2628249015625 0.65690079375 0.24635168593749998 0.6736438484375
3 0.280670634375 0.6956014390624999 0.2886326890625 0.689288690625 0.293574653125 0.67721180625 0.31773511875 0.6508625984374999 0.30730208281250004 0.6363154765625 0.3015364578125 0.6308258921875 0.3001639390625 0.6250620046875001 0.280670634375 0.6525094250000001 0.2776505453125 0.6582733140625 0.282592509375 0.68709300625 0.280670634375 0.6956014390624999
3 0.3147150296875 0.691484375 0.3243244046875 0.6780352187500001 0.31746056562499997 0.6728204359375 0.31691145781249996 0.66842881875 0.321853421875 0.664860615625 0.3350317453125 0.6722713296875 0.34491567500000003 0.6637626484375 0.3204806546875 0.6492157734374999 0.2952219734375 0.676662946875 0.29467286718749996 0.6920334828125 0.309773065625 0.70081646875 0.3144404765625 0.6988953375 0.318009671875 0.6942291671875 0.3147150296875 0.691484375
3 0.4109508921875 0.7531413687499999 0.379150296875 0.7559942953125 0.3828196921875 0.7270560515625 0.37670411718749996 0.718700396875 0.370180803125 0.7576247515625 0.3734424609375 0.76414608125 0.4189010421875 0.76129290625 0.4246088796875 0.7178854171875 0.4191049109375 0.711975446875 0.4074853671875 0.7131981640625 0.3779270828125 0.7170701890625 0.3826158234375 0.7234645343749999 0.3850620046875 0.723184028125 0.4146202875 0.7199233625 0.4109508921875 0.7531413687499999
3 0.48507142812500004 0.743769096875 0.49268427656249997 0.7390124015625 0.49458755 0.729974703125 0.4950634921875 0.7199853671875001 0.486023065625 0.7154665171875 0.47626884843750006 0.7190339781249999 0.47174851249999994 0.729974703125 0.475555059375 0.733780009375 0.4772204859375 0.73853670625 0.48507142812500004 0.743769096875
3 0.486498759375 0.6985662203125 0.46389756875000004 0.6952366078125001 0.4688936015625 0.704987846875 0.4953013390625 0.7080798609375 0.5121927078125 0.6716904765625 0.5048174609375 0.6614635421874999 0.46960739062499995 0.6548040671875001 0.46532514843749995 0.657658234375 0.44986111093750003 0.6926202875 0.45152653750000005 0.6954744546875 0.46128075468749996 0.70475 0.4667524796875 0.70475 0.45539260937500003 0.69147495 0.4624702375 0.6930959828125001 0.4748412703125 0.6636041671874999 0.49958358125 0.667647321875 0.486498759375 0.6985662203125
3 0.40745262968749996 0.5184806546875 0.35511631875 0.5482782734375 0.354412203125 0.5546130953125 0.3600446421875 0.5550823406250001 0.42176884843750007 0.5210615078124999 0.41871800625000005 0.5137881937500001 0.413319940625 0.5133189484375 0.40745262968749996 0.5184806546875
3 0.41613640937499996 0.5799526296875 0.40510565468750004 0.549216765625 0.4015853171875 0.5515629953125 0.41214657812500005 0.582298859375 0.4154322921875 0.59004141875 0.42247296562500003 0.5907452875 0.4417177578125 0.5834719734375 0.4360853171875 0.556724703125 0.42974851249999996 0.539831596875 0.425993303125 0.5337313984375001 0.4008812 0.5407700890625 0.3999424609375 0.543585565625 0.40135069375 0.549920634375 0.40487103125 0.5457192453124999 0.40909548593749995 0.5513283734375001 0.4241158234375 0.54616641875 0.4351463296875 0.574790921875 0.41613640937499996 0.5799526296875
3 0.6203509421875 0.6961309531250001 0.6215833328125 0.71953993125 0.61603745 0.7146116078125 0.6144970234375 0.7216959328125 0.6225076890625 0.7457209828125 0.61603745 0.7651259921875 0.6144970234375 0.779910465625 0.6086431046875 0.7925391859375 0.6027891859375 0.8017795140624999 0.6009404765624999 0.8119439484375001 0.5916974203125 0.824264384375 0.6107998515624999 0.8187202375 0.6499288187500001 0.7423328375 0.6801227671875 0.67641790625 0.6742688484375 0.677033978125 0.6203509421875 0.6961309531250001
3 0.5978596234375 0.6437686015625 0.5821463296875 0.6314479171875 0.5291527781250001 0.7848387890625 0.52391493125 0.7946951890625 0.5205260421875 0.80085540625 0.53038516875 0.8116359125000001 0.564892609375 0.7411009421875 0.567357390625 0.6785741562500001 0.5883082843749999 0.6594771828125 0.5978596234375 0.6437686015625
3 0.6503688000000001 0.62571478125 0.649069940625 0.6317740578125 0.6495029765625 0.6324233625 0.65621329375 0.6438928578125 0.6614087296875 0.6408630953125 0.6741803078124999 0.6421614578125 0.6259077375000001 0.5755084328125 0.6226607140625 0.5863286203125 0.6202795140624999 0.5949848703125 0.6202795140624999 0.5995295140625 0.6334841265625 0.6097006453125 0.6438747515625 0.6120811015625 0.65015228125 0.6181403765625 0.6503688000000001 0.62571478125
3 0.6873147328125 0.6354637890625 0.732522321875 0.6337720734375 0.7349397328125 0.611295634375 0.7006111109375001 0.5970364578125 0.68634771875 0.61927108125 0.684171875 0.6371557546875 0.684171875 0.6407810015625001 0.6865892859375 0.6398142359375 0.6873147328125 0.6354637890625
3 0.6865892859375 0.6040451390625 0.6650734125 0.5922026296875 0.66023834375 0.592927828125 0.6471837796875 0.6033201890625 0.65516170625 0.6120205859375 0.6665240578125 0.606462053125 0.6892487593750001 0.6187876984375 0.6919079859374999 0.6110540671875 0.6865892859375 0.6040451390625
3 0.684171875 0.638861359375 0.6851388890625 0.6161431046875 0.6742599203124999 0.610826140625 0.6665240578125 0.6093759921874999 0.6592713296875 0.6137264390625 0.6585461312499999 0.6163849203125 0.6665240578125 0.614934771875 0.6662822421875 0.6308859124999999 0.6740183531249999 0.641761409375 0.684171875 0.638861359375
3 0.6740183531249999 0.6702869546875 0.660480159375 0.6685952375 0.6612053578125 0.6521607140625 0.6708754953125 0.6524025296875 0.6754687500000001 0.6753623515625 0.680545634375 0.6768125 0.678853421875 0.6818876484375 0.6786116078125 0.6910716765625 0.6728095234375 0.691555059375 0.6716006937500001 0.694455109375 0.67595238125 0.695421875 0.6810290171875 0.6942135421875 0.6972264390625 0.6876879953125 0.7003692953125 0.6840627484375 0.69239136875 0.6473271328125 0.6877981156249999 0.6420101687499999 0.6609637890625 0.6408015875 0.6392061015625 0.6511939484375 0.6437993546875 0.6688368062500001 0.6558869046875 0.682612846875 0.6699084828124999 0.6789875984375 0.6740183531249999 0.6702869546875
3 0.7612388390625 0.686216021875 0.7851902281250001 0.716545634375 0.8179236109374999 0.6758400296875 0.7550515875 0.6697041171875 0.7521907234375 0.6707852187500001 0.756980903125 0.6787666171875 0.7612388390625 0.686216021875
3 0.8115367062500001 0.66971329375 0.813665675 0.665456596875 0.84400396875 0.646301090625 0.791044890625 0.5994764390625 0.7777385906250001 0.5829813984375 0.7351587296875 0.5475969734375 0.7364893359375 0.631136409375 0.7396827874999999 0.6481634421875 0.7716178078125 0.659603421875 0.7777385906250001 0.657209078125 0.7926416171875 0.6617318953125 0.7961011906250001 0.6721078875 0.8099397328125001 0.6726398812500001 0.8115367062500001 0.66971329375
3 0.8126011906249999 0.6082562 0.8461329359375 0.6452368546875 0.8437375984375001 0.637521578125 0.8469312999999999 0.6207604171875001 0.8692857140625 0.613044890625 0.8676889875 0.6069104656250001 0.862898809375 0.6013236609375 0.8581083828124999 0.5739206343750001 0.7990287703125001 0.514842509375 0.8054156750000001 0.5068608625000001 0.8099397328125001 0.501273809375 0.8067462796875 0.492228175 0.8243105156249999 0.48610912656250005 0.8232460312500001 0.4770634921875 0.8019561015625 0.4762653765625 0.8011577375 0.472274553125 0.7905126484375 0.4501924609375 0.7875853171875 0.44912822343750003 0.7862547125 0.470412203125 0.77507738125 0.471742559375 0.7591098703125 0.46642137968749997 0.7364893359375 0.475201140625 0.7362232140625 0.540383184375 0.7380860609375001 0.5465327375 0.771085565625 0.56861483125 0.8126011906249999 0.6082562
3 0.6797564484375 0.3150307546875 0.6642919140625 0.3404481640625 0.6742522328125 0.3582666171875 0.6810669640625 0.3572182546875 0.6784459328125 0.3483092765625 0.6758249015625 0.3378278765625 0.6847366078125 0.323415921875 0.6873576390625 0.323677828125 0.6933861609374999 0.34254439531249997 0.6842123015625 0.3582666171875 0.6914858625 0.3588291171875 0.700725446875 0.3454268359375 0.6918134921875 0.3150307546875 0.6857849703125 0.3129345234375 0.6797564484375 0.3150307546875
3 0.6485654765625 0.3126723703125 0.62471329375 0.311362103125 0.6256307046875 0.31787425625 0.64568204375 0.3210575390625 0.6485654765625 0.31817509843749997 0.6485654765625 0.3126723703125
3 0.62785863125 0.31083804531250003 0.6315282734375 0.3084799109375 0.63834300625 0.305859375 0.647516865625 0.3011428578125 0.6593120046875 0.3011428578125 0.6687477671875001 0.30271502968749997 0.677659721875 0.306121528125 0.6813291171875 0.3126723703125 0.6894546125 0.3121483140625 0.684998759375 0.3037631453125 0.6737279265625 0.29826041718749996 0.6627192453124999 0.2945920140625 0.6467306546875 0.29564012968750003 0.633625 0.2990466265625 0.6254997515625 0.3050734125 0.61842261875 0.3150307546875 0.6254997515625 0.318961309375 0.6257619046875 0.311362103125 0.62785863125 0.31083804531250003
3 0.6393916171875 0.296673115625 0.6483033234375 0.29457688437499996 0.6540696921875 0.2869779265625 0.6543318453125 0.27282812500000003 0.6532834828125 0.2709938 0.6435853171875 0.26653918593750003 0.6354598218749999 0.2647048609375 0.6315282734375 0.2683735125 0.6252375984375 0.28016493124999997 0.616063740625 0.290384425 0.618684771875 0.29457688437499996 0.6270724203125 0.2982455359375 0.6349357640625 0.2990314984375 0.6393916171875 0.296673115625
3 0.585193453125 0.32082242031249997 0.595363590625 0.324709821875 0.597457340625 0.3154397328125 0.60822569375 0.30497371093750003 0.6118149796875 0.29002207343749997 0.6186946921875001 0.26041790625 0.6142080859375 0.24965277812500003 0.6049352671875 0.246961309375 0.5908767359375 0.2472604171875 0.57741641875 0.2490907734375 0.566648065625 0.32500892812500004 0.5756217765625 0.3271021828125 0.585193453125 0.32082242031249997
3 0.6216860125 0.21434970312499999 0.6174982640625 0.2128544140625 0.6189937999999999 0.189230903125 0.58429613125 0.18893179531249998 0.5792110609375001 0.2445518359375 0.5983546625 0.24245882968750002 0.616002728125 0.24574801562499998 0.6201904765624999 0.24156150781250002 0.6216860125 0.21434970312499999
3 0.6856450890625 0.3024295640625 0.6883772328125 0.3003286203125 0.6921599703125 0.28772271875 0.72074131875 0.29255505937500004 0.7243139875 0.289193453125 0.7186396328125 0.2866723703125 0.72788665625 0.2672140375 0.6988849203124999 0.24759449375 0.6721951890625 0.2961267359375 0.6856450890625 0.3024295640625
3 0.74638045625 0.22699900781250001 0.74511954375 0.2240575390625 0.73734375 0.2364533734375 0.7173787203125 0.229730159375 0.71884995 0.20893055624999998 0.7089724703125 0.227021578125 0.7369233625 0.24968923593749998 0.7425974703125 0.2406552578125 0.74638045625 0.22699900781250001
3 0.7350319937500001 0.2511599703125 0.7070811015625 0.2326716265625 0.7007765375 0.2414955359375 0.7253648312500001 0.25977405781249996 0.73208978125 0.2551517859375 0.7350319937500001 0.2511599703125
3 0.7228427578125001 0.29277703437499997 0.7339811515625 0.2944578375 0.73251016875 0.3034920640625 0.74596006875 0.31021502968750003 0.7514241078125 0.3093747515625 0.7566780750000001 0.30559300624999997 0.7652943953125 0.2965587796875 0.76151165625 0.29046602187500004 0.7510037203125 0.30181125937500003 0.7293576390625 0.28962574375 0.7381842765625 0.2789107140625 0.7369233625 0.2723978171875 0.72410391875 0.28584399843749997 0.7228427578125001 0.29277703437499997
3 0.7755922625 0.31715426562500004 0.77832415625 0.3173643359375 0.7766428578125 0.30791021875 0.7751718750000001 0.3011870046875 0.7676061515625 0.3030778765625 0.7371334328125 0.314423115625 0.75478670625 0.3270287703125 0.7747514875 0.317574653125 0.7755922625 0.31715426562500004
3 0.82623983125 0.3535131453125 0.8314938 0.34763045625 0.8239280750000001 0.343008184375 0.80354290625 0.346159721875 0.81972495 0.3774640375 0.8392695937499999 0.3751530265625 0.8367477671874999 0.3696904765625 0.82623983125 0.3535131453125
3 0.78126636875 0.3659087296875 0.7892522328125 0.3577150296875 0.7028779765625 0.351201884375 0.6967834828125 0.35813516875 0.7659248515625 0.379144840625 0.77328050625 0.3711612109375 0.78126636875 0.3659087296875
3 0.8098477187500001 0.383766865625 0.81363045625 0.37935491093749996 0.8121594734375 0.3711612109375 0.800390625 0.36716939531250004 0.7856795640625001 0.36716939531250004 0.7781140875 0.3699005453125 0.77874454375 0.378304315625 0.7858898812499999 0.38208606093749997 0.7947165171874999 0.3856577375 0.8098477187500001 0.383766865625
3 0.8031148312499999 0.21521825468750003 0.8130310015625 0.2172517359375 0.8140481156250001 0.22411483125 0.81709920625 0.2319947921875 0.8176078875 0.23529910781250002 0.811251240625 0.237841021875 0.814556546875 0.24114533749999997 0.8165907734375001 0.24800843281249998 0.823455853125 0.25029613125 0.8298122515624999 0.24953372968749998 0.83947420625 0.24877108125 0.8521872515625001 0.25029613125 0.8654089781250001 0.25436334375 0.8710027281249999 0.2619888390625 0.8745622515625 0.2619888390625 0.874751984375 0.23834945468750002 0.7754005453125 0.190053571875 0.7720949906250001 0.1913244046875 0.7624330359375 0.19971279687500001 0.77896006875 0.2144556046875 0.786079365625 0.2106428578125 0.789893353125 0.21089707343750003 0.8031148312499999 0.21521825468750003
3 0.497851934375 0.10239136874999999 0.497851934375 0.1087470234375 0.5129213796875 0.11910441406250001 0.5261071421875 0.11345486093749999 0.556481646875 0.08920932499999999 0.5527142859375 0.08214756875 0.52775545625 0.06543477187499999 0.48607886875000006 0.0979188984375 0.49031721250000004 0.10662847187499999 0.4964392359375 0.1073345734375 0.4979107140625 0.0998353171875 0.528697171875 0.0741443453125 0.5501242562499999 0.08614930625 0.5131567453125 0.1148673109375 0.497851934375 0.10239136874999999
0 0.271021825 0.0359208828125 0.2821587296875 0.03850545625 0.2845451390625 0.037511409375 0.2875282734375 0.032739831250000004 0.2917046125 0.029757440625 0.2891192953125 0.0241907234375 0.286533978125 0.0164370046875 0.2722150296875 0.012858134375 0.2696297125 0.014846478125000001 0.2539188984375 0.010273560937499999 0.25312326406249996 0.0118640875 0.251134671875 0.015244046875 0.2493447421875 0.019419146875 0.2503390375 0.02617881875 0.25272569375 0.0265763890625 0.25710069375 0.026775296875 0.2648568953125 0.026775296875 0.27539707343750003 0.025903026562499997 0.27400496093750004 0.0275704359375 0.2668454859375 0.031149306249999998 0.271021825 0.0359208828125
0 0.873584325 0.262241071875 0.8654513890625 0.256231646875 0.8548432546875 0.2519895828125 0.8329196421875 0.248454365625 0.8233722718750001 0.2477475203125 0.8138249015625 0.2459799109375 0.8127638890625001 0.24103100156249999 0.804630953125 0.2438588796875 0.804630953125 0.2481009421875 0.7936693953125 0.25941319375 0.7837683531249999 0.25764558593750003 0.7774032734375 0.2608271328125 0.7749280749999999 0.267190228125 0.7805858140625 0.2841584828125 0.79791245 0.291935515625 0.813117559375 0.29653125 0.8141783234375 0.3039546125 0.833273065625 0.30572222187500003 0.84564930625 0.3113782234375 0.8516607140625 0.3120853171875 0.8590863093750001 0.3099642859375 0.874751984375 0.2845119046875 0.8704017859375 0.27461383906250003 0.874751984375 0.2696646828125 0.873584325 0.262241071875
3 0.5634938 0.8244672625 0.5914536203125 0.8259647812500001 0.6019384921875 0.8077462796875 0.60318675625 0.8025052078125 0.611674603125 0.785783978125 0.592701884375 0.77330555625 0.587459325 0.7758013390625 0.576225446875 0.77255704375 0.57273040625 0.7825396828125 0.550762153125 0.779544890625 0.5285441468750001 0.8184776781249999 0.5627447921875001 0.8207237109375001 0.5634938 0.8244672625
3 0.6675939984375 0.8848916171875001 0.6703400296875001 0.8679208828125 0.6491205359375 0.8564407234375 0.646125 0.853196428125 0.640383184375 0.854943453125 0.635140625 0.862180803125 0.6316458328125 0.8791515375 0.62490550625 0.89961631875 0.615918403125 0.9143407734375 0.6211607140625001 0.932158234375 0.6835709328124999 0.93655233125 0.6748335812499999 0.9205801093750001 0.668592509375 0.905106646875 0.6675939984375 0.8848916171875001
3 0.8226212796875 0.9353333328125 0.8271423609375 0.9390553078125 0.831397321875 0.9496897328125 0.8298015875000001 0.9611217765625 0.872617559375 0.9733514390625 0.8742132937499999 0.9318769843749999 0.832726934375 0.91805233125 0.8295357140625 0.9231036703125 0.8165047124999999 0.933472221875 0.8226212796875 0.9353333328125
3 0.767572171875 0.9108740078125 0.77847569375 0.91273511875 0.800282490625 0.922571925 0.8149092265625001 0.9300161203125 0.82235540625 0.9239012890625 0.8282061015625001 0.9156594734375 0.7718936015625 0.8979389875000001 0.7686359125 0.9031639390624999 0.764380953125 0.9074179062500001 0.767572171875 0.9108740078125
3 0.7641150796875 0.9252304062500001 0.7853901296875 0.9446383921875 0.789379215625 0.9430431546875001 0.810122271875 0.9332063484375 0.7923045640625 0.9241671625000001 0.7685694437499999 0.9135627484375 0.7606577375 0.9108740078125 0.7595939984375 0.915925346875 0.7641150796875 0.9252304062500001
3 0.859320684375 0.8459732140625 0.8619801593749999 0.8568735125 0.8736815468750001 0.8603298609375001 0.874751984375 0.8042328875000001 0.8585230656249999 0.8106135906249999 0.859320684375 0.8459732140625
3 0.79443204375 0.7826904765625 0.7837943953125001 0.7763100203125 0.78113516875 0.820974703125 0.7877834828125 0.82416493125 0.8079947921875 0.8244308031250001 0.8271423609375 0.8169866078125001 0.8258127484375001 0.7736512890625 0.810122271875 0.7688658234375 0.78645386875 0.7739171625 0.796293403125 0.7792343749999999 0.8149092265625001 0.7752465281250001 0.8141113593749999 0.8167209828124999 0.7925704359375 0.8183159718749999 0.79443204375 0.7826904765625
3 0.815440971875 0.8305456343750001 0.8186321921875 0.8231014390625001 0.7792735609375 0.823633184375 0.782198909375 0.7747147812499999 0.8143772328125 0.7672705859375 0.8032078374999999 0.7561044140625001 0.7819327875 0.7422797625 0.7678380453125 0.7202130453125 0.7481587296875001 0.7090468750000001 0.7473608625 0.7114397328125001 0.7393829359375 0.7170228171875 0.7271498015625 0.7175545640625 0.721033234375 0.7226059031250001 0.705076884375 0.7297842265625001 0.699226190625 0.7404186515625 0.6925778765625 0.7646121031249999 0.6933754953125 0.7917299109375 0.699226190625 0.8446364093750001 0.717841765625 0.850751240625 0.727681546875 0.8616515375 0.737787203125 0.8738811999999999 0.7452333828125 0.8744129468749999 0.7635830859375 0.8688296125000001 0.7790074406249999 0.8693613593749999 0.7832626484375 0.8813251484375 0.7978891375 0.87840079375 0.8063990578125001 0.8544732140625 0.8188983140625 0.8422435515625001 0.8133134921874999 0.8414459328125 0.8103881453125 0.8382557046875 0.815440971875 0.8305456343750001
3 0.718373759375 0.8786817953125 0.7306068953125 0.8800111609375 0.7234265875 0.85767881875 0.700555803125 0.8568811999999999 0.7013536703125001 0.8619325390625001 0.7114593250000001 0.8754915671875001 0.718373759375 0.8786817953125
3 0.7490451390625 0.958853421875 0.7498271328125 0.9515567953125 0.7422678578124999 0.9455629953125 0.732623015625 0.9598958328125 0.739400296875 0.9692772812499999 0.7800649796875 0.9856946921875 0.7881458328125001 0.9797008921874999 0.770680803125 0.9716225203125 0.7490451390625 0.958853421875
3 0.7722447921875 0.9518172125 0.7730920140624999 0.946625 0.7631212796875 0.9442599203125001 0.760775296875 0.9518172125 0.7693774796875 0.96198040625 0.7722447921875 0.9518172125
3 0.77719766875 0.9677135421875 0.794923115625 0.9630228171875 0.7977904265625 0.9585927578125 0.7884064984375 0.9531202875 0.776415675 0.9567686015625 0.77250545625 0.9591138390625 0.77094146875 0.9630228171875 0.77719766875 0.9677135421875
3 0.8520466265625 0.9075446421875 0.8489739578125001 0.9021912203125 0.8421277281249999 0.9025865578125 0.8324243546875 0.9161674109375 0.8598092765625 0.9254367562500001 0.8520466265625 0.9075446421875
3 0.8681279765625 0.6683189484375001 0.8411123515625001 0.68565228125 0.823169146875 0.67234995 0.8528055562500001 0.6550166171875 0.84474131875 0.6465515875000001 0.815306546875 0.6656986609375 0.8136937 0.6683189484375001 0.8221612109375 0.68182266875 0.8457492562500001 0.6989546125 0.874176090625 0.6790009921875 0.8681279765625 0.6683189484375001
3 0.8715553078125 0.6626755953125001 0.8695391859375 0.6665049609375 0.874751984375 0.6735592765625 0.874751984375 0.6624739578125001 0.8505880453125 0.6433266375 0.8493782234375 0.6465515875000001 0.8558298609375001 0.651388640625 0.8715553078125 0.6626755953125001
3 0.8580473703125 0.831787946875 0.8590555562500001 0.8090126484375 0.874751984375 0.8031676593749999 0.8647006453125 0.7938963296875 0.8491765875 0.7860359625 0.8374833828125 0.7809970234375 0.8346609624999999 0.7678963296875 0.8225644843750001 0.74592733125 0.8171210312499999 0.7203303578125 0.8138953375 0.7019893359375 0.8077293515624999 0.6884682078125001 0.801798859375 0.69775694375 0.815306546875 0.768097965625 0.826596478125 0.77253199375 0.8274030265625001 0.8186870046875001 0.8322415671875 0.8289660218750001 0.8435317453125 0.833400296875 0.8580473703125 0.831787946875
3 0.8737728171875 0.344519096875 0.874751984375 0.3152943953125 0.8457492562500001 0.31892212343750004 0.830225446875 0.3213407734375 0.86228125 0.3455267859375 0.8737728171875 0.344519096875
3 0.8100647328124999 0.3285967265625 0.8064357640625 0.32564756875 0.8009923109375 0.341495784375 0.8046212796875001 0.3437130453125 0.826596478125 0.34189905781249996 0.8100647328124999 0.3285967265625
3 0.8024035218750001 0.3031897328125 0.784863590625 0.2890811015625 0.7788154765625 0.2828330859375 0.75482415625 0.2642904265625 0.7415178578125 0.2542130453125 0.7223650796875 0.23929836249999997 0.7104702374999999 0.23103472187500002 0.6947447921875 0.22176339218750002 0.6770032234375 0.21430605156250002 0.6703501984375 0.2122904265625 0.668132440625 0.21269369999999999 0.66631795625 0.2161200390625 0.6782130453125 0.22821304531250003 0.6921240078124999 0.2397013890625 0.710671875 0.25219742031250003 0.727001984375 0.2650967265625 0.7517998515625 0.2834377484375 0.7741783234375 0.2997633921875 0.7943392859375 0.31568576406250004 0.806032490625 0.3241510421875 0.8241773312499999 0.34108110156250004 0.8324432046875 0.347732390625 0.8350639875000001 0.3455153765625 0.826193453125 0.3380580359375 0.8169193953124999 0.3297943953125 0.8046212796875001 0.3193080359375 0.7856701390625 0.3047963796875 0.76268675625 0.2880677078125 0.7441388890625 0.274563740625 0.7360744046875001 0.2693234125 0.7241795640625 0.26005208281250003 0.7100669640625 0.24916840312500002 0.691720734375 0.235866071875 0.681237103125 0.22820734062499998 0.6713581343749999 0.2185327375 0.6701485609375 0.21470337343749998 0.676196925 0.2159126984375 0.6955513390625 0.22437772812499998 0.711478175 0.23385069375 0.7489774312499999 0.262079365625 0.7892991078125 0.29614136874999997 0.874751984375 0.3594169140625 0.874751984375 0.3551897328125 0.830023809375 0.32294171562499996 0.8024035218750001 0.3031897328125
3 0.3879630453125 0.4603546625 0.3872068453125 0.4550629953125 0.28310565468750004 0.3638427578125 0.2558829359375 0.386773809375 0.2387428078125 0.3711505453125 0.23590699375000002 0.371538690625 0.25109375 0.39433358125 0.368050346875 0.5052088296874999 0.3998100203125 0.46967832343750004 0.3879630453125 0.4603546625
3 0.3259561015625 0.378695684375 0.32746850156249996 0.3960830859375 0.3206626984375 0.39633506875 0.32419146875 0.4016267359375 0.33250967187499997 0.399862846875 0.3284766859375 0.3713881453125 0.29923759843750003 0.37390798593749996 0.3001827875 0.37752505 0.30679935468749997 0.3854995046875 0.30755555625 0.3812157734375 0.3259561015625 0.378695684375
3 0.444443453125 0.494659721875 0.45634722187500004 0.489342509375 0.48319444375 0.42705456406250003 0.47508978125 0.41996502968750005 0.45533432500000004 0.42705456406250003 0.45584077343749996 0.439179315625 0.46850446406249996 0.433637896875 0.4449499015625 0.479720734375 0.4434303078125 0.4908616078125 0.444443453125 0.494659721875
3 0.5528452374999999 0.4657946421875 0.551072171875 0.45516021875 0.5353692953125 0.4546537703125 0.5224521328125 0.45642609062500006 0.5009238593750001 0.45794543593750003 0.49737797656250005 0.45997098281250004 0.4976312 0.46478174531249994 0.4999107140625 0.4673139875 0.503456596875 0.474150296875 0.522198909375 0.4698459828125 0.5427142859375 0.469086309375 0.55157886875 0.4678201890625 0.5528452374999999 0.4657946421875
3 0.5323048109374999 0.328778521875 0.52132118125 0.3285751484375 0.5111512890625 0.340572171875 0.499964534375 0.36273611093749997 0.504032490625 0.364362846875 0.5211178078125001 0.368023065625 0.5296607140625 0.3594826390625 0.5443053078125 0.3350818453125 0.5323048109374999 0.328778521875
2 0.794556546875 0.9906076390624999 0.7975813484375001 0.999751984375 0.7989677578125 0.999679315625 0.7972033734374999 0.9960255453125001 0.795690971875 0.98997743125 0.79405233125 0.983299603125 0.7943045640624999 0.98166170625 0.7924139390625 0.9809057546875 0.7867423109375 0.9834255953125 0.782961309375 0.98619766875 0.7791803078124999 0.987835565625 0.7757775296875 0.9898514390625 0.7725004953125 0.9927495046875 0.769349703125 0.9969074906250001 0.769349703125 0.9980647328125001 0.7746431046875 0.9922455359375 0.78623834375 0.9854417156249999 0.79253993125 0.9831736109375001 0.794556546875 0.9906076390624999
2 0.7619136906249999 0.9593601187499999 0.7692237109375 0.9661639390625 0.7757775296875 0.97120386875 0.7838437500000001 0.9763697921875 0.7910275296875 0.9798978171874999 0.7994719734375 0.983299603125 0.8084203875 0.985945684375 0.818125 0.9873315968749999 0.8289637890625 0.9872056046875001 0.83992881875 0.9855677078125 0.83992881875 0.9840555562500001 0.8348874015625001 0.9851897328125 0.83060243125 0.9853157234375001 0.82316641875 0.9856937 0.8134615578125001 0.9845595234375001 0.80300074375 0.982417659375 0.7954387406250001 0.9796458328125001 0.78699454375 0.9762438 0.779810515625 0.9718338296875 0.7723745046875 0.9667938984375001 0.7660729171875 0.9617539687500001 0.7612834828125 0.95721800625 0.7553598703125 0.9500362109375 0.750318453125 0.94436631875 0.7457812500000001 0.9389484124999999 0.7441428578125 0.9389861109375 0.747671875 0.943736359375 0.7509486609375 0.9473901296875 0.7566202875 0.95343824375 0.7619136906249999 0.9593601187499999
2 0.8079161703125 0.9758658234375 0.8132095734375 0.97359771875 0.817620784375 0.97221180625 0.8157304062499999 0.970951884375 0.8138397812499999 0.9710778765624999 0.8105629953125 0.97309375 0.80300074375 0.975487846875 0.7979595734375 0.9783856640625 0.7983375500000001 0.979771825 0.803126984375 0.9769997515625001 0.8079161703125 0.9758658234375
2 0.8003541671875001 0.9608720234374999 0.799345734375 0.9597380953125001 0.79669915625 0.9626359125 0.79518675625 0.9656599703125 0.79253993125 0.9694399796875001 0.7921619546875001 0.97309375 0.7929181546875 0.9761178078125001 0.7926659218750001 0.977377728125 0.793800346875 0.977881696875 0.795690971875 0.970321925 0.7963209328125 0.965533978125 0.79909375 0.9626359125 0.8003541671875001 0.9608720234374999
2 0.8119491562500001 0.9686803078124999 0.8168645828125 0.971830109375 0.8237963796875001 0.9757361109374999 0.829719990625 0.9778782234375001 0.83992881875 0.9809020343749999 0.8627284218750001 0.9864459328124999 0.8747016375 0.99009995 0.8747016375 0.98783209375 0.86260243125 0.9849340281250001 0.85251959375 0.9827921625 0.8445796124999999 0.9809020343749999 0.8361351687499999 0.9786341765625 0.8304637890625 0.976366071875 0.8217673609375 0.9722083328125001 0.8174821421875 0.9698142359374999 0.8109283234375001 0.9662862109375 0.803240328125 0.9611202875 0.7974427078125 0.955954365625 0.7869818953125 0.9467566968750001 0.7857341265625 0.9476510421875 0.79405233125 0.9551984125 0.7999759421875 0.959986359375 0.8067817453125 0.96515228125 0.8119491562500001 0.9686803078124999
2 0.8225235609375 0.9477646328124999 0.8215153765625001 0.94600074375 0.8140791171874999 0.949528521875 0.8094159218750001 0.9520486109374999 0.8052569437500001 0.9548204359374999 0.80109771875 0.95784449375 0.8027361109375001 0.959482390625 0.8085337296875 0.9551984125 0.8135751484375 0.9515446421875 0.819246528125 0.94839459375 0.8225235609375 0.9477646328124999
2 0.7482564484374999 0.93683209375 0.756840278125 0.9396550093749999 0.7692641375 0.944623015625 0.7757021328125 0.947219990625 0.7832693453124999 0.9475587796875 0.78925545625 0.9460910218749999 0.8019052578125001 0.9404454359375001 0.8134255953125 0.934573909375 0.8153454859375 0.9351383921875 0.8222351187499999 0.9398807046875 0.8256235125 0.944623015625 0.82776959375 0.94665550625 0.8285600203125 0.952301090625 0.8278824406249999 0.9583983140625 0.8257366078124999 0.963140625 0.8225739093750001 0.9665280265625 0.8202021328125 0.9686733625 0.818169146875 0.9700282734375 0.8208799609374999 0.9701411203125 0.8260753968750001 0.965173115625 0.83014136875 0.9596403765625 0.830254215625 0.9535431546875 0.830254215625 0.951059028125 0.8299154265625001 0.948236359375 0.8290119046875001 0.946316715625 0.826527034375 0.9425907734375001 0.8243812 0.940558284375 0.81986334375 0.9370580359374999 0.8157973703125 0.9328802078124999 0.8206540171875 0.9297187499999999 0.8261882437500001 0.9245248015625 0.8295766375 0.9192177578124999 0.8321743546875 0.9143625984374999 0.8355627484375001 0.9102978671875 0.8397415671875 0.9045391859375 0.844146578125 0.8973127484375001 0.847309028125 0.8900801093749999 0.8485513390625 0.8861279765625 0.8503583828125001 0.88082118125 0.85363368125 0.8740399312499999 0.8593940968749999 0.862974703125 0.8610880453125 0.8576676593749999 0.8607492562499999 0.853941715625 0.8602919140624999 0.8530384421875 0.8584848703124999 0.8537157734375 0.856451884375 0.8568772328125001 0.8519340281250001 0.859361359375 0.8505786203125 0.8628616078125001 0.8465126484375001 0.8662490078125 0.8405265375000001 0.87313665625 0.8346535218750001 0.8790081843750001 0.8301356640625001 0.8826212796874999 0.8225684531249999 0.88894444375 0.8191800593749999 0.8898477187499999 0.812064484375 0.8932351187500001 0.8040453875000001 0.8956061515625 0.7960262890625 0.896509425 0.7866520343750001 0.8970741562500001 0.7795364578124999 0.8957192453125 0.7727599203125 0.89391245 0.7790848218749999 0.8830729171874999 0.7806659218750001 0.87742733125 0.7804399796875 0.8740399312499999 0.7778422625 0.8705396828125 0.7714045140625 0.8696364093750001 0.7631594734375 0.8706525296875001 0.754688740625 0.8727978671875001 0.7444107140625 0.8755079359375 0.7333931046875 0.8785565468750001 0.7182584328125 0.8823955859374999 0.7096746031250001 0.8829600687499999 0.70436631875 0.8802502484374999 0.6988318453125 0.8764112109375001 0.6954437 0.8749432046875001 0.68968353125 0.8738142359375001 0.672456596875 0.8651200390625 0.655176090625 0.857103175 0.6531431046875 0.857103175 0.65630555625 0.859361359375 0.6687294140625 0.8651200390625 0.6845416671875 0.8722333828125001 0.6882688484374999 0.875169146875 0.688381696875 0.8770885421875001 0.6895111609375 0.8782177578124999 0.6925607640625 0.8793469734375 0.6949325390625 0.8791210312500001 0.7013702875 0.8817180062500001 0.704419890625 0.8834117062500001 0.707808284375 0.8846537703124999 0.7096153281250001 0.8848794640625 0.712890625 0.8875895343750001 0.7185379468749999 0.8902993546875001 0.720909721875 0.8923318453125001 0.72497569375 0.8942512406249999 0.7245240578125001 0.89221875 0.7152626484375 0.8865731640625001 0.71424603125 0.8858958328125001 0.7206837796875 0.884540921875 0.7287028765625 0.8823955859374999 0.7352537203125 0.8802502484374999 0.74959771875 0.8759595734375001 0.7655228171874999 0.8720076890625 0.773315971875 0.870765625 0.778059771875 0.8726850203125001 0.7791892359375 0.8757336312499999 0.7786245046875 0.8793469734375 0.7744454359375 0.8879280749999999 0.770153521875 0.8927834828125001 0.7476775796874999 0.8852182546874999 0.7320912703125 0.8821696421875 0.73017113125 0.8825084328124999 0.731978421875 0.8838633437500001 0.7389809031250001 0.8840892859375 0.7467740578125001 0.8867991078124999 0.7545672125 0.8890572921875 0.7646192953125001 0.8923318453125001 0.7702666171875 0.8943640875 0.769701884375 0.8968482140624999 0.75903368125 0.9072943562500001 0.7556401296875 0.905884425 0.7446845234375 0.90091641875 0.7372301593749999 0.897641865625 0.728872271875 0.8947061015625 0.7259357640624999 0.893915675 0.728646578125 0.8949320437500001 0.7272911703125 0.8961741078125 0.7323737593749999 0.89990005 0.7364397328125001 0.9028358140625 0.7426515375 0.9079169140625 0.746491815625 0.9114171625 0.7528167156250001 0.9170627484375 0.75676959375 0.9199985125 0.7615133921874999 0.92451488125 0.76828993125 0.9316349203125001 0.774501984375 0.9380709328125001 0.7796974203125 0.9430391859375 0.7820817609375 0.9458198984375 0.7778903765625 0.9459779265625 0.7697584328125 0.9431552578125 0.750896578125 0.9358159718750001 0.740957340625 0.93299305625 0.7279687499999999 0.9277991078125 0.7215310015624999 0.9252021328125 0.7183826890625 0.92391493125 0.724086309375 0.9281378968749999 0.7333477187499999 0.9323157234374999 0.73967261875 0.9349126984374999 0.7441904765625 0.9357031250000001 0.7482564484374999 0.93683209375
2 0.760055984375 0.907719096875 0.764337053125 0.9094977671875 0.7704360125 0.911755953125 0.7769868546875001 0.9145786203125 0.786022321875 0.9181919640625 0.797091021875 0.9231599703125 0.8073688000000001 0.9286927078125 0.8142584328125 0.93174131875 0.8192281749999999 0.9291443453125 0.822390625 0.9264345234375 0.8254399796874999 0.9224826390624999 0.8279248515625 0.9174015375 0.8319908234375 0.911304315625 0.8351532734375 0.9066748515624999 0.84249454375 0.8967385906249999 0.8440758921875 0.89323834375 0.8449794140625 0.8905285218750001 0.8462217265625 0.886915178125 0.8462217265625 0.8842053578125 0.8478030750000001 0.8792371031249999 0.8523209328125001 0.8708816968749999 0.853902034375 0.8668169640625001 0.8566125984375 0.8621874999999999 0.856273809375 0.8621874999999999 0.8529985124999999 0.8632036203125001 0.8504007937500001 0.8665910218749999 0.843737103125 0.8726882437500001 0.8336311999999999 0.881947171875 0.826967509375 0.887818453125 0.818044890625 0.8923350687499999 0.8058439984374999 0.8965126484375 0.7999709828125 0.8982063484375 0.7965825890625 0.8979806546875 0.7907095734375 0.8987710812499999 0.784384671875 0.8987710812499999 0.7787373515625 0.897303075 0.7728643359375 0.895496528125 0.771508928125 0.8957224703125 0.7677817453125 0.9012549609375 0.7625863093749999 0.9082557046874999 0.760055984375 0.907719096875
2 0.7827518234374999 0.9457946359375 0.7838764874999999 0.9457522328125 0.786022321875 0.9447326390624999 0.7968650796875 0.9404419640624999 0.8053358140625001 0.9363772328125 0.811434771875 0.9325381937499999 0.8090629953124999 0.9303928578124999 0.8003663187500001 0.9261021828124999 0.791556546875 0.921924603125 0.784328125 0.9188757437499999 0.77619618125 0.915940228125 0.770097221875 0.9133432546875 0.7644499015624999 0.9114236109375 0.7607227187500001 0.9105203375 0.758915675 0.911649553125 0.75496255 0.9153754953125001 0.754171875 0.9143593750000001 0.7562048609375001 0.9117624015624999 0.7592544640625001 0.9091654265625 0.750670634375 0.9052135421875 0.740731646875 0.9009228671875 0.7335032234375001 0.8978742562500001 0.7399409718750001 0.9037455359375001 0.7477341265625 0.9105203375 0.75394618125 0.9156014390625 0.7601579859375 0.9214727187499999 0.76704761875 0.9280218250000001 0.7775515875 0.9380709328125001 0.7836505453125 0.9447326390624999 0.7827518234374999 0.9457946359375
2 0.6701423609375 0.8855372031250001 0.6700109125 0.8956433531249999 0.6707986109374999 0.903387153125 0.67263665625 0.9106061515625001 0.673555803125 0.9129685015625 0.6756564984375 0.9190061999999999 0.6794637890625 0.92753745 0.6835337296875 0.9350186015625 0.6907544640625 0.9402686015624999 0.6998134921875 0.94184375 0.7139925593750001 0.9427624015625 0.7239704859375 0.94197495 0.7373618546875 0.9397437999999999 0.737493303125 0.9384313000000001 0.7234454359375 0.94053125 0.7116294640625 0.9415813484375001 0.700469990625 0.94053125 0.689441715625 0.9382998515625 0.6835337296875 0.9333125000000001 0.6801202875000001 0.9271436015625 0.676181546875 0.9176937000000001 0.6742123015625 0.9116560015624999 0.6718489578125 0.9020746531249999 0.6711924609375 0.8940610124999999 0.671455109375 0.8869734625 0.6718489578125 0.8806733625 0.67263665625 0.8775233140625 0.6731289687500001 0.8678492062500001 0.67198040625 0.8712232140625 0.6713239093750001 0.8794920640624999 0.6701423609375 0.8855372031250001
2 0.700915178125 0.8870022328125 0.6920954859374999 0.8836827875000001 0.6861813 0.8829565968749999 0.6813045640625 0.882126984375 0.6762204859375001 0.8810895343749999 0.6726924609375 0.8823343250000001 0.6718625984375 0.8852388390625 0.6725887890625 0.8885580359375 0.6753903765625 0.8927073406250001 0.679021825 0.8951966765625 0.67839930625 0.8934332843749999 0.677050346875 0.8922924109375 0.6757016375 0.8894915671874999 0.6736264875 0.8867946421875 0.6751827875 0.88409771875 0.6786068953125 0.8834754468750001 0.6870114093749999 0.8845126484374999 0.6982172624999999 0.8875208328124999 0.710149553125 0.8908400296875 0.72260069375 0.8946780750000001 0.72083680625 0.8926036703125 0.7104608140625001 0.8887656249999999 0.700915178125 0.8870022328125
2 0.729967509375 0.9051607140625 0.733287946875 0.9092061015624999 0.7372306546875 0.9163635906250001 0.740447171875 0.9219650296875 0.742107390625 0.9278774796875 0.7431450890625 0.9322341265625 0.7443901296875 0.9333752484375 0.7443901296875 0.9302631453125001 0.7429375 0.924765625 0.7393060515625 0.9168821921875001 0.73411805625 0.9090994546875001 0.7301750984375001 0.902149553125 0.7260248015624999 0.8956145828125001 0.7237420640625001 0.8953065468749999 0.7267509921875 0.8985220734375 0.729967509375 0.9051607140625
2 0.7442864578124999 0.9273618546875 0.744805059375 0.9297475203125 0.7477103171875 0.9263244046875 0.7533134921875 0.9187522328125001 0.7524833828124999 0.9178187 0.7493705359375 0.9214491562499999 0.7442864578124999 0.9273618546875
2 0.7171014390625 0.9085838296875 0.72260069375 0.9144962796874999 0.7260248015624999 0.9200977187499999 0.7306939484375 0.9240394343749999 0.7368157234375 0.9313005953125 0.7396173109374999 0.93213045625 0.7295525796875 0.920408978125 0.7256096234375 0.9175044640625 0.7196954359375 0.910347221875 0.7147150296875 0.9053683031249999 0.7049615578124999 0.8949952874999999 0.698269096875 0.8876852671875 0.6975947421875001 0.889290178125 0.7094233625 0.9018415171875 0.7171014390625 0.9085838296875
2 0.67839930625 0.8871118546875 0.67788045625 0.8912609125 0.6792294140624999 0.89406175625 0.6824459328125 0.8977958828125001 0.6851436015625 0.90101165625 0.6906428578125 0.90505704375 0.6976984125000001 0.9101398812499999 0.7050654765625 0.9156374015625 0.711290921875 0.9199940468750001 0.7163752484375 0.9245580359375 0.72592113125 0.9313005953125 0.7330803578125 0.9363831843750001 0.7373345734375001 0.9379392359375001 0.742107390625 0.93939136875 0.7437676093750001 0.9385615078124999 0.7440788687500001 0.9358645828125001 0.7428338296875 0.936487103125 0.742626240625 0.937109375 0.740447171875 0.938146578125 0.7326654265625 0.9351386406250001 0.7252983625 0.9299521328125 0.719487846875 0.9246619546874999 0.7072442953125 0.915844990625 0.6911617062500001 0.9036049109375 0.68296478125 0.897069940625 0.6794370046875 0.89032738125 0.679851934375 0.887423115625 0.68296478125 0.88444295625 0.680370784375 0.884207340625 0.6796443453125 0.88493353125 0.67839930625 0.8871118546875