3 0.8091862593749999 0.396308284375 0.8222185015625 0.396308284375 0.8251803078125001 0.388607390625 0.8399898312499999 0.3826837796875 0.8636847718749999 0.3809064984375 0.890934028125 0.37972172656250003 0.9152214781250001 0.37972172656250003 0.9448402781249999 0.3856455859375 0.9656369046875 0.393287203125 0.99128199375 0.3331197921875 0.9972001484374999 0.315365575 0.999751984375 0.2384303078125 0.9814184031250001 0.22955307500000002 0.9370327375 0.2157442953125 0.8906743546874999 0.21278521874999998 0.85319295625 0.2187033734375 0.85319295625 0.23645758906249997 0.8157115578124999 0.262102678125 0.7890801093750001 0.3824375 0.7884528765625001 0.39453125 0.806816715625 0.4034169140625 0.8091862593749999 0.396308284375
5 0 0.6790674609375 0.15972222187500001 0.7095734125 0.16592261875 0.7115575390625 0.17013888906250002 0.7118055562500001 0.17881944375 0.70907738125 0.181795634375 0.703869046875 0.18154761875 0.693700396875 0.1800595234375 0.6946924609375 0.1810515875 0.6976686515625 0.17906746093749998 0.7013888890625 0.17361111093749998 0.70262896875 0.1696428578125 0.699652778125 0.16592261875 0.6989087296875 0.1612103171875 0.6929563484375 0.1577380953125 0.690972221875 0.15649801562500001 0.68700396875 0.1574900796875 0.6770833328125 0.162946428125 0.653273809375 0.16741071406250002 0.6269841265625 0.169146825 0.622023809375 0.1738591265625 0.6185515875 0.1855158734375 0.6165674609375 0.193204365625 0.6140873015625 0.1979166671875 0.60887896875 0.19866071406250002 0.6001984125 0.19717261875 0.594494046875 0.19593253906250002 0.5949900796875001 0.196428571875 0.5979662703125 0.1951884921875 0.5992063484375 0.18923611093749998 0.6021825390625 0.184771825 0.599454365625 0.1832837296875 0.5949900796875001 0.1786334328125 0.5947420640625001 0.17534722187500001 0.593005953125 0.177579365625 0.5741567453124999 0.1617063484375 0.5711805562500001 0.065476190625 0.5585317453124999 0.0453869046875 0.556795634375 0.0396825390625 0.5615079359374999 0.0354662703125 0.568204365625 0.0297619046875 0.5729166671875 0.0257936515625 0.5798611109375 0.0022321421875000002 0.6103670640625001 0 0.6108630953125 0 0.6790674609375
5 0 0.7666170640625001 0.0054563484374999995 0.769097221875 0.00967261875 0.7695932546875001 0.0376984125 0.781498015625 0.049603175 0.78125 0.0577876984375 0.7797619046875 0.081101190625 0.7792658734375 0.08779761875 0.778521825 0.09201388906249999 0.7767857140625 0.094494046875 0.7710813484375 0.10019841249999999 0.76612103125 0.10615079375 0.7564484125 0.105902778125 0.74950396875 0.106646825 0.747519840625 0.10292658750000001 0.7447916671875 0.10019841249999999 0.7299107140625 0.0957341265625 0.7276785718750001 0.093998015625 0.7239583328125 0.087549603125 0.7177579359374999 0.08358134843750001 0.715277778125 0.072420634375 0.7110615078125 0.065476190625 0.7095734125 0.05853174531250001 0.705605159375 0.0451388890625 0.7016369046875 0.0324900796875 0.6959325390625 0.0290178578125 0.693204365625 0.002480159375 0.686755953125 0 0.686755953125 0 0.7666170640625001
5 0.056795634375 0.7048611109375 0.06770833281250001 0.7098214281249999 0.07862103125 0.713045634375 0.088045634375 0.7172619046875 0.093005953125 0.72197420625 0.09970238125 0.7251984125 0.10689484062500001 0.7266865078125 0.1083829359375 0.728174603125 0.1113591265625 0.728670634375 0.11235119062500001 0.73115079375 0.11185515937499999 0.734623015625 0.10912698437499999 0.7413194437499999 0.10689484062500001 0.752728175 0.1076388890625 0.7579365078125 0.12003968281249999 0.7643849203124999 0.1230158734375 0.769097221875 0.12562003906250002 0.76884920625 0.133928571875 0.7728174609375 0.1393849203125 0.7708333328125 0.1480654765625 0.7304067453124999 0.1483134921875 0.7229662703125 0.14756944375 0.721726190625 0.1356646828125 0.71552579375 0.1076388890625 0.7073412703125 0.09548611093750001 0.7051091265625 0.0915178578125 0.702380953125 0.08854166718749999 0.702876984375 0.084325396875 0.7011408734375 0.07911706406249999 0.7013888890625 0.071428571875 0.6989087296875 0.0523313484375 0.69717261875 0.047123015625 0.6954365078125 0.0446428578125 0.6929563484375 0.0364583328125 0.6922123015625 0.0329861109375 0.6927083328125 0.031498015625 0.6939484125 0.0334821421875 0.6976686515625 0.0414186515625 0.6991567453124999 0.05208333281250001 0.7041170640625001 0.056795634375 0.7048611109375
5 0 0.468501984375 0.0091765875 0.4702380953125 0.036954365625 0.47197420625 0.0451388890625 0.47197420625 0.059523809375 0.46949404687499996 0.06646825468749999 0.4704861109375 0.08333333281250001 0.46676587343750003 0.11433531718750001 0.4548611109375 0.1292162703125 0.446428571875 0.147321428125 0.431299603125 0.15600198437499999 0.421875 0.15724206406250002 0.419394840625 0.1602182546875 0.41765872968749995 0.1676587296875 0.4109623015625 0.17013888906250002 0.4072420640625 0.1741071421875 0.4045138890625 0.1795634921875 0.3978174609375 0.18427579375 0.38616071406249997 0.18501984062500001 0.36904761875 0.18402777812499999 0.3633432546875 0.174851190625 0.3420138890625 0.16642881874999998 0.3142720734375 0.151298859375 0.27689236093749997 0.147321428125 0.2668650796875 0.143601190625 0.2614087296875 0.134920634375 0.25446428593750003 0.115575396875 0.24801587343749998 0.10218253906250001 0.246527778125 0.0796130953125 0.2462797625 0.0513392859375 0.24801587343749998 0.0176091265625 0.25446428593750003 0 0.2601686515625 0 0.468501984375
5 0.797619046875 0.1289682546875 0.7542162703125 0.1470734125 0.7480158734375 0.1483134921875 0.715773809375 0.16071428593749998 0.6185515875 0.1949404765625 0.6073908734375 0.200148809375 0.603174603125 0.20064484062500001 0.5716765875 0.21205357187499999 0.560019840625 0.2172619046875 0.5520833328125 0.218998015625 0.5262896828125 0.22916666718749998 0.48759920625 0.24255952343749998 0.48239087343750003 0.2457837296875 0.4764384921875 0.24727182499999997 0.46651785781250005 0.2517361109375 0.45758928593750003 0.2539682546875 0.4518849203125 0.2574404765625 0.44469246093750003 0.259424603125 0.4362599203125 0.2633928578125 0.424355159375 0.266369046875 0.4206349203125 0.2693452375 0.4077380953125 0.2735615078125 0.403521825 0.2760416671875 0.3923611109375 0.27802579375 0.3866567453125 0.281994046875 0.380704365625 0.283730159375 0.3730158734375 0.284226190625 0.3645833328125 0.28993055624999997 0.362103175 0.2946428578125 0.362351190625 0.297619046875 0.3735119046875 0.3229166671875 0.3772321421875 0.32713293593750004 0.380704365625 0.333829365625 0.390625 0.343005953125 0.40401785781250005 0.34821428593750003 0.45089285781250005 0.3571428578125 0.4893353171875 0.3606150796875 0.521329365625 0.3608630953125 0.5386904765625 0.35987103125000003 0.5768849203124999 0.3551587296875 0.6135912703125 0.3489583328125 0.622519840625 0.3454861109375 0.6316964281249999 0.343998015625 0.6701388890625 0.33258928593750003 0.718501984375 0.3137400796875 0.783978175 0.28224206406249996 0.8201884921874999 0.2591765875 0.8415178578125 0.2435515875 0.844494046875 0.24032738125000003 0.8504464281249999 0.23164682499999997 0.8514384921874999 0.22594246093749998 0.8504464281249999 0.2202380953125 0.8487103171875001 0.21701388906250002 0.8484623015625001 0.21056547656250002 0.8452380953124999 0.19444444375 0.844494046875 0.1827876984375 0.8350694437499999 0.1292162703125 0.8328373015625001 0.125 0.812251984375 0.125 0.8075396828124999 0.1272321421875 0.797619046875 0.1289682546875
5 0.8167162703124999 0.4635416671875 0.822420634375 0.47073412656249997 0.8236607140625001 0.4831349203125 0.8258928578125 0.486855159375 0.824652778125 0.48834325468750006 0.818700396875 0.4895833328125 0.8194444437499999 0.49404761875 0.8179563484375001 0.49578372968749995 0.82217261875 0.49925595312500004 0.8229166671874999 0.4985119046875 0.827380953125 0.5012400796875001 0.831597221875 0.5111607140625 0.8363095234375001 0.51612103125 0.84375 0.5193452375 0.881200396875 0.546130953125 0.8973214281249999 0.5602678578125 0.9042658734375 0.5677083328125 0.906498015625 0.568700396875 0.9146825390625001 0.57862103125 0.9198908734375 0.5823412703125 0.9308035718750001 0.5850694437499999 0.9613095234375001 0.5870535718750001 0.9910714281249999 0.5853174609375 0.999751984375 0.583829365625 0.999751984375 0.406498015625 0.99404761875 0.40575396875 0.9821428578125 0.400049603125 0.9724702375 0.3983134921875 0.966269840625 0.3943452375 0.943204365625 0.3888888890625 0.9236111109375 0.3866567453125 0.9198908734375 0.3851686515625 0.9109623015625001 0.38392857187499996 0.8826884921874999 0.3821924609375 0.8645833328125001 0.3831845234375 0.8373015875 0.38740079375 0.827876984375 0.3923611109375 0.8216765875 0.3978174609375 0.8112599203125 0.3998015875 0.8080357140625001 0.40575396875 0.811755953125 0.4484126984375 0.8139880953124999 0.4637896828125 0.8144841265625 0.46478174531249994 0.8167162703124999 0.4635416671875
5 0.9387713296875001 0.7199791671875 0.95191170625 0.7004216265625 0.9568010906250001 0.6741411203125 0.955273065625 0.6567224703125001 0.9482445437499999 0.6328745046875001 0.93968824375 0.613928075 0.92075396875 0.5876597218749999 0.8990572921875 0.563212796875 0.86452579375 0.5344873515625 0.8324392359375 0.5164578375 0.8144094734375 0.5082068453125 0.7921014390625001 0.49842807499999997 0.774988590625 0.4926220234375 0.7367780265625 0.483454365625 0.7028516859375 0.48223189531250005 0.6787103171875 0.4828432546875 0.651818453125 0.49170510937499995 0.625537946875 0.5079012890625 0.6101582343749999 0.530517609375 0.5697006453125 0.6523611109375 0.566407490625 0.67776488125 0.5711118546875 0.7158702875 0.5795798609375 0.7219861109375 0.5913407734375 0.7328060515625 0.5974563484375001 0.746448909375 0.6029427078125 0.744426090625 0.7621416171875001 0.7340362109375 0.9387713296875001 0.7199791671875
5 0.7251840281249999 0.48105530781250005 0.7509459328125 0.48490029687499997 0.7744010421875 0.4922061015625 0.8151589781249999 0.5064327875 0.8043928578124999 0.4433735125 0.80516170625 0.406076140625 0.7820912703125 0.392618303125 0.7601743546875 0.38300545625 0.732105159375 0.370316715625 0.69749925625 0.36224206406250004 0.67019915625 0.36031944375 0.6509737109375 0.3657026296875 0.637900296875 0.37685342187500004 0.6229045140625 0.403 0.6236736109375001 0.41761135937500005 0.6267497515625 0.429146578125 0.6325173609375 0.4429888390625 0.6459751984375 0.4637524796875 0.6686612109375 0.4837467765625 0.6744288187499999 0.48143973281249997 0.708265625 0.4802862109375 0.7251840281249999 0.48105530781250005
5 0.6271341765625 0.4360677078125 0.6244427078125 0.42299454374999995 0.6221354171875 0.40146205312500005 0.6352088296875 0.3803139875 0.6405920140625 0.37262375937500003 0.651358134375 0.3657026296875 0.6682765374999999 0.36147296562500003 0.687501984375 0.3587814984375 0.7194164187500001 0.3657026296875 0.696730159375 0.3545518359375 0.674044146875 0.3453236609375 0.6528963296875 0.3403251484375 0.6448216765625 0.34186309531250003 0.6209818953124999 0.34993774843750003 0.579839534375 0.3553209328125 0.5659972718749999 0.37685342187500004 0.5690734125 0.3895421625 0.5740719249999999 0.40684499062499996 0.5825310015625 0.41799578437499996 0.5986805562499999 0.4349141859375 0.6205974703125 0.4526016859375 0.651358134375 0.4722115578125 0.65251165625 0.46990451406249995 0.6402073406250001 0.4560622515625 0.6271341765625 0.4360677078125
5 0.6306827875 0.5041225203125 0.6401034218749999 0.496993303125 0.651561259375 0.49164632968750005 0.668875 0.486044890625 0.6602180062499999 0.478915675 0.646978175 0.472295634375 0.4733303578125 0.39158234062499997 0.4758764875 0.400494046875 0.46696478125 0.40329489062499996 0.46696478125 0.40838715312499996 0.48376959375000006 0.4473432546875 0.490644096875 0.45294469218750005 0.4986297125 0.451389384375 0.5042829859375 0.46608829375000005 0.512574653125 0.4721185515625 0.5257658734375 0.47475694375 0.5544099703125001 0.48757118125 0.589837796875 0.5064159218750001 0.6132051093750001 0.52299925625 0.617697171875 0.5199087296875 0.6210071921875 0.513543403125 0.6306827875 0.5041225203125
5 0.42294915624999996 0.48526835312500005 0.42353497031250004 0.49083333281249997 0.4282212296875 0.4931765875 0.434079365625 0.5605438984375 0.41826264843749994 0.5664017859375 0.40888988125000003 0.5687450390625 0.40888988125000003 0.574603175 0.5058400296875 0.5587864578125 0.5172631453125 0.61853819375 0.52429290625 0.6188311015625 0.528100446875 0.6290825890625 0.525757440625 0.6440205859375 0.5855091765625 0.6009642859375 0.5992755453124999 0.555564484375 0.5524114578125 0.51309375 0.50671875 0.47003744999999997 0.464540921875 0.4322532234375 0.37227728125000004 0.47560243125 0.3989313 0.4723807046875 0.4015672125 0.48702579375 0.42294915624999996 0.48526835312500005
5 0.41352504999999995 0.669944940625 0.4379513890625 0.6665047125 0.441735615625 0.670976934375 0.4496483140625 0.7552646328125 0.49746875 0.752168403125 0.5263673109375 0.63106944375 0.5249910718749999 0.624188740625 0.524303075 0.6204045140625001 0.518110615625 0.6190282734375 0.5174223703124999 0.6358859125 0.41627728125 0.656527778125 0.41352504999999995 0.6613442453125 0.41352504999999995 0.669944940625
5 0.5679950390624999 0.6964352671875 0.5666188 0.67888988125 0.5683390375 0.6613442453125 0.569027034375 0.65308755 0.5346240078125 0.6396701390625 0.52327108125 0.6455188484375001 0.5132941468750001 0.69058680625 0.5452889390625 0.706412203125 0.5569861109375001 0.706412203125 0.560082340625 0.704347965625 0.5679950390624999 0.6964352671875
5 0.5094439484375 0.7086584828125 0.49591889843750003 0.7516612109375 0.546551090625 0.7488866562500001 0.54828521875 0.746459078125 0.57568204375 0.72877256875 0.570133184375 0.72148983125 0.5094439484375 0.7086584828125
5 0.4369764390625 0.666487846875 0.42013665624999996 0.6705528281250001 0.41345882968750003 0.6673588796875001 0.4157814984375 0.658648809375 0.5197239578125 0.6362924109375 0.5060778765625 0.5584806546875 0.4090920140625 0.5735783734375001 0.40851116093749995 0.568642609375 0.41664087343749995 0.5645778765625 0.4326096234375 0.5616743546875 0.42680282812500003 0.49431522812499995 0.4241897328125 0.49199231093750007 0.42389930624999994 0.4856049109375 0.3992202375 0.48821800625 0.398059028125 0.47253943437499996 0.320247271875 0.485314484375 0.319376240625 0.5015736609375 0.31356944375 0.5053482140625001 0.30079439531249996 0.5062192453125001 0.291503471875 0.49112127968749997 0.2163048109375 0.5047673609375 0.21398214218749997 0.5184134421875 0.2084655265625 0.523930059375 0.1866267359375 0.5287455359375001 0.17597271875 0.5893623515625 0.1781770828125 0.596709821875 0.18589186562499999 0.6036899796874999 0.1994848703125 0.5992814984375 0.1991173109375 0.6044248515625 0.1961783234375 0.611772321875 0.1748705359375 0.6198546625 0.167523065625 0.6220587796875 0.15613442500000002 0.68561483125 0.157971478125 0.6878189484375 0.1649516375 0.693696925 0.1836877484375 0.6892884421875001 0.184055059375 0.6900233140625 0.1833201890625 0.7010446421875 0.17891170625 0.7124332843750001 0.1568692953125 0.7175763890625 0.1498891375 0.7186785718750001 0.139602678125 0.7756217765625 0.45033209375 0.7544615578125 0.4401701390625 0.6728754953125 0.4369764390625 0.666487846875
5 0.370777034375 0.40452281718750005 0.369867559375 0.42331944374999997 0.38229761875 0.46818874062500004 0.46445684531250003 0.4302924109375 0.4805248015625 0.44484449374999996 0.4659724703125 0.40421974218749995 0.4750677078125 0.399975446875 0.473248759375 0.38997073437499996 0.58238988125 0.441509671875 0.5966388890625 0.4454508921875 0.5975483625 0.43514310468749995 0.583602678125 0.420894096875 0.5723854171875 0.40270386875 0.56541245 0.3814818953125 0.5678377968749999 0.37056795625 0.5729915671875 0.3623821921875 0.5614712296875 0.359350446875 0.5260002484374999 0.3617760421875 0.502959325 0.36056324375000004 0.4817373515625 0.3596537703125 0.449298115625 0.358440971875 0.433230159375 0.3563189484375 0.42625719218749997 0.35813789687500003 0.4077638890625 0.36480753906249996 0.38805778750000003 0.3760248015625 0.374112103125 0.390273809375 0.370777034375 0.40452281718750005
5 0.3813578875 0.4706140875 0.28131150781250003 0.4305954859375 0.23432018906250002 0.4615188484375 0.23462351250000002 0.48123710312499995 0.2470533234375 0.486694196875 0.26160565468749997 0.48002430625 0.31863194375 0.5009310515625 0.3176919640625 0.484256696875 0.3665024796875 0.47667733125 0.3813578875 0.4706140875
5 0.21374032812500002 0.51905381875 0.214383184375 0.5039471718749999 0.26516666718750004 0.49623338281249996 0.1780634921875 0.45798511875000003 0.1703494546875 0.4563779765625 0.1494575890625 0.458306546875 0.1337083328125 0.471484375 0.1221374015625 0.48466244999999997 0.11795907812499999 0.4994474203125 0.1173162203125 0.5280533234375 0.1835275296875 0.5573020828125 0.18577728124999998 0.5274104656249999 0.20891914687500002 0.5245178578125 0.21374032812500002 0.51905381875
5 0.06653273750000001 0.54733829375 0.06363988125 0.55923040625 0.1764563484375 0.5727299109375 0.18031324375 0.5589089781250001 0.0935314984375 0.5222678578125 0.078746528125 0.5293390375 0.071032490625 0.53737425625 0.06653273750000001 0.54733829375
5 0.0421592265625 0.5361609625 0.06215228125 0.5413764875 0.0664985125 0.540941715625 0.083014384375 0.523991071875 0.093445684375 0.5200796125 0.11821949375 0.5287720734375 0.11821949375 0.49269766875 0.12398834375000001 0.47947619062499997 0.13495138906249998 0.46929613124999997 0.147480903125 0.4588549109375 0.16001016875000001 0.4565057046875 0.1714955359375 0.45546155781250003 0.1874181546875 0.4612041171875 0.22213492031249998 0.4760828375 0.2341421125 0.46042113125000006 0.23440327343749998 0.45076314531249995 0.23153199375 0.4183955859375 0.22761656718749998 0.4050830859375 0.2255282734375 0.395947171875 0.2203077875 0.389943453125 0.2122157734375 0.3839397328125 0.2017748015625 0.37924131875 0.18663516875 0.37454290625 0.185591021875 0.3857671125 0.181153521875 0.398035465625 0.163142609375 0.4163072921875 0.1503521828125 0.4309248515625 0.1380838296875 0.441366071875 0.1245104171875 0.45076314531249995 0.11380828437499999 0.45624454375 0.093709078125 0.46485863125 0.0712606640625 0.47164533750000004 0.0454345234375 0.4755607640625 0.0227251984375 0.477126984375 0.007063492187500001 0.4745166171875 0.005650296875 0.477051090625 0.0047810015625 0.49487103125000004 0.0108658234375 0.5200796125 0.02260069375 0.5309451890625 0.0421592265625 0.5361609625