5 0.43402777812500004 0.8058035718750001 0.4384920640625 0.8075396828124999 0.44320436562500004 0.8110119046875001 0.4546130953125 0.81572420625 0.4632936515625 0.8162202375 0.468998015625 0.8142361109375 0.47321428593750003 0.8102678578125 0.48115079375 0.7988591265625 0.48660714218749995 0.790674603125 0.4895833328125 0.783730159375 0.491071428125 0.7790178578125 0.4898313484375 0.77157738125 0.48784722187499996 0.768105159375 0.48809523749999995 0.7633928578125 0.5042162703125 0.7390873015625 0.5089285718750001 0.7304067453124999 0.52157738125 0.7123015875 0.534722221875 0.6894841265625 0.5384424609375 0.6855158734375 0.544394840625 0.6736111109375 0.5446428578125 0.6696428578125 0.54365079375 0.6676587296875 0.5235615078125 0.656498015625 0.51612103125 0.653769840625 0.513144840625 0.653769840625 0.5104166671875 0.65575396875 0.5074404765625 0.656001984375 0.5047123015625 0.661954365625 0.49131944375 0.6835317453124999 0.48635912656249997 0.6892361109375 0.48065476250000005 0.700644840625 0.47718253906249997 0.70362103125 0.47594246093750003 0.7080853171875 0.471726190625 0.716269840625 0.466269840625 0.721230159375 0.46006944375 0.7331349203124999 0.456101190625 0.737103175 0.4518849203125 0.7395833328125 0.4429563484375 0.7395833328125 0.43700396875 0.7423115078125 0.434771825 0.7455357140625 0.4310515875 0.7485119046875 0.42410714218749995 0.7591765875 0.4164186515625 0.7760416671875 0.4164186515625 0.781994046875 0.419146825 0.7894345234375 0.42509920625 0.7978670640625001 0.43402777812500004 0.8058035718750001
5 0.28447420625 0.6599702375 0.286954365625 0.6636904765625 0.2904265875 0.67782738125 0.29241071406249997 0.6803075390625 0.2983630953125 0.6961805562500001 0.2991071421875 0.700396825 0.312748015625 0.7395833328125 0.3075396828125 0.747023809375 0.3060515875 0.75595238125 0.30927579375 0.7676091265625 0.3137400796875 0.7757936515625 0.3177083328125 0.786954365625 0.3204365078125 0.79092261875 0.325396825 0.7953869046875 0.3400297625 0.796875 0.3521825390625 0.7953869046875 0.3573908734375 0.79365079375 0.3695436515625 0.78720238125 0.380704365625 0.77529761875 0.3821924609375 0.771329365625 0.3834325390625 0.7614087296875 0.381200396875 0.7517361109375 0.3792162703125 0.7490079359374999 0.37549603125000003 0.7361111109375 0.3685515875 0.728174603125 0.3606150796875 0.724454365625 0.344494046875 0.6951884921875 0.34325396874999997 0.6889880953125 0.340773809375 0.684771825 0.34027777812500004 0.6805555562500001 0.333829365625 0.6636904765625 0.32142857187499996 0.6498015875 0.3174603171875 0.6426091265625 0.3167162703125 0.6351686515625 0.3144841265625 0.6299603171875 0.3147321421875 0.625744046875 0.3162202375 0.6230158734375 0.315228175 0.61904761875 0.3110119046875 0.615575396875 0.30282738125 0.6160714281249999 0.2983630953125 0.6185515875 0.29340277812500004 0.618799603125 0.2852182546875 0.627480159375 0.28224206406249996 0.6262400796875001 0.280505953125 0.6267361109375 0.2772817453125 0.6302083328125 0.2760416671875 0.634424603125 0.2757936515625 0.6388888890625 0.27777777812500004 0.646329365625 0.281001984375 0.65029761875 0.28447420625 0.6599702375
5 0.33258928593750003 0.6574900796875001 0.3360615078125 0.6626984125 0.34474206406249996 0.666170634375 0.3484623015625 0.6696428578125 0.362103175 0.671626984375 0.3735119046875 0.672123015625 0.3797123015625 0.6706349203124999 0.3841765875 0.6674107140625 0.39112103125000003 0.656001984375 0.3955853171875 0.6520337296875 0.40054563437499996 0.6423611109375 0.40302579375 0.6302083328125 0.40178571406249997 0.62549603125 0.3998015875 0.6235119046875 0.3980654765625 0.619295634375 0.400049603125 0.61259920625 0.40426587343750003 0.6073908734375 0.40674603125 0.6014384921875 0.41046627031250005 0.5982142859375 0.4117063484375 0.59424603125 0.4166666671875 0.5887896828125 0.428571428125 0.5706845234375 0.4429563484375 0.5448908734375 0.44320436562500004 0.54092261875 0.446428571875 0.5379464281249999 0.45238095312500004 0.5290178578125 0.452876984375 0.525049603125 0.45510912656249997 0.5223214281249999 0.45734127031250005 0.521329365625 0.45882936562500004 0.5168650796875001 0.46155753906249997 0.5138888890625 0.4635416671875 0.505704365625 0.4578373015625 0.49801587343750003 0.450148809375 0.4923115078125 0.437251984375 0.4861111109375 0.4325396828125 0.48635912656249997 0.42881944375 0.4908234125 0.424851190625 0.49280753906249997 0.4236111109375 0.49404761875 0.422123015625 0.49925595312500004 0.419146825 0.5009920640625001 0.41741071406249997 0.5071924609375 0.40178571406249997 0.5292658734375 0.3945932546875 0.5451388890625 0.38392857187499996 0.5605158734375 0.3834325390625 0.5625 0.372271825 0.575644840625 0.3710317453125 0.5798611109375 0.3675595234375 0.583829365625 0.3665674609375 0.5870535718750001 0.3608630953125 0.59325396875 0.3567708328125 0.5952380953125 0.3449900796875 0.5954861109375 0.34052579375 0.6006944437499999 0.3355654765625 0.60342261875 0.32142857187499996 0.625248015625 0.318700396875 0.6314484125 0.31845238125 0.6388888890625 0.322420634375 0.6493055562500001 0.3263888890625 0.6540178578125 0.33258928593750003 0.6574900796875001
5 0.3139880953125 0.5446428578125 0.3234126984375 0.5548115078125 0.3353174609375 0.5610119046875 0.3387896828125 0.5642361109375 0.3479662703125 0.568700396875 0.3573908734375 0.5711805562500001 0.36383928593750003 0.5709325390625 0.365575396875 0.5716765875 0.3697916671875 0.5716765875 0.375248015625 0.568700396875 0.3769841265625 0.5644841265625 0.38169642812500004 0.5605158734375 0.3928571421875 0.544394840625 0.39384920625 0.5404265875 0.396329365625 0.5362103171875 0.39732142812500004 0.5290178578125 0.3960813484375 0.5260416671875 0.390873015625 0.5225694437499999 0.39161706406249996 0.515873015625 0.393601190625 0.5136408734375 0.3948412703125 0.509920634375 0.3988095234375 0.50595238125 0.40054563437499996 0.5012400796875001 0.4050099203125 0.49776785781250005 0.4117063484375 0.4853670640625 0.41468253906249997 0.48239087343750003 0.419394840625 0.46949404687499996 0.4233630953125 0.46676587343750003 0.428075396875 0.46006944375 0.4293154765625 0.453125 0.434523809375 0.45114087343750003 0.43402777812500004 0.44965277812500004 0.4320436515625 0.44890872968749995 0.43154761875 0.4466765875 0.437251984375 0.44320436562500004 0.43824404687499996 0.4387400796875 0.44196428593750003 0.43551587343750003 0.4422123015625 0.43377976250000005 0.4456845234375 0.431299603125 0.44618055625 0.428075396875 0.4484126984375 0.42534722187499996 0.452876984375 0.41468253906249997 0.4541170640625 0.412946428125 0.45709325468750006 0.41195436562500004 0.4585813484375 0.406001984375 0.46180555625 0.40426587343750003 0.4632936515625 0.4012896828125 0.462053571875 0.396329365625 0.45758928593750003 0.3923611109375 0.44345238125 0.38392857187499996 0.43675595312500004 0.3824404765625 0.43353174531249994 0.38467261875 0.4300595234375 0.384424603125 0.42782738125 0.389880953125 0.42534722187499996 0.391369046875 0.424603175 0.3953373015625 0.419394840625 0.40426587343750003 0.4126984125 0.40823412656249997 0.41046627031250005 0.4169146828125 0.4077380953125 0.41741071406249997 0.40625 0.42113095312500004 0.40178571406249997 0.4236111109375 0.40029761875 0.430803571875 0.3978174609375 0.4357638890625 0.3928571421875 0.4365079359375 0.39012896874999997 0.43824404687499996 0.3886408734375 0.43973214218749995 0.387648809375 0.444196428125 0.37822420625 0.45510912656249997 0.37549603125000003 0.462549603125 0.374751984375 0.4675099203125 0.372271825 0.46825396875 0.3685515875 0.47321428593750003 0.3665674609375 0.47445436562500004 0.3675595234375 0.4779265875 0.36631944375000003 0.48065476250000005 0.36284722187499996 0.48214285781250005 0.35838293593750004 0.49156746093750003 0.3501984125 0.4925595234375 0.334325396875 0.49131944375 0.31919642812500004 0.50967261875 0.3174603171875 0.5141369046875 0.313244046875 0.5178571421875 0.3082837296875 0.5292658734375 0.30927579375 0.53720238125 0.31299603125000003 0.541170634375 0.3139880953125 0.5446428578125
5 0.18501984062500001 0.6865079359374999 0.190228175 0.6914682546875001 0.1956845234375 0.6946924609375 0.20833333281250002 0.700644840625 0.22569444375 0.705605159375 0.2333829359375 0.7051091265625 0.2435515875 0.69990079375 0.2576884921875 0.68154761875 0.264880953125 0.6666666671875 0.26512896874999997 0.6582341265625 0.2638888890625 0.65625 0.2604166671875 0.6550099203124999 0.2591765875 0.653273809375 0.2606646828125 0.6515376984375 0.26215277812500004 0.646329365625 0.2738095234375 0.63095238125 0.2797619046875 0.6207837296875 0.2886904765625 0.60887896875 0.2916666671875 0.6029265875 0.2981150796875 0.5954861109375 0.303075396875 0.5858134921875 0.3112599203125 0.5761408734375 0.31349206406249996 0.5694444437499999 0.31696428593750003 0.5667162703125 0.321924603125 0.5605158734375 0.3209325390625 0.556299603125 0.3167162703125 0.5513392859375 0.31349206406249996 0.549851190625 0.312748015625 0.5478670640625001 0.309771825 0.5458829359374999 0.3070436515625 0.5421626984375 0.30654761875 0.536954365625 0.3020833328125 0.531994046875 0.2991071421875 0.5322420640625001 0.297123015625 0.533978175 0.29017857187499996 0.5367063484375 0.284226190625 0.544394840625 0.27802579375 0.547619046875 0.2760416671875 0.5535714281249999 0.2728174609375 0.5540674609375 0.2698412703125 0.55927579375 0.2671130953125 0.5605158734375 0.265376984375 0.5662202375 0.26116071406249997 0.56845238125 0.2574404765625 0.5761408734375 0.25347222187499996 0.577876984375 0.2522321421875 0.580853175 0.2435515875 0.590773809375 0.240575396875 0.596230159375 0.2299107140625 0.6081349203124999 0.2232142859375 0.6183035718750001 0.2199900796875 0.6210317453124999 0.21676587343749998 0.62822420625 0.21267361093749998 0.6304563484375 0.2021329359375 0.6316964281249999 0.1966765875 0.6336805562500001 0.1922123015625 0.6386408734375 0.1770833328125 0.6626984125 0.1760912703125 0.66592261875 0.17633928593749998 0.6701388890625 0.178571428125 0.678075396875 0.18501984062500001 0.6865079359374999
5 0.2046130953125 0.6299603171875 0.2085813484375 0.630704365625 0.21378968281250002 0.624751984375 0.2165178578125 0.6230158734375 0.22569444375 0.609126984375 0.2299107140625 0.6051587296875 0.23635912656250002 0.5952380953125 0.24107142812500001 0.59052579375 0.2485119046875 0.577876984375 0.252976190625 0.5731646828125 0.25868055624999997 0.5634920640625001 0.2643849203125 0.5570436515625 0.27256944375000003 0.543898809375 0.275545634375 0.540674603125 0.27678571406249997 0.536954365625 0.2800099203125 0.5352182546875001 0.290674603125 0.5349702375 0.2948908734375 0.531498015625 0.2988591265625 0.5300099203124999 0.3020833328125 0.5243055562500001 0.3050595234375 0.5225694437499999 0.3110119046875 0.515873015625 0.31845238125 0.505704365625 0.3201884921875 0.5012400796875001 0.32366071406249997 0.4982638890625 0.325396825 0.49131944375 0.325148809375 0.48635912656249997 0.3226686515625 0.4769345234375 0.31845238125 0.47073412656249997 0.31349206406249996 0.46825396875 0.3105158734375 0.4632936515625 0.30133928593750003 0.4580853171875 0.2991071421875 0.4546130953125 0.290674603125 0.453125 0.287450396875 0.450148809375 0.2760416671875 0.4466765875 0.263144840625 0.44618055625 0.2581845234375 0.446924603125 0.247023809375 0.4548611109375 0.234375 0.47569444375 0.22842261874999997 0.4895833328125 0.2279265875 0.4985119046875 0.2296626984375 0.5009920640625001 0.23263888906250002 0.5133928578125 0.2301587296875 0.5178571421875 0.22941468281250002 0.52157738125 0.22619047656250002 0.52529761875 0.224950396875 0.5295138890625 0.21949404687500002 0.5329861109375 0.21875 0.536954365625 0.2150297625 0.54092261875 0.212549603125 0.546626984375 0.20982142812500001 0.5488591265625 0.2078373015625 0.5535714281249999 0.20486111093749998 0.556299603125 0.2018849203125 0.56299603125 0.1966765875 0.5699404765625 0.190228175 0.5835813484375 0.18501984062500001 0.5895337296875 0.1820436515625 0.5982142859375 0.178571428125 0.60342261875 0.177579365625 0.6078869046875 0.17782738125 0.61532738125 0.181795634375 0.62177579375 0.1966765875 0.6314484125 0.2046130953125 0.6299603171875
5 0.131200396875 0.5203373015625 0.1351686515625 0.5233134921875 0.1614583328125 0.537450396875 0.1755952375 0.5416666671875 0.1875 0.54365079375 0.19196428593749998 0.543402778125 0.20262896874999997 0.5386904765625 0.21875 0.5133928578125 0.222222221875 0.4982638890625 0.221726190625 0.49404761875 0.22048611093749998 0.4920634921875 0.212549603125 0.491071428125 0.2108134921875 0.4890873015625 0.2110615078125 0.4861111109375 0.21378968281250002 0.4833829359375 0.215277778125 0.47842261875 0.22048611093749998 0.47470238125 0.224950396875 0.4632936515625 0.23263888906250002 0.4548611109375 0.234375 0.450148809375 0.24107142812500001 0.43948412656249997 0.24404761874999997 0.431299603125 0.24925595312499998 0.42757936562500004 0.255704365625 0.408730159375 0.25967261875 0.40426587343750003 0.2636408734375 0.396329365625 0.26463293593750004 0.391369046875 0.2676091265625 0.3886408734375 0.26661706406249996 0.384920634375 0.268105159375 0.3824404765625 0.2710813484375 0.380704365625 0.27232142812500004 0.375744046875 0.2760416671875 0.3730158734375 0.27529761875 0.3695436515625 0.281994046875 0.365079365625 0.28224206406249996 0.3573908734375 0.27529761875 0.3546626984375 0.2708333328125 0.3509424609375 0.24925595312499998 0.3400297625 0.24255952343749998 0.343501984375 0.23759920625 0.34375 0.234375 0.3516865078125 0.23363095312499998 0.3571428578125 0.2306547625 0.359623015625 0.2289186515625 0.35987103125000003 0.22619047656250002 0.365079365625 0.22619047656250002 0.3697916671875 0.222222221875 0.3730158734375 0.2229662703125 0.377480159375 0.22197420625 0.3799603171875 0.2199900796875 0.38169642812500004 0.21701388906250002 0.3804563484375 0.21676587343749998 0.38392857187499996 0.21378968281250002 0.38740079375 0.21304563437500001 0.39161706406249996 0.209325396875 0.3998015875 0.20585317500000003 0.40550595312500004 0.2018849203125 0.4079861109375 0.20039682499999997 0.4126984125 0.19345238125 0.41989087343750003 0.1917162703125 0.424603175 0.18849206406250002 0.42757936562500004 0.18700396875 0.4322916671875 0.184771825 0.435019840625 0.18402777812499999 0.4384920640625 0.1810515875 0.44097222187499996 0.17162698437499999 0.45709325468750006 0.1676587296875 0.4605654765625 0.16220238125 0.4595734125 0.15029761875 0.4605654765625 0.146825396875 0.46279761875 0.14012896875 0.4704861109375 0.125 0.493799603125 0.125 0.512648809375 0.1264880953125 0.512896825 0.131200396875 0.5203373015625
5 0.306795634375 0.3893849203125 0.30803571406249997 0.393353175 0.31349206406249996 0.4015376984375 0.3199404765625 0.40401785781250005 0.3345734125 0.40277777812500004 0.33928571406249997 0.40426587343750003 0.34697420625 0.40401785781250005 0.3578869046875 0.40178571406249997 0.3608630953125 0.3980654765625 0.36383928593750003 0.396825396875 0.3640873015625 0.3859126984375 0.3645833328125 0.38467261875 0.3678075390625 0.3829365078125 0.37152777812500004 0.3829365078125 0.375248015625 0.3814484125 0.380704365625 0.3814484125 0.384424603125 0.3797123015625 0.389880953125 0.38095238125 0.39384920625 0.3792162703125 0.3958333328125 0.3804563484375 0.40029761875 0.3792162703125 0.4047619046875 0.3797123015625 0.40625 0.37847222187499996 0.4109623015625 0.377480159375 0.41344246093750003 0.37822420625 0.41741071406249997 0.3769841265625 0.422123015625 0.377976190625 0.42509920625 0.3762400796875 0.431299603125 0.3769841265625 0.43973214218749995 0.374255953125 0.44593253906249997 0.37400793593750004 0.4481646828125 0.3727678578125 0.4516369046875 0.3735119046875 0.471726190625 0.368799603125 0.4779265875 0.3695436515625 0.481894840625 0.36830357187499996 0.484623015625 0.369295634375 0.49032738125 0.3673115078125 0.5017361109375 0.3673115078125 0.5039682546875001 0.36631944375000003 0.5071924609375 0.368799603125 0.521825396875 0.365079365625 0.5238095234375 0.3573908734375 0.5235615078125 0.3449900796875 0.5205853171875 0.3301091265625 0.513144840625 0.321924603125 0.5074404765625 0.3204365078125 0.4898313484375 0.3216765875 0.487351190625 0.3234126984375 0.48387896875 0.322420634375 0.48040674531249994 0.32490079375 0.4751984125 0.3234126984375 0.471726190625 0.32490079375 0.46825396875 0.3241567453125 0.46502976250000005 0.325148809375 0.46031746093750003 0.3234126984375 0.45634920625 0.32490079375 0.45089285781250005 0.3234126984375 0.4320436515625 0.3258928578125 0.42509920625 0.325644840625 0.422123015625 0.327876984375 0.419146825 0.3261408734375 0.41046627031250005 0.3263888890625 0.4052579359375 0.328373015625 0.40178571406249997 0.32762896874999997 0.3998015875 0.3298611109375 0.3958333328125 0.328373015625 0.3888888890625 0.330605159375 0.38715277812500004 0.32911706406249996 0.3824404765625 0.3320932546875 0.377976190625 0.330853175 0.37549603125000003 0.3330853171875 0.3695436515625 0.3320932546875 0.365575396875 0.334325396875 0.35838293593750004 0.3328373015625 0.35615079375 0.3298611109375 0.35615079375 0.3258928578125 0.353174603125 0.3189484125 0.346478175 0.3164682546875 0.338045634375 0.3162202375 0.31299603125000003 0.3179563484375 0.3050595234375 0.3199404765625 0.30133928593750003 0.32217261875 0.299603175 0.32465277812500004 0.299355159375 0.33258928593750003 0.3015873015625 0.358630953125 0.3040674609375 0.3695436515625 0.306795634375 0.3893849203125
5 0.23933531718749998 0.3258928578125 0.240575396875 0.3266369046875 0.268601190625 0.32762896874999997 0.2792658734375 0.3263888890625 0.287450396875 0.3268849203125 0.2889384921875 0.3261408734375 0.2894345234375 0.3204365078125 0.2904265875 0.318700396875 0.2889384921875 0.3142361109375 0.28993055624999997 0.3125 0.29340277812500004 0.3125 0.2986111109375 0.3105158734375 0.3018353171875 0.311755953125 0.30555555624999997 0.3105158734375 0.3110119046875 0.3105158734375 0.3139880953125 0.312251984375 0.31696428593750003 0.311755953125 0.31944444375000003 0.313244046875 0.3244047625 0.31200396874999997 0.3320932546875 0.312251984375 0.33407738125 0.31150793593750004 0.33680555624999997 0.3125 0.3452380953125 0.31299603125000003 0.3521825390625 0.31200396874999997 0.35491071406249997 0.313244046875 0.3611111109375 0.31349206406249996 0.3635912703125 0.3147321421875 0.3702876984375 0.3147321421875 0.372271825 0.31597222187499996 0.375 0.315228175 0.381200396875 0.3162202375 0.384424603125 0.313244046875 0.389880953125 0.31597222187499996 0.393601190625 0.3137400796875 0.3988095234375 0.3162202375 0.40302579375 0.3137400796875 0.4072420640625 0.3172123015625 0.4095567953125 0.31539360156249996 0.412946428125 0.31597222187499996 0.41344246093750003 0.318204365625 0.4164186515625 0.318700396875 0.41790674531249994 0.3172123015625 0.4300595234375 0.3164682546875 0.430803571875 0.318204365625 0.434523809375 0.3172123015625 0.43675595312500004 0.318700396875 0.4456845234375 0.31845238125 0.4484126984375 0.31919642812500004 0.4518849203125 0.318204365625 0.45535714218749995 0.318700396875 0.46031746093750003 0.3172123015625 0.46304563437499996 0.3142361109375 0.46428571406249997 0.3110119046875 0.46552579375 0.29737103125000003 0.4632936515625 0.27529761875 0.4585813484375 0.2738095234375 0.4518849203125 0.2698412703125 0.44890872968749995 0.2703373015625 0.4456845234375 0.26909722187499996 0.440476190625 0.2698412703125 0.43700396875 0.268105159375 0.434523809375 0.26884920625 0.4295634921875 0.2671130953125 0.42757936562500004 0.2671130953125 0.42509920625 0.26909722187499996 0.4228670640625 0.2671130953125 0.419394840625 0.266369046875 0.4164186515625 0.2676091265625 0.41071428593750003 0.26661706406249996 0.4045138890625 0.2676091265625 0.3953373015625 0.26612103125000003 0.390625 0.2676091265625 0.38715277812500004 0.26512896874999997 0.38467261875 0.26612103125000003 0.37822420625 0.2643849203125 0.37450396874999997 0.265873015625 0.3695436515625 0.262896825 0.3668154765625 0.2636408734375 0.36259920625 0.263144840625 0.3608630953125 0.2619047625 0.3581349203125 0.2636408734375 0.3544146828125 0.2636408734375 0.3519345234375 0.2616567453125 0.3492063484375 0.263144840625 0.34275793593750004 0.262648809375 0.3397817453125 0.2636408734375 0.33506944375000003 0.262648809375 0.3303571421875 0.2633928578125 0.3258928578125 0.26215277812500004 0.31919642812500004 0.26240079375 0.3167162703125 0.26116071406249997 0.3137400796875 0.262896825 0.3105158734375 0.2591765875 0.30357142812500004 0.25967261875 0.2991071421875 0.2579365078125 0.29340277812500004 0.2574404765625 0.291170634375 0.2537202375 0.291170634375 0.24751984062500001 0.287450396875 0.23933531718749998 0.283730159375 0.2380952375 0.281498015625 0.2358630953125 0.2703373015625 0.234623015625 0.249751984375 0.2353670640625 0.2457837296875 0.234375 0.23487103125000003 0.2353670640625 0.23164682499999997 0.24181547656250002 0.2306547625 0.2619047625 0.2304067453125 0.2951388890625 0.2321428578125 0.3102678578125 0.2353670640625 0.315476190625 0.23933531718749998 0.3258928578125
5 0.21701388906250002 0.22693452343749998 0.22544642812500001 0.2279265875 0.2398313484375 0.2321428578125 0.2512400796875 0.2333829359375 0.26612103125000003 0.2333829359375 0.2678571421875 0.23239087343749998 0.2698412703125 0.2279265875 0.2705853171875 0.21924603125000003 0.2728174609375 0.215277778125 0.278769840625 0.21552579375 0.281994046875 0.2142857140625 0.2854662703125 0.21552579375 0.293898809375 0.2140376984375 0.29786706406249996 0.215277778125 0.302579365625 0.2145337296875 0.3077876984375 0.2175099203125 0.3110119046875 0.215773809375 0.3137400796875 0.218998015625 0.3201884921875 0.21875 0.325148809375 0.221726190625 0.32762896874999997 0.2199900796875 0.3293650796875 0.2199900796875 0.334325396875 0.222222221875 0.3382936515625 0.21924603125000003 0.343005953125 0.22470238125000003 0.35243055624999997 0.224950396875 0.3544146828125 0.2242063484375 0.35887896874999997 0.22544642812500001 0.3606150796875 0.22718253906250002 0.3773147328125 0.2277611609375 0.37822420625 0.22867063437500001 0.3829365078125 0.22743055625 0.3869047625 0.22941468281250002 0.390625 0.2289186515625 0.3955853171875 0.2321428578125 0.3985615078125 0.2304067453125 0.40426587343750003 0.2333829359375 0.409226190625 0.23164682499999997 0.41319444375 0.234126984375 0.4169146828125 0.2328869046875 0.419394840625 0.23487103125000003 0.42559523749999995 0.234623015625 0.430803571875 0.23685515937499999 0.43353174531249994 0.2358630953125 0.4360119046875 0.23759920625 0.43700396875 0.23958333281250002 0.4429563484375 0.2358630953125 0.4454365078125 0.23710317500000003 0.44618055625 0.2366071421875 0.4513888890625 0.21949404687500002 0.4521329359375 0.2016369046875 0.4513888890625 0.196428571875 0.44866071406249997 0.1922123015625 0.4422123015625 0.19072420625 0.440228175 0.1887400796875 0.426959325 0.1887400796875 0.42237103125 0.18725198437499999 0.418898809375 0.18774801562500001 0.409226190625 0.1860119046875 0.4050099203125 0.18303571406250002 0.4010416671875 0.18402777812499999 0.3988095234375 0.181299603125 0.3928571421875 0.18154761875 0.389880953125 0.18303571406250002 0.38740079375 0.1800595234375 0.38467261875 0.1810515875 0.37847222187499996 0.1773313484375 0.375248015625 0.1783234125 0.372519840625 0.17633928593749998 0.3675595234375 0.1760912703125 0.3630952375 0.1731150796875 0.3606150796875 0.17286706406250002 0.3573908734375 0.174603175 0.3519345234375 0.17162698437499999 0.3487103171875 0.17261904687500002 0.343005953125 0.17013888906250002 0.3395337296875 0.171875 0.334325396875 0.16865079375 0.32862103125000003 0.1698908734375 0.325148809375 0.16865079375 0.31944444375000003 0.168898809375 0.3167162703125 0.1676587296875 0.3142361109375 0.16840277812499999 0.3107638890625 0.166170634375 0.3060515875 0.16493055625 0.3018353171875 0.1669146828125 0.2986111109375 0.1626984125 0.29340277812500004 0.1626984125 0.29017857187499996 0.1599702375 0.284226190625 0.1602182546875 0.27777777812500004 0.15798611093749998 0.2765376984375 0.15451388906250002 0.275545634375 0.13814484062500001 0.2693452375 0.134920634375 0.250744046875 0.130704365625 0.237351190625 0.12946428593749998 0.23263888906250002 0.127976190625 0.22594246093749998 0.1287202375 0.2229662703125 0.1272321421875 0.2172619046875 0.127976190625 0.21279761874999997 0.13095238125 0.20808531718749998 0.1418650796875 0.2053571421875 0.17881944375 0.20510912656250002 0.197420634375 0.2068452375 0.21676587343749998 0.212549603125 0.2242063484375 0.21701388906250002 0.22693452343749998
5 0.4791666671875 0.271329365625 0.4831349203125 0.275049603125 0.484623015625 0.2792658734375 0.49280753906249997 0.284226190625 0.4990079359375 0.2864583328125 0.5074404765625 0.2876984125 0.5084325390625 0.2921626984375 0.5166170640625001 0.30927579375 0.5176091265625 0.314980159375 0.5225694437499999 0.325644840625 0.5257936515625 0.328869046875 0.53447420625 0.3415178578125 0.534226190625 0.3457341265625 0.5384424609375 0.3571428578125 0.546626984375 0.37549603125000003 0.5538194437499999 0.3960813484375 0.559523809375 0.40550595312500004 0.565972221875 0.41220238125 0.56845238125 0.41319444375 0.580605159375 0.4136904765625 0.5830853171875 0.4109623015625 0.5922619046875 0.409226190625 0.5984623015625 0.4047619046875 0.6011904765625 0.40029761875 0.6004464281249999 0.39732142812500004 0.6009424609375 0.3923611109375 0.593005953125 0.36532738125 0.5922619046875 0.35838293593750004 0.5873015875 0.34474206406249996 0.5818452375 0.3355654765625 0.5796130953125 0.325644840625 0.5761408734375 0.318700396875 0.5736607140625 0.3107638890625 0.5691964281249999 0.3033234125 0.56845238125 0.2988591265625 0.565228175 0.29365079375 0.561755953125 0.28224206406249996 0.559523809375 0.2795138890625 0.5585317453124999 0.27529761875 0.5558035718750001 0.2710813484375 0.5553075390625 0.2641369046875 0.562748015625 0.252480159375 0.5647321421875 0.247023809375 0.562748015625 0.23611111093749998 0.5510912703125 0.20486111093749998 0.5483630953125 0.20064484062500001 0.5394345234375 0.1954365078125 0.5364583328125 0.1951884921875 0.525049603125 0.196924603125 0.5210813484375 0.20039682499999997 0.5012400796875001 0.2043650796875 0.490575396875 0.21006944375 0.48090277812500004 0.2172619046875 0.474950396875 0.2197420640625 0.471230159375 0.2224702375 0.46800595312500004 0.22619047656250002 0.46552579375 0.23363095312499998 0.465773809375 0.24131944375 0.47222222187499996 0.2554563484375 0.474950396875 0.25868055624999997 0.4791666671875 0.271329365625
5 0.6076388890625 0.3509424609375 0.599950396875 0.4389880953125 0.5987103171875 0.43948412656249997 0.59970238125 0.4476686515625 0.5992063484375 0.4635416671875 0.599950396875 0.4670138890625 0.5979662703125 0.47098214218749995 0.59697420625 0.4794146828125 0.5982142859375 0.48635912656249997 0.6009424609375 0.491071428125 0.609623015625 0.49429563437499996 0.62177579375 0.49578372968749995 0.627480159375 0.4947916671875 0.6329365078125 0.4923115078125 0.6391369046875 0.48065476250000005 0.6423611109375 0.46676587343750003 0.6480654765625 0.4265873015625 0.656498015625 0.384920634375 0.65947420625 0.359623015625 0.6626984125 0.3576388890625 0.668402778125 0.3573908734375 0.6741071421875 0.3546626984375 0.677579365625 0.3501984125 0.6805555562500001 0.3420138890625 0.6860119046875 0.315476190625 0.6862599203124999 0.30357142812500004 0.6857638890625 0.30133928593750003 0.6835317453124999 0.2986111109375 0.6783234125 0.296130953125 0.6741071421875 0.29241071406249997 0.6708829359374999 0.2921626984375 0.668402778125 0.290674603125 0.6361607140625 0.2862103171875 0.6334325390625 0.286954365625 0.6302083328125 0.2854662703125 0.628472221875 0.2864583328125 0.62177579375 0.2867063484375 0.606894840625 0.284226190625 0.6026785718750001 0.2904265875 0.59970238125 0.299603175 0.5974702375 0.3174603171875 0.596478175 0.33407738125 0.6014384921875 0.3454861109375 0.6039186515625 0.3492063484375 0.6076388890625 0.3509424609375
5 0.5424107140625 0.612351190625 0.5545634921875 0.6111111109375 0.5572916671875 0.611855159375 0.559523809375 0.609623015625 0.5634920640625001 0.6111111109375 0.5736607140625 0.6083829359374999 0.5925099203124999 0.6073908734375 0.5954861109375 0.6051587296875 0.5982142859375 0.606398809375 0.6006944437499999 0.6049107140625 0.6108630953125 0.6039186515625 0.6145833328125 0.6024305562500001 0.6180555562500001 0.603670634375 0.6235119046875 0.6026785718750001 0.6336805562500001 0.60342261875 0.6361607140625 0.6021825390625 0.643353175 0.6011904765625 0.6512896828125 0.6006944437499999 0.6572420640625001 0.6021825390625 0.665674603125 0.6004464281249999 0.669146825 0.6016865078125 0.672123015625 0.6046626984375 0.671626984375 0.6081349203124999 0.672619046875 0.6111111109375 0.6773313484375 0.6111111109375 0.6830357140625 0.61259920625 0.6927083328125 0.611855159375 0.7170138890625 0.6073908734375 0.721230159375 0.6006944437499999 0.72197420625 0.5917658734375 0.721230159375 0.5716765875 0.715277778125 0.5488591265625 0.7110615078125 0.5446428578125 0.70362103125 0.5396825390625 0.6741071421875 0.54092261875 0.6646825390625 0.5448908734375 0.662450396875 0.5483630953125 0.661954365625 0.5550595234375 0.65947420625 0.5585317453124999 0.6475694437499999 0.559771825 0.6445932546875001 0.5582837296875 0.6423611109375 0.559523809375 0.639880953125 0.56299603125 0.6329365078125 0.5637400796875001 0.631200396875 0.565972221875 0.622519840625 0.568700396875 0.6185515875 0.568204365625 0.6158234125 0.5699404765625 0.612847221875 0.568700396875 0.608630953125 0.5696924609375 0.603670634375 0.5674603171875 0.5979662703125 0.56845238125 0.5952380953125 0.5701884921875 0.5920138890625 0.5699404765625 0.5900297625 0.571924603125 0.5828373015625 0.5711805562500001 0.5739087296875 0.5729166671875 0.5689484125 0.5711805562500001 0.5664682546875001 0.5726686515625 0.562748015625 0.5714285718750001 0.5612599203124999 0.5739087296875 0.5585317453124999 0.5739087296875 0.556795634375 0.5716765875 0.5497271828125 0.5761408734375 0.5367063484375 0.578125 0.53447420625 0.5801091265625 0.533730159375 0.5828373015625 0.53075396875 0.5845734125 0.5300099203124999 0.5863095234375 0.5300099203124999 0.5947420640625001 0.5327380953125 0.6076388890625 0.5357142859375 0.6106150796875001 0.5424107140625 0.612351190625
5 0.500248015625 0.6391369046875 0.505704365625 0.64012896875 0.5104166671875 0.64384920625 0.51240079375 0.6470734125 0.5198412703125 0.6515376984375 0.52157738125 0.6540178578125 0.5262896828125 0.65302579375 0.528273809375 0.653521825 0.5302579359374999 0.656001984375 0.534226190625 0.65674603125 0.5386904765625 0.661954365625 0.5451388890625 0.6639384921875 0.5488591265625 0.6701388890625 0.5538194437499999 0.672123015625 0.5610119046875 0.677579365625 0.56572420625 0.6788194437499999 0.568700396875 0.6810515875 0.5744047625 0.6830357140625 0.57762896875 0.6860119046875 0.58407738125 0.6892361109375 0.584325396875 0.6912202375 0.5818452375 0.69717261875 0.58407738125 0.7048611109375 0.5890376984375 0.7083333328125 0.593501984375 0.7100694437499999 0.599950396875 0.7167658734375 0.615575396875 0.7232142859375 0.6185515875 0.7256944437499999 0.621527778125 0.7264384921875 0.627480159375 0.7259424609375 0.6388888890625 0.71825396875 0.6458333328125 0.7103174609375 0.6517857140625 0.700644840625 0.655505953125 0.6860119046875 0.6552579359374999 0.6773313484375 0.653769840625 0.671875 0.6493055562500001 0.665674603125 0.6423611109375 0.6617063484375 0.6386408734375 0.6577380953125 0.6272321421875 0.6512896828125 0.615575396875 0.6470734125 0.610119046875 0.6473214281249999 0.6024305562500001 0.6510416671875 0.6009424609375 0.6507936515625 0.597222221875 0.6473214281249999 0.5863095234375 0.6426091265625 0.580605159375 0.63740079375 0.57762896875 0.63740079375 0.5711805562500001 0.6336805562500001 0.5674603171875 0.6326884921875 0.5513392859375 0.622271825 0.5478670640625001 0.6185515875 0.5431547625 0.6158234125 0.530505953125 0.6108630953125 0.528521825 0.6083829359374999 0.5248015875 0.606894840625 0.521825396875 0.60342261875 0.515873015625 0.6004464281249999 0.509920634375 0.59970238125 0.5017361109375 0.6051587296875 0.48834325468750006 0.6232638890625 0.487351190625 0.6272321421875 0.48809523749999995 0.630704365625 0.4895833328125 0.6321924609375 0.500248015625 0.6391369046875
5 0.44866071406249997 0.6158234125 0.450396825 0.615575396875 0.4546130953125 0.6232638890625 0.46180555625 0.6269841265625 0.466269840625 0.6267361109375 0.474950396875 0.624255953125 0.4856150796875 0.6135912703125 0.4982638890625 0.60615079375 0.5014880953125 0.6019345234375 0.5203373015625 0.5897817453124999 0.5384424609375 0.5741567453124999 0.54737103125 0.568700396875 0.559027778125 0.559027778125 0.5674603171875 0.5535714281249999 0.5694444437499999 0.5533234125 0.5801091265625 0.5580357140625 0.5835813484375 0.5575396828125 0.5863095234375 0.5555555562500001 0.5920138890625 0.5535714281249999 0.6143353171875 0.536954365625 0.6185515875 0.5295138890625 0.6180555562500001 0.52529761875 0.612847221875 0.514880953125 0.60615079375 0.5081845234375 0.6039186515625 0.502976190625 0.5984623015625 0.49776785781250005 0.5952380953125 0.49280753906249997 0.5920138890625 0.48239087343750003 0.5922619046875 0.4779265875 0.5895337296875 0.481646825 0.574652778125 0.4739583328125 0.5701884921875 0.4764384921875 0.565476190625 0.481894840625 0.5615079359374999 0.4831349203125 0.5540674609375 0.48239087343750003 0.5545634921875 0.4861111109375 0.550347221875 0.49032738125 0.5453869046875 0.4923115078125 0.5384424609375 0.5022321421875 0.5379464281249999 0.5193452375 0.5334821421875 0.5262896828125 0.52802579375 0.531001984375 0.5248015875 0.531994046875 0.521825396875 0.536954365625 0.515873015625 0.5389384921875 0.5133928578125 0.54092261875 0.509920634375 0.5401785718750001 0.5069444437499999 0.5416666671875 0.5022321421875 0.549851190625 0.49131944375 0.556299603125 0.48239087343750003 0.568700396875 0.4779265875 0.5691964281249999 0.47222222187499996 0.5766369046875 0.46552579375 0.5798611109375 0.46453372968749995 0.5853174609375 0.46304563437499996 0.58779761875 0.4637896828125 0.5897817453124999 0.46143353125 0.5925099203124999 0.4541170640625 0.593501984375 0.452876984375 0.5952380953125 0.452876984375 0.599454365625 0.4518849203125 0.6016865078125 0.4476686515625 0.6039186515625 0.4456845234375 0.6019345234375 0.4449404765625 0.60342261875 0.444196428125 0.6076388890625 0.4451884921875 0.6113591265625 0.446924603125 0.612351190625 0.44866071406249997 0.6158234125
5 0.4546130953125 0.5758928578125 0.46031746093750003 0.57762896875 0.466269840625 0.577380953125 0.46949404687499996 0.575644840625 0.4761904765625 0.5696924609375 0.4935515875 0.547619046875 0.497271825 0.5446428578125 0.50595238125 0.53174603125 0.509424603125 0.528769840625 0.515873015625 0.5200892859375 0.5176091265625 0.5166170640625001 0.521825396875 0.5133928578125 0.5302579359374999 0.5017361109375 0.5394345234375 0.49156746093750003 0.546626984375 0.48090277812500004 0.549603175 0.4791666671875 0.5518353171875 0.4791666671875 0.559523809375 0.48214285781250005 0.562748015625 0.48239087343750003 0.5726686515625 0.474950396875 0.5763888890625 0.4697420640625 0.5798611109375 0.46676587343750003 0.5915178578125 0.45262896875 0.59375 0.4481646828125 0.59325396875 0.439980159375 0.5895337296875 0.43377976250000005 0.5863095234375 0.43030753906249997 0.5801091265625 0.42757936562500004 0.57762896875 0.42410714218749995 0.565476190625 0.41344246093750003 0.546626984375 0.4047619046875 0.5396825390625 0.3990575390625 0.530505953125 0.3988095234375 0.5101686515625 0.42509920625 0.505704365625 0.435019840625 0.5069444437499999 0.4392361109375 0.5110577875 0.45621750937499994 0.4392361109375 0.5553075390625 0.4389880953125 0.5605158734375 0.44345238125 0.56845238125 0.45114087343750003 0.5726686515625 0.4546130953125 0.5758928578125
5 0.6366567453124999 0.5448908734375 0.6450892859375 0.546626984375 0.6542658734375 0.5448908734375 0.656498015625 0.54365079375 0.668402778125 0.531001984375 0.6760912703125 0.51884920625 0.6800595234375 0.5146329359374999 0.6832837296875 0.5069444437499999 0.687748015625 0.500744046875 0.6917162703125 0.497271825 0.6927083328125 0.49280753906249997 0.6954365078125 0.48759920625 0.703373015625 0.47867063437499996 0.7075892859375 0.4697420640625 0.7100694437499999 0.4672619046875 0.71279761875 0.462053571875 0.715277778125 0.46006944375 0.718998015625 0.45238095312500004 0.721230159375 0.450644840625 0.7234623015625 0.443700396875 0.7289186515625 0.4360119046875 0.7410714281249999 0.437748015625 0.749255953125 0.43526785781250005 0.750744046875 0.43030753906249997 0.7549603171875 0.42757936562500004 0.762896825 0.412946428125 0.764880953125 0.41195436562500004 0.7708333328125 0.4012896828125 0.7708333328125 0.3988095234375 0.768105159375 0.3943452375 0.7576884921875 0.39012896874999997 0.756200396875 0.38616071406249997 0.747271825 0.37946428593750003 0.7452876984375 0.3767361109375 0.737351190625 0.375248015625 0.73487103125 0.3737599203125 0.7326388890625 0.3707837296875 0.72842261875 0.369295634375 0.7239583328125 0.3658234125 0.719494046875 0.3645833328125 0.708829365625 0.365079365625 0.70362103125 0.3630952375 0.6976686515625 0.365079365625 0.684027778125 0.3883928578125 0.681299603125 0.396329365625 0.681795634375 0.40426587343750003 0.687251984375 0.41195436562500004 0.6894841265625 0.42410714218749995 0.6862599203124999 0.430803571875 0.6830357140625 0.43030753906249997 0.681795634375 0.43154761875 0.681795634375 0.43799603125 0.668402778125 0.456101190625 0.6676587296875 0.4595734125 0.6644345234375 0.46279761875 0.6631944437499999 0.46949404687499996 0.659226190625 0.4704861109375 0.6602182546875001 0.474950396875 0.65575396875 0.47569444375 0.6522817453124999 0.4794146828125 0.650049603125 0.4858630953125 0.6470734125 0.4861111109375 0.6473214281249999 0.4893353171875 0.646329365625 0.4918154765625 0.64384920625 0.4925595234375 0.64112103125 0.49553571406249997 0.6388888890625 0.500744046875 0.6361607140625 0.5019841265625 0.6361607140625 0.5049603171875 0.634424603125 0.5086805562500001 0.6324404765625 0.50967261875 0.6297123015625 0.5136408734375 0.62822420625 0.5240575390625 0.625744046875 0.5292658734375 0.627480159375 0.536954365625 0.6366567453124999 0.5448908734375