0 0.7947306546874999 0.5111264875 0.8107824906250001 0.5371515375 0.8312624015625 0.5476723703124999 0.8589377484374999 0.56096180625 0.8832921625000001 0.6594818953125 0.9314474203125 0.743137896875 0.9995290171875 0.7287408234375 0.999751984375 0.5199861109375 0.956908978125 0.45464657812500003 0.7947306546874999 0.5111264875
0 0.8988095234375001 0.718501984375 0.8988095234375001 0.728174603125 0.896329365625 0.7299107140625 0.896329365625 0.7326388890625 0.90029761875 0.733630953125 0.9015376984374999 0.7356150796875001 0.902777778125 0.7445436515625 0.9052579359375 0.7512400796875001 0.906498015625 0.765625 0.9099702375 0.7765376984375 0.911954365625 0.79092261875 0.9144345234375001 0.797123015625 0.915674603125 0.809027778125 0.919394840625 0.8139880953124999 0.9196428578125 0.8206845234375001 0.927579365625 0.8268849203125 0.931795634375 0.8258928578125 0.9417162703124999 0.822420634375 0.9456845234375001 0.8191964281249999 0.9513888890625 0.8177083328125001 0.95634920625 0.8139880953124999 0.9595734125 0.8134920640625 0.9642857140625001 0.8107638890625 0.965773809375 0.80927579375 0.9647817453125 0.8043154765624999 0.9595734125 0.79365079375 0.9546130953124999 0.7879464281249999 0.953373015625 0.7824900796875001 0.896329365625 0.6827876984375 0.8950892859374999 0.6822916671875 0.8923611109375 0.6773313484375 0.8883928578125 0.6760912703125 0.89112103125 0.696924603125 0.894097221875 0.702380953125 0.896329365625 0.7137896828125 0.8988095234375001 0.718501984375
0 0.684027778125 0.62549603125 0.689980159375 0.62822420625 0.6994047625 0.625 0.7167658734375 0.6173115078125 0.7239583328125 0.61532738125 0.7480158734375 0.6044146828125 0.7611607140625 0.596726190625 0.771329365625 0.593005953125 0.7795138890625 0.5887896828125 0.78075396875 0.5865575390625 0.781001984375 0.5791170640625001 0.7802579359374999 0.559771825 0.7705853171875 0.45510912656249997 0.7693928578125 0.42530406718749997 0.7578134921874999 0.4157172625 0.7618063 0.4454759421875 0.7517361109375 0.4484126984375 0.74677579375 0.4518849203125 0.7398313484375 0.4548611109375 0.7361111109375 0.45535714218749995 0.7207341265625 0.4613095234375 0.7165178578125 0.4640376984375 0.7110615078125 0.46502976250000005 0.6798115078125 0.47718253906249997 0.6765873015625 0.48363095312500004 0.67509920625 0.4925595234375 0.6758432546875001 0.49652777812500004 0.6738591265625 0.5039682546875001 0.6676587296875 0.597222221875 0.6679067453124999 0.606894840625 0.6698908734375 0.6111111109375 0.684027778125 0.62549603125
0 0.4987599203125 0.874751984375 0.5349702375 0.874751984375 0.5349702375 0.8735119046875001 0.536954365625 0.8727678578125 0.54092261875 0.874751984375 0.549603175 0.874751984375 0.55282738125 0.8730158734375 0.591269840625 0.8727678578125 0.6533563984375 0.8727678578125 0.6577380953125 0.874751984375 0.6625744046875 0.8730158734375 0.6855984625 0.8730158734375 0.688244046875 0.874751984375 0.7207341265625 0.874751984375 0.7229662703125 0.8675595234375001 0.7234623015625 0.8541666671874999 0.7237103171875 0.70634920625 0.7229662703125 0.700148809375 0.718998015625 0.6917162703125 0.715277778125 0.68799603125 0.7083333328125 0.6852678578125 0.703869046875 0.685019840625 0.6329365078125 0.687748015625 0.615575396875 0.6894841265625 0.5818452375 0.6892361109375 0.4990079359375 0.6924603171875 0.49404761875 0.6929563484375 0.4908234125 0.6946924609375 0.48759920625 0.7043650796875001 0.48784722187499996 0.7274305562500001 0.4947916671875 0.84424603125 0.497023809375 0.8705357140625001 0.4987599203125 0.874751984375
0 0 0.8727678578125 0.043402778125 0.8730158734375 0.04637896875 0.874751984375 0.14112103125 0.874751984375 0.1426091265625 0.8732638890625 0.150545634375 0.872519840625 0.15649801562500001 0.8730158734375 0.158978175 0.874751984375 0.1641865078125 0.874751984375 0.16741071406250002 0.872519840625 0.1703869046875 0.872023809375 0.17162698437499999 0.8705357140625001 0.1795634921875 0.8482142859374999 0.18700396875 0.8226686515624999 0.18700396875 0.8174603171875001 0.184523809375 0.8147321421875 0.180803571875 0.8050595234375001 0.1768353171875 0.80282738125 0.1773313484375 0.799603175 0.181795634375 0.791170634375 0.1832837296875 0.7862103171875 0.18576388906250002 0.7829861109375 0.18501984062500001 0.778273809375 0.19345238125 0.764880953125 0.1951884921875 0.75967261875 0.1949404765625 0.756200396875 0.19866071406250002 0.75049603125 0.1994047625 0.746527778125 0.1984126984375 0.7418154765625 0.20039682499999997 0.736855159375 0.20039682499999997 0.73387896875 0.2021329359375 0.73115079375 0.20510912656250002 0.7321428578125 0.2070932546875 0.725818453125 0.2095734125 0.7224702375 0.2132936515625 0.71279761875 0.21800595312499998 0.6946924609375 0.215277778125 0.690972221875 0.21552579375 0.6887400796875001 0.2142857140625 0.6865079359374999 0.215277778125 0.6827876984375 0.212549603125 0.6810515875 0.19990079375 0.6798115078125 0.1314484125 0.67509920625 0.09970238125 0.67509920625 0.09424603125 0.674355159375 0.0917658734375 0.671626984375 0.08854166718749999 0.6728670640625001 0.065972221875 0.6698908734375 0.0076884921875 0.6666666671875 0 0.6666666671875 0 0.8727678578125
0 0.087053571875 0.6507936515625 0.0952380953125 0.65625 0.099950396875 0.662450396875 0.11483134843750001 0.672619046875 0.13368055625 0.6728670640625001 0.1453373015625 0.674603175 0.15277777812499999 0.674355159375 0.161954365625 0.6760912703125 0.1671626984375 0.6758432546875001 0.1768353171875 0.677579365625 0.20114087343749998 0.6785714281249999 0.2043650796875 0.6798115078125 0.21354166718749998 0.6800595234375 0.218501984375 0.6827876984375 0.218501984375 0.6860119046875 0.2165178578125 0.6889880953125 0.22048611093749998 0.6914682546875001 0.2224702375 0.686755953125 0.22445436562499999 0.6852678578125 0.22569444375 0.6803075390625 0.2408234125 0.6448412703125 0.240575396875 0.6383928578125 0.24429563437500001 0.596230159375 0.24925595312499998 0.5922619046875 0.2519841265625 0.5920138890625 0.255704365625 0.593501984375 0.25669642812500004 0.5917658734375 0.25892857187499996 0.5833333328125 0.26116071406249997 0.5803571421875 0.2641369046875 0.5704365078125 0.26512896874999997 0.561755953125 0.268601190625 0.5570436515625 0.27157738125 0.5481150796875001 0.2748015875 0.54365079375 0.275049603125 0.5401785718750001 0.2795138890625 0.528273809375 0.281001984375 0.518353175 0.29637896874999997 0.47470238125 0.3040674609375 0.44890872968749995 0.3048115078125 0.43948412656249997 0.3072916671875 0.43402777812500004 0.3072916671875 0.424603175 0.31200396874999997 0.40823412656249997 0.3112599203125 0.40550595312500004 0.31150793593750004 0.3958333328125 0.3102678578125 0.39384920625 0.3072916671875 0.393105159375 0.306299603125 0.391369046875 0.3070436515625 0.38715277812500004 0.296130953125 0.384920634375 0.266369046875 0.384920634375 0.20064484062500001 0.3864087296875 0.1914682546875 0.387896825 0.08506944375 0.6364087296875 0.08358134843750001 0.64384920625 0.0845734125 0.6460813484375 0.08779761875 0.6478174609375 0.087053571875 0.6507936515625
0 0.2983630953125 0.6180555562500001 0.306299603125 0.62177579375 0.33779761875 0.630704365625 0.3449900796875 0.6339285718750001 0.37053571406249997 0.640376984375 0.38467261875 0.646329365625 0.4079861109375 0.6520337296875 0.41220238125 0.6542658734375 0.41989087343750003 0.6525297625 0.422123015625 0.6478174609375 0.42559523749999995 0.646329365625 0.43551587343750003 0.6458333328125 0.459821428125 0.6423611109375 0.4677579359375 0.610119046875 0.46875 0.6029265875 0.4751984125 0.5801091265625 0.47445436562500004 0.577876984375 0.47247023749999995 0.5766369046875 0.41592261875 0.5577876984375 0.3985615078125 0.553075396875 0.38095238125 0.546875 0.3702876984375 0.544394840625 0.36532738125 0.541170634375 0.3551587296875 0.5384424609375 0.34970238125 0.5357142859375 0.315228175 0.5238095234375 0.30580357187499996 0.5223214281249999 0.30381944375000003 0.5238095234375 0.2800099203125 0.562748015625 0.27678571406249997 0.5771329359374999 0.2740575390625 0.5959821421875 0.2740575390625 0.6076388890625 0.275545634375 0.60987103125 0.281001984375 0.6133432546875001 0.2983630953125 0.6180555562500001
0 0.1760912703125 0.3633432546875 0.17881944375 0.36631944375000003 0.18700396875 0.38194444375000003 0.193204365625 0.384424603125 0.362351190625 0.381200396875 0.3762400796875 0.37847222187499996 0.4895833328125 0.3764880953125 0.49801587343750003 0.3762400796875 0.5014880953125 0.375248015625 0.528521825 0.37549603125000003 0.5329861109375 0.374255953125 0.5446428578125 0.37450396874999997 0.5505952375 0.3730158734375 0.568204365625 0.3730158734375 0.5906083828125 0.3707837296875 0.6232638890625 0.372271825 0.637946428125 0.37053571406249997 0.6698908734375 0.369295634375 0.9481646828124999 0.359126984375 0.999751984375 0.3581349203125 0.999751984375 0.19618055625 0.987103175 0.1956845234375 0.983630953125 0.1927083328125 0.9804067453125 0.1922123015625 0.9709821421875 0.19469246093749998 0.9670138890625 0.1927083328125 0.9647817453125 0.1927083328125 0.955853175 0.1951884921875 0.953373015625 0.193700396875 0.950396825 0.19345238125 0.9419642859374999 0.1954365078125 0.9263392859374999 0.1951884921875 0.8603670640625 0.197420634375 0.58779761875 0.21378968281250002 0.584325396875 0.2150297625 0.5694444437499999 0.21602182499999997 0.4779265875 0.2199900796875 0.46800595312500004 0.22147817500000003 0.4481646828125 0.22197420625 0.43526785781250005 0.22395833281250002 0.3764880953125 0.22470238125000003 0.3110119046875 0.231398809375 0.2760416671875 0.23387896874999997 0.268105159375 0.237847221875 0.265873015625 0.24330357187499999 0.265376984375 0.25049603125000003 0.262648809375 0.2584325390625 0.255704365625 0.2638888890625 0.2490079359375 0.265625 0.2423115078125 0.271825396875 0.24007936562499999 0.2762896828125 0.23611111093749998 0.2790178578125 0.23263888906250002 0.2862103171875 0.22767857187499999 0.29017857187499996 0.22470238125000003 0.2953869046875 0.21875 0.3020833328125 0.20262896874999997 0.32490079375 0.20138888906250002 0.3296130953125 0.1994047625 0.33134920625 0.19866071406250002 0.3345734125 0.194196428125 0.3365575390625 0.18849206406250002 0.343005953125 0.18849206406250002 0.3459821421875 0.1835317453125 0.3578869046875 0.1765873015625 0.36036706406249996 0.1760912703125 0.3633432546875
0 0.593501984375 0.21130952343749998 0.597222221875 0.21180555625 0.6542658734375 0.20907738125000003 0.8214285718750001 0.1981646828125 0.999751984375 0.18923611093749998 0.999751984375 0.125 0.9764384921874999 0.125 0.974454365625 0.12673611093749998 0.9387400796875 0.1272321421875 0.9360119046875001 0.127976190625 0.9300595234375001 0.1269841265625 0.9270833328125001 0.125 0.59052579375 0.125 0.5925099203124999 0.209325396875 0.593501984375 0.21130952343749998
0 0.0505952375 0.5084325390625 0.049355159375 0.5195932546875001 0.0456349203125 0.536954365625 0.0456349203125 0.5429067453124999 0.0488591265625 0.5448908734375 0.052827381250000006 0.5448908734375 0.06101190468749999 0.5429067453124999 0.072420634375 0.5381944437499999 0.07638888906249999 0.5376984125 0.0803571421875 0.5352182546875001 0.0915178578125 0.5324900796875001 0.096478175 0.5329861109375 0.09970238125 0.5364583328125 0.10342261875 0.5376984125 0.10540674531250001 0.5451388890625 0.11507936562500001 0.5458829359374999 0.11755952343750001 0.5394345234375 0.12450396875 0.5047123015625 0.1230158734375 0.4206349203125 0.12177579375 0.41071428593750003 0.12276785781249999 0.393353175 0.12202380937499999 0.380704365625 0.11929563437499999 0.3787202375 0.1103670640625 0.37822420625 0.0917658734375 0.37450396874999997 0.087549603125 0.374751984375 0.06845238125 0.37177579375 0.062748015625 0.372271825 0.06101190468749999 0.37450396874999997 0.05927579375000001 0.380704365625 0.0560515875 0.42594246093750004 0.053819443749999994 0.4310515875 0.0543154765625 0.440228175 0.052827381250000006 0.4454365078125 0.049603175 0.497023809375 0.0505952375 0.5084325390625
0 0 0.6639384921875 0.0329861109375 0.6669146828125 0.0523313484375 0.6669146828125 0.0580357140625 0.6654265875 0.05853174531250001 0.6626984125 0.060019840625 0.6617063484375 0.06423611093750001 0.6629464281249999 0.065972221875 0.662450396875 0.07018849218749999 0.659226190625 0.08209325468749999 0.653769840625 0.077380953125 0.6512896828125 0.0803571421875 0.6458333328125 0.08134920625 0.640873015625 0.08779761875 0.625248015625 0.0873015875 0.6170634921875 0.0892857140625 0.6145833328125 0.0917658734375 0.615079365625 0.09375 0.608630953125 0.09548611093750001 0.6073908734375 0.0979662703125 0.6009424609375 0.097222221875 0.599454365625 0.10342261875 0.5895337296875 0.1076388890625 0.5763888890625 0.1111111109375 0.5716765875 0.11532738125 0.5610119046875 0.11507936562500001 0.5580357140625 0.1073908734375 0.5488591265625 0.103174603125 0.5481150796875001 0.099454365625 0.5399305562500001 0.09499007968749999 0.5349702375 0.093005953125 0.534226190625 0.0853174609375 0.5357142859375 0.046875 0.5481150796875001 0.040178571875 0.5510912703125 0.0386904765625 0.5540674609375 0.0384424609375 0.5580357140625 0.0364583328125 0.560019840625 0.0352182546875 0.564980159375 0.03125 0.5716765875 0.031498015625 0.575396825 0.0292658734375 0.5791170640625001 0.02529761875 0.5818452375 0.0176091265625 0.5828373015625 0.011408729687499999 0.5860615078125 0 0.5885416671875 0 0.6639384921875
0 0 0.5868055562500001 0.0052083328125 0.5860615078125 0.0262896828125 0.5791170640625001 0.02802579375 0.577380953125 0.0349702375 0.560019840625 0.0376984125 0.5570436515625 0.0384424609375 0.5520833328125 0.041170634375 0.54737103125 0.04365079375 0.5362103171875 0.0451388890625 0.5334821421875 0.047619046875 0.5166170640625001 0.04737103125 0.50595238125 0.0491071421875 0.48015872968749995 0.0483630953125 0.47445436562500004 0.05084325468749999 0.4479166671875 0.050347221875 0.4422123015625 0.0515873015625 0.439980159375 0.050347221875 0.43824404687499996 0.0486111109375 0.437748015625 0.047123015625 0.44122023749999995 0.0146329359375 0.4521329359375 0.008928571875000001 0.452876984375 0.0019841265625 0.455853175 0 0.455853175 0 0.5868055562500001
0 0.78075396875 0.3772321421875 0.7775297625 0.37847222187499996 0.7854662703125 0.38368055624999997 0.7862103171875 0.387896825 0.7827380953125 0.39012896874999997 0.7792658734375 0.390625 0.7772817453124999 0.3928571421875 0.7767857140625 0.3958333328125 0.78174603125 0.40997023749999995 0.783978175 0.4126984125 0.7884424609375 0.4231150796875 0.7988591265625 0.44072420625 0.8020833328125001 0.45114087343750003 0.8053075390625001 0.4541170640625 0.8206845234375001 0.4858630953125 0.824652778125 0.4895833328125 0.8266369046875001 0.4935515875 0.8291170640625 0.4950396828125 0.8370535718750001 0.49404761875 0.843005953125 0.49131944375 0.8973214281249999 0.4734623015625 0.9131944437499999 0.45734127031250005 0.9146825390625001 0.4543650796875 0.9454365078125001 0.42385912656249997 0.96825396875 0.3983134921875 0.971478175 0.393105159375 0.96924603125 0.3841765875 0.958829365625 0.3633432546875 0.9543650796875 0.36036706406249996 0.825148809375 0.3648313484375 0.78720238125 0.3673115078125 0.775049603125 0.3695436515625 0.7770337296875 0.3727678578125 0.78075396875 0.374255953125 0.78075396875 0.3772321421875
0 0.09375 0.284226190625 0.096230159375 0.2849702375 0.099454365625 0.28224206406249996 0.103174603125 0.2827380953125 0.1111111109375 0.28794642812500004 0.11507936562500001 0.28819444375000003 0.12276785781249999 0.2852182546875 0.1269841265625 0.28472222187499996 0.131696428125 0.2824900796875 0.1364087296875 0.28174603125000003 0.1421130953125 0.278521825 0.14657738125 0.278521825 0.15029761875 0.27678571406249997 0.15972222187500001 0.2757936515625 0.166170634375 0.271825396875 0.18576388906250002 0.2671130953125 0.1994047625 0.2609126984375 0.20510912656250002 0.26116071406249997 0.2078373015625 0.25967261875 0.2197420640625 0.27008928593750003 0.22123015937499999 0.2730654765625 0.22048611093749998 0.2760416671875 0.2224702375 0.2775297625 0.22718253906250002 0.2852182546875 0.22842261874999997 0.2854662703125 0.2321428578125 0.28125 0.23387896874999997 0.27678571406249997 0.23759920625 0.2728174609375 0.23710317500000003 0.2705853171875 0.234623015625 0.268105159375 0.23511904687500002 0.2638888890625 0.23387896874999997 0.2614087296875 0.234375 0.2581845234375 0.23363095312499998 0.2564484125 0.23611111093749998 0.2460317453125 0.23363095312499998 0.2455357140625 0.2321428578125 0.24255952343749998 0.23263888906250002 0.23387896874999997 0.2299107140625 0.2232142859375 0.2266865078125 0.21924603125000003 0.21676587343749998 0.2142857140625 0.20510912656250002 0.21552579375 0.12549603125 0.2366071421875 0.118303571875 0.24032738125000003 0.10689484062500001 0.24255952343749998 0.10019841249999999 0.246527778125 0.0915178578125 0.2609126984375 0.091269840625 0.2705853171875 0.09250992031250001 0.2748015875 0.0917658734375 0.278769840625 0.09375 0.284226190625
0 0 0.290674603125 0.0146329359375 0.3107638890625 0.0208333328125 0.3147321421875 0.02802579375 0.3137400796875 0.03720238125 0.3110119046875 0.075644840625 0.29340277812500004 0.0895337296875 0.2849702375 0.0892857140625 0.2643849203125 0.093501984375 0.24950396874999997 0.099950396875 0.24330357187499999 0.118799603125 0.2390873015625 0.121527778125 0.2366071421875 0.12127976250000001 0.23387896874999997 0.11780753906250001 0.22693452343749998 0.116071428125 0.22048611093749998 0.1135912703125 0.21701388906250002 0.110119046875 0.2078373015625 0.10367063437499999 0.19965277812499999 0.07936507968749999 0.200148809375 0.0736607140625 0.20238095312499998 0.052827381250000006 0.2043650796875 0.0475364578125 0.20643179531250003 0.009920634375 0.2490079359375 0.0047123015625 0.25347222187499996 0 0.2539682546875 0 0.290674603125
0 0 0.4476686515625 0.010416667187500001 0.44618055625 0.015376984375 0.44196428593750003 0.021825396875 0.44097222187499996 0.04737103125 0.430803571875 0.052579365625 0.4298115078125 0.05456349218749999 0.428075396875 0.0543154765625 0.41865079375 0.0560515875 0.4109623015625 0.055555556250000006 0.40625 0.056795634375 0.3988095234375 0.0560515875 0.3955853171875 0.057539682812500006 0.38715277812500004 0.05729166718749999 0.38095238125 0.058283729687499994 0.3769841265625 0.062003968750000006 0.37152777812500004 0.07043650781250001 0.3712797625 0.075148809375 0.372519840625 0.0887896828125 0.3732638890625 0.099950396875 0.3710317453125 0.10119047656249999 0.37177579375 0.105421875 0.3778678078125 0.12524801562500001 0.38194444375000003 0.12847222187500001 0.3856646828125 0.130704365625 0.3859126984375 0.14409722187500001 0.35491071406249997 0.14409722187500001 0.3489583328125 0.13219246093749998 0.32862103125000003 0.1272321421875 0.32217261875 0.1232638890625 0.3139880953125 0.11805555625 0.3082837296875 0.1078869046875 0.28993055624999997 0.1051587296875 0.2886904765625 0.0915178578125 0.2876984125 0.07638888906249999 0.2948908734375 0.0647321421875 0.2991071421875 0.0478670640625 0.3087797625 0.04092261875 0.3107638890625 0.0091765875 0.32366071406249997 0.0017361109374999999 0.328125 0 0.328125 0 0.4476686515625
0 0.2730828375 0.23199801562500003 0.379914434375 0.224873015625 0.3853407734375 0.18927505 0.3795751484375 0.1383829359375 0.3578697921875 0.13906150781249998 0.3565131453125 0.16111483124999998 0.3504084828125 0.1760431546875 0.3473561515625 0.1804536203125 0.3375208328125 0.1872393359375 0.3290421625 0.18893576406249998 0.31988516875 0.19029290625 0.299197171875 0.1875786203125 0.28291815468750003 0.18079290625 0.2720654765625 0.1614541171875 0.268673859375 0.15158829375 0.24968179531249998 0.150909721875 0.22594122031250002 0.2034982640625 0.2452728171875 0.26558680625000003 0.2730828375 0.23199801562500003
0 0.47182341250000004 0.21913169687499998 0.46232738125 0.18690005 0.42468179531250005 0.125 0.3850022328125 0.12562747968750002 0.3972110609375 0.196060515625 0.383305803125 0.199792659375 0.3792361109375 0.22489955312499998 0.47182341250000004 0.21913169687499998
0 0.46470138906249997 0.20013194374999999 0.473180059375 0.2187924109375 0.5301567453125 0.21607812499999998 0.513538690625 0.18927505 0.4989553578125 0.1584005453125 0.49725942500000003 0.1543291171875 0.4813196921875 0.1251510421875 0.42298611093750005 0.125 0.46368377968749996 0.18316790624999998 0.46470138906249997 0.20013194374999999
0 0.539483134375 0.212568453125 0.589664434375 0.211615328125 0.5928405265625 0.1887388390625 0.5718787203125 0.19572891875 0.5439295640624999 0.13885540624999998 0.53757738125 0.1264640375 0.53821255 0.139173115625 0.5251909718750001 0.140444196875 0.5293196921875001 0.1935047125 0.539483134375 0.212568453125
0 0.5404365078125 0.128128471875 0.5737842265624999 0.19668204375 0.5906173109374999 0.18715005 0.590299603125 0.1261463296875 0.5404365078125 0.128128471875
0 0.2211530265625 0.213268353125 0.2247452875 0.2075786203125 0.22354786718750003 0.205482390625 0.248991815625 0.1500828375 0.268748015625 0.150382440625 0.272340278125 0.15697048593750001 0.288205109375 0.1422971234375 0.29449131875 0.12522792656249998 0.24420238125 0.12522792656249998 0.173857390625 0.20308680625000003 0.16218328437500001 0.22704340312500002 0.20858085312500002 0.2126693953125 0.2211530265625 0.213268353125
0 0.1912192453125 0.1812264390625 0.169966021875 0.1566708828125 0.1529037703125 0.16864930625000002 0.115486359375 0.214765625 0.1226703875 0.23632638906249998 0.16218328437500001 0.227941715625 0.1912192453125 0.1812264390625
0 0.1382361109375 0.15697048593750001 0.1184796625 0.1419975203125 0.0753747515625 0.200990575 0.10710466249999999 0.199493303125 0.11159474218750001 0.20398511875 0.1382361109375 0.15697048593750001
0 0.353461309375 0.1674397328125 0.357652034375 0.1548625984375 0.35854985156249997 0.1416865078125 0.3804017859375 0.1401892359375 0.3842931546875 0.125 0.319037203125 0.12611458281250001 0.2950900296875 0.1722311515625 0.2980833328125 0.18361036718749998 0.32083308593750004 0.1869045140625 0.3375962296875 0.1839099703125 0.3483725203125 0.1746267359375 0.353461309375 0.1674397328125
0 0.12492857187499999 0.46263913749999996 0.1578484625 0.46738368125 0.191326140625 0.38868030781249996 0.185467509375 0.38505208281250003 0.17486631875 0.35937574375 0.21180357187499999 0.3116525296875 0.17263442499999998 0.29939310468749997 0.125765625 0.39874925625 0.12241790625 0.41549454375000006 0.12492857187499999 0.46263913749999996
0 0.3182624015625 0.48553546562500005 0.3838229171875 0.48190724218750003 0.39637723281250004 0.45204464218749996 0.402235615625 0.4422765375 0.3832651296875 0.41799553593749994 0.37350074375000003 0.3833883921875 0.3133529265625 0.38374131875 0.29650198437499997 0.4648826890625 0.31212475156249997 0.4640453875 0.3182624015625 0.48553546562500005
0 0.320215278125 0.48772470312499994 0.31184598281250003 0.4659556046875 0.3021937 0.46676636875 0.2861795640625 0.52149454375 0.3165885421875 0.5212155265625 0.320215278125 0.48772470312499994
0 0.42315922656250005 0.657078125 0.38354389843750003 0.649542659375 0.381033234375 0.6445190968750001 0.2537624015625 0.6156307046875 0.1793298609375 0.796021578125 0.1826775796875 0.8133251484375 0.3972140375 0.8627239578125 0.42315922656250005 0.657078125
0 0.360388640625 0.6375744046875 0.27418353125 0.6091071421875001 0.27836805625 0.56389459375 0.30291840312499996 0.5211937 0.28478472187500004 0.522868303125 0.25437574375 0.6004553578125 0.25437574375 0.61496800625 0.360388640625 0.6375744046875
0 0.3165885421875 0.522052828125 0.3595515875 0.539914434375 0.35927256875 0.5217735609374999 0.3165885421875 0.522052828125
0 0.255822171875 0.832048859375 0.25761631875 0.874751984375 0.393793403125 0.874751984375 0.3953953375 0.8627686015625 0.255822171875 0.832048859375
0 0.48735491093750005 0.874751984375 0.48863665625 0.7637708328125 0.4533908734375 0.678186259375 0.4594786703125 0.6435677078125 0.4242328875 0.6483256453124999 0.3976383921875 0.8624479171875 0.3953953375 0.863730159375 0.3953953375 0.874751984375 0.48735491093750005 0.874751984375
0 0.48927752968749993 0.6932390875000001 0.564575396875 0.689392609375 0.571944940625 0.6211421125000001 0.552399553125 0.542288690625 0.552399553125 0.536839534375 0.5706634421875 0.4029154265625 0.513950396875 0.4062782734375 0.45403174531249996 0.6759548609375 0.48863665625 0.7637584328125 0.48799578437499996 0.70702256875 0.48927752968749993 0.6932390875000001
0 0.6059092265625 0.40099206406250004 0.6084724703125 0.3715022328125 0.519076140625 0.381759425 0.5354174109375001 0.4041974203125 0.57002256875 0.4019536203125 0.5729062500000001 0.40387698437499997 0.6059092265625 0.40099206406250004
0 0.5687408234375 0.620513640625 0.6087929062499999 0.6224367562500001 0.60911334375 0.620834078125 0.6193665671875 0.4759990078125 0.6103950890625 0.40387698437499997 0.5725858140625 0.407082340625 0.552399553125 0.53492881875 0.552399553125 0.5397368546875 0.5687408234375 0.620513640625
0 0.5133087796875 0.41510838281250007 0.51298834375 0.40549206406250005 0.5325337296875 0.402927828125 0.5142700890625 0.3756817953125 0.373222965625 0.380388640625 0.3822584328125 0.4170317453125 0.4046875 0.44459821406250005 0.4597991078125 0.4471626984375 0.5133087796875 0.41510838281250007
0 0.47421800625 0.4404313 0.4716545140625 0.4494064984375 0.50337574375 0.45132961250000003 0.51266790625 0.4144672625 0.47421800625 0.4404313
0 0.362072171875 0.539133184375 0.47498759843749994 0.5757150296875 0.50273511875 0.45194568437499993 0.400842509375 0.44457341250000004 0.362072171875 0.539133184375
0 0.8352244546875 0.5474243546875 0.78268824375 0.56339756875 0.781658234375 0.5901912203124999 0.6894623015625 0.629351190625 0.679676090625 0.622652778125 0.6827666171875 0.68551488125 0.71573040625 0.682423115625 0.7250014874999999 0.6999422125 0.7260317453125 0.8642105656249999 0.922784721875 0.8384474203125001 0.9145438984375 0.8018635906249999 0.8594322921875 0.5582450390625 0.8352244546875 0.5474243546875
0 0.815137153125 0.537179315625 0.7935047125 0.5253283734374999 0.7795989578125 0.5404744546875 0.787323909375 0.5619119546875 0.8259533734375 0.5500610125 0.815137153125 0.537179315625
0 0.6080828375 0.3955424109375 0.633320684375 0.46201140937499996 0.6441369046875 0.4882896828125 0.7595106640625 0.4450076890625 0.7543598703125001 0.4223360609375 0.73303745 0.3814233625 0.6395014875 0.4243970734375 0.612203125 0.3862678578125 0.6080828375 0.3955424109375
0 0.7450887890625 0.3677182546875 0.611070684375 0.37483060468749996 0.61580853125 0.3888439984375 0.638986359375 0.42130555625 0.7471490578125 0.37080977187499997 0.7450887890625 0.3677182546875
0 0.5957212296875001 0.68861483125 0.5993266375 0.678361359375 0.5910858140624999 0.6665104171875 0.59314608125 0.6252894343750001 0.5699682546875 0.6226612109375 0.56378745 0.6896453375 0.5957212296875001 0.68861483125
0 0.596237103125 0.6220438984375 0.5900555562500001 0.66439756875 0.6024171625 0.68655381875 0.60859771875 0.6216307046875 0.596237103125 0.6220438984375
0 0.66576959375 0.605657490625 0.6781309531249999 0.475811259375 0.6451671625000001 0.4892080859375 0.6197237109375 0.4411540171875 0.6039623015625 0.68655381875 0.6822514875000001 0.683462053125 0.6807063484375 0.627813740625 0.66576959375 0.605657490625
0 0.999751984375 0.874751984375 0.9997271828125 0.7292078375 0.9499365078125 0.7426870046875 0.9918147328125 0.8326741078125 0.9677951390624999 0.857268353125 0.9790984625 0.874751984375 0.999751984375 0.874751984375
0 0.934167659375 0.8414375 0.8900845734375 0.8408722718750001 0.8654997515625 0.8558549109375001 0.8646520343749999 0.8660319937500001 0.9658172125 0.858964534375 0.9912497515625001 0.83240228125 0.9494273312500001 0.7410920140624999 0.9316245046875 0.7433536703125 0.9677951390624999 0.807796875 0.9299290671874999 0.8264546125000001 0.934167659375 0.8414375
0 0.886128471875 0.8414375 0.781290178125 0.8570771328125 0.7863764875 0.8691416171874999 0.8027663687500001 0.874751984375 0.8265032234374999 0.8736646828125 0.886128471875 0.8414375
0 0.9722700890624999 0.46245436562500003 0.999751984375 0.500804315625 0.999584325 0.4263484625 0.9722700890624999 0.46245436562500003
0 0.999423859375 0.49920634843749995 0.9726693953125001 0.46245436562500003 0.9722700890624999 0.4584595734375 0.9503072921875001 0.42290600156249997 0.9095766375000001 0.465650296875 0.9159657734375 0.46884598281249995 0.9574950390625 0.45566319375 0.999751984375 0.5195796125000001 0.999423859375 0.49920634843749995
0 0.7957700890625 0.526370784375 0.798964534375 0.524773065625 0.795370784375 0.5091932046875 0.8281150796875 0.49481200468750003 0.7734079859375 0.39294518906250003 0.7398653281249999 0.38929141875 0.752244046875 0.414548115625 0.768616071875 0.42453521875 0.7789985125000001 0.5367571921875001 0.7957700890625 0.526370784375
0 0.999751984375 0.41531597187499997 0.9982259421874999 0.3581907234375 0.9614883437499999 0.3617859625 0.9726693953125001 0.3909479171875 0.950706596875 0.42090872968750004 0.9734680062500001 0.4568616078125 0.999751984375 0.41531597187499997