3 0.289957340625 0.413290675 0.4336408734375 0.4272485125 0.608113590625 0.44161681562500005 0.9985218250000001 0.47692187500000005 0.999751984375 0.375522321875 0.9845642359375001 0.38291170625 0.26961185468750004 0.34883829375 0.2638643359375 0.3311857640625 0.064349703125 0.3233859125 0.020834078125 0.3521225203125 0.008518353125 0.361564484375 0.0421813 0.41082738125 0.164928075 0.42519568437500005 0.2484697421875 0.4313536703125 0.24315749062499997 0.40918526718750003 0.24438913750000002 0.40795386875000006 0.289957340625 0.413290675
3 0.9991708828125001 0.3644010421875 0.999751984375 0.34554613125 0.9968854171875 0.33697569375 0.588836309375 0.3195575390625 0.2746438484375 0.3103296125 0.2610213296875 0.31999702343749997 0.27024950468750003 0.3459233625 0.2901096234375 0.34897420625 0.991171875 0.3815419140625 0.9991708828125001 0.3644010421875
3 0.9210076890625001 0.6153908734375 0.9353752484375001 0.6173028281249999 0.964053075 0.5881470734375001 0.9621411203125 0.5814553578125 0.9377651296874999 0.5494317953125 0.9277279265624999 0.5346150796875 0.5391431046874999 0.49828968281249997 0.1916634421875 0.46531026718749996 0.15725 0.4892083328125 0.15390426562499998 0.49828968281249997 0.1709915671875 0.519678571875 0.2057562 0.5245778765625 0.910014384375 0.608221478125 0.9210076890625001 0.6153908734375
3 0.7826783234375 0.49749627968750004 0.78077430625 0.5047311515625 0.9387973703125001 0.522627728125 0.9601210312499999 0.5485205859375 0.999751984375 0.554232390625 0.999751984375 0.4773149796875 0.746325396875 0.45484920625 0.24407886875 0.41144047656250005 0.2596907234375 0.44913740156250004 0.28578546562499996 0.45294518906250003 0.7701125984375 0.4773149796875 0.7826783234375 0.49749627968750004
3 0.1381312 0.4578985609375 0.1147165171875 0.47431919687499996 0.113804315625 0.47888045625000003 0.1284005453125 0.500470734375 0.157288690625 0.5041197921875 0.15363963281249998 0.492564484375 0.19225868125 0.46519667656249997 0.1381312 0.4578985609375
3 0.21050372031250003 0.4502963796875 0.29108680625 0.45364136874999994 0.16367460312499998 0.4405657234375 0.14816617031249998 0.4512088296875 0.145429315625 0.45820262968750003 0.18830555625 0.462459821875 0.1916505453125 0.46337227187499996 0.205334325 0.45060044687499995 0.21050372031250003 0.4502963796875
3 0.2443149796875 0.43072668593749996 0.20628075468749998 0.4302423109375 0.2128216765625 0.4447775296875 0.259092509375 0.45010714218750003 0.2518249015625 0.43339161718749997 0.2443149796875 0.43072668593749996
3 0.84003993125 0.774379215625 0.998022321875 0.7849828875 0.999751984375 0.70651636875 0.8711331843749999 0.6916713796875 0.7438903765625 0.67435243125 0.5523196921875 0.64466245 0.39274057500000004 0.6226130953125 0.3593720234375 0.6916713796875 0.37068253906250004 0.715352678125 0.683107390625 0.75529290625 0.84003993125 0.774379215625
3 0.184978175 0.7118859125 0.18579489062500001 0.7196431046875 0.47177877031250004 0.7770007437500001 0.68980233125 0.8221185515625 0.6816369046874999 0.7557748015625 0.3676865078125 0.7141274796875 0.359112846875 0.6912643843749999 0.362746528125 0.683511409375 0.22720138906249998 0.6561572421874999 0.22274305625 0.6592192453125 0.1872237109375 0.705966021875 0.184978175 0.7118859125
3 0.19625148750000002 0.7602137890625 0.22989459375000001 0.7830429062500001 0.41092633906250003 0.8262983625 0.6239992562500001 0.874751984375 0.7165178578125 0.874751984375 0.19625148750000002 0.7602137890625
3 0.718058284375 0.873493303125 0.989200396875 0.8743764875 0.771915921875 0.8478983140624999 0.3047036203125 0.7494216265625 0.1214397328125 0.7074697421875 0.1059838796875 0.7273415171875001 0.1103998015625 0.739247271875 0.1682495046875 0.753819940625 0.718058284375 0.873493303125
3 0.1132455359375 0.6992948906249999 0.1386870046875 0.7079821421875 0.161646578125 0.7126361609375 0.19670610156249999 0.6626837796875 0.168472221875 0.6347604171875 0.06732688437499999 0.6180062000000001 0.035990328125 0.6474811515625001 0.1033172125 0.697123015625 0.1132455359375 0.6992948906249999
3 0.02173040625 0.609586309375 0.0005927578125 0.6064253468749999 0 0.617883184375 0.0059263390625 0.6226245046875001 0.02173040625 0.609586309375
5 0.2061545140625 0.4513271328125 0.1908514390625 0.46465302656249996 0.5674813984375 0.50094444375 0.7692876984375 0.5196572421875 0.7809067453125 0.49981026718750005 0.781190228125 0.49612450468749997 0.7673040671875 0.47826215312500003 0.2061545140625 0.4513271328125