0 0.659094990625 0.8504880953124999 0.66828670625 0.8558095234374999 0.67844618125 0.8495205859375 0.7021515375 0.8403286203125001 0.6015248015625 0.532159721875 0.5971708828125 0.5287733140624999 0.5860438984375 0.489103175 0.5865275296875 0.48474925625000004 0.5652413187499999 0.41653596249999997 0.53331175625 0.47071949375 0.6489355156250001 0.8383936015625 0.659094990625 0.8504880953124999
0 0.3296396328125 0.8016259921875 0.5366981640625 0.46201140937499996 0.7277919140625 0.1470696921875 0.69828125 0.12675074375 0.6886056546875 0.12288045624999999 0.2914208828125 0.775985615625 0.28948586249999997 0.7808234125 0.31028844218749996 0.7943692953125 0.3296396328125 0.8016259921875
0 0.446230903125 0.16835590312499998 0.4413931046875 0.18335317499999998 0.5125091765625001 0.4087953875 0.546373759375 0.3575146328125 0.4854171625 0.1596478171875 0.446230903125 0.16835590312499998
1 0.7560498515625 0.06379067499999999 0.7563479656250001 0.06915625 0.7545592765625 0.0748196921875 0.7462130453125 0.0685600203125 0.7387606640625 0.06230009843749999 0.7313085312500001 0.0625982140625 0.7280295140625 0.058723214062499994 0.7235582843749999 0.0596173109375 0.7155099203125 0.06915625 0.7101443453125 0.08286805625 0.7110386906249999 0.090618303125 0.7155099203125 0.0956857640625 0.7238563984375 0.0998591265625 0.7310104171875 0.10254191406249999 0.73458755 0.10343601250000001 0.73399131875 0.1102921625 0.7655885421875 0.12817733125 0.7718484625 0.124004215625 0.7795987109375 0.1210233140625 0.7894355156249999 0.12549454375 0.796589534375 0.1293697921875 0.804637896875 0.1195327375 0.8076188 0.1156577375 0.8013588796875 0.107311259375 0.7903298609375 0.10045535781249999 0.7936086312499999 0.0885317453125 0.795993303125 0.0861470734375 0.7936086312499999 0.084060515625 0.7971857640625 0.081377728125 0.7956954359374999 0.07303125 0.792118303125 0.06975223281250001 0.795993303125 0.06349255937500001 0.79092584375 0.0572326390625 0.7819833828125 0.0533576390625 0.7706560015624999 0.0518670640625 0.7685694437499999 0.054847965624999995 0.7685694437499999 0.060213542187500003 0.7560498515625 0.06379067499999999
1 0.7405493546875 0 0.7420396828125 0.002384671875 0.750982390625 0.008346478124999999 0.7736369046875 0.015500495312500001 0.80046478125 0.027125992187499996 0.8085131453125 0.02861631875 0.8129843749999999 0.024741318749999998 0.8114940468749999 0.018183284375 0.8052341265624999 0.01401016875 0.8025513390624999 0.006855903125 0.800762896875 0 0.7405493546875 0
1 0.8535240578125001 0.1061188 0.8553127484375 0.114465278125 0.8493509421875001 0.1156577375 0.8418988093750001 0.11625396875 0.8290811015624999 0.128475446875 0.8231192953124999 0.1380141375 0.8287829859375 0.13950471250000002 0.8317638890625 0.1469568453125 0.8338504468749999 0.1508318453125 0.8454759421875 0.1439759421875 0.854418403125 0.136821925 0.86932266875 0.12549454375 0.87349603125 0.119830853125 0.87468824375 0.1022438 0.87349603125 0.1013494546875 0.8672361109375 0.09896478125 0.8597839781250001 0.089426090625 0.8553127484375 0.08346428593750001 0.847860615625 0.08704141875 0.8454759421875 0.0888298609375 0.8493509421875001 0.09359920625 0.8535240578125001 0.1061188
1 0.7912239578125 0.14993774843750002 0.7855602671875 0.154408978125 0.7846661703125 0.1591783234375 0.7772140375000001 0.159774553125 0.7676750984375 0.1535146328125 0.758136409375 0.14755307499999998 0.74978993125 0.1409950390625 0.7447224703125 0.1469568453125 0.7471071421875 0.15738988125 0.7488955859375 0.1633516859375 0.748299603125 0.17050570468749998 0.745616815625 0.1842177578125 0.75128050625 0.195544890625 0.75932886875 0.204189484375 0.7676750984375 0.2071703875 0.770059771875 0.21581473281250002 0.7727425593749999 0.22207465312500002 0.7816852671875 0.23697891875 0.7849642859375 0.23608482187500002 0.7956954359374999 0.2292286703125 0.806128471875 0.22147842187500003 0.8091091265625 0.21372817500000002 0.8028494546875 0.20925694374999998 0.7974838796875 0.195544890625 0.78705084375 0.1839196421875 0.7918201890625001 0.1785540671875 0.8085131453125 0.16871726250000002 0.8117919140625001 0.162457340625 0.8129843749999999 0.1550052078125 0.8064265875000001 0.14755307499999998 0.8028494546875 0.1508318453125 0.7995704359375 0.1466587296875 0.7912239578125 0.14993774843750002
1 0.8287829859375 0.2503928578125 0.8237155265625 0.2503928578125 0.8186480656249999 0.255162203125 0.8165615078125 0.25903745 0.8147728171875 0.263210565625 0.822523065625 0.267383928125 0.8147728171875 0.2766245046875 0.8103015875 0.2834806546875 0.814474703125 0.2900384421875 0.807320684375 0.2960002484375 0.8055322421875 0.30106770781250003 0.8114940468749999 0.308519840625 0.8222249500000001 0.305837053125 0.8261001984374999 0.3082217265625 0.8329561015625 0.3147797625 0.8413025796875001 0.30941418593750003 0.8466681546875 0.3150778765625 0.8460719250000001 0.32074131875 0.8448797125 0.3216356640625 0.8463700390625 0.32431845312499996 0.8523318453125001 0.326405009375 0.8675342265625 0.3165682046875 0.8740922624999999 0.310308284375 0.874751984375 0.305837053125 0.873794146875 0.2989811515625 0.8702170140625001 0.294509671875 0.873794146875 0.28467286718749996 0.87468824375 0.2834806546875 0.873794146875 0.27573040625 0.874751984375 0.2584412203125 0.8618705359375 0.263210565625 0.8532261906249999 0.2542681046875 0.8383216765625001 0.2611240078125 0.8287829859375 0.2503928578125
3 0.8295193453125 0.0545620046875 0.82505233125 0.0612626484375 0.847706596875 0.0851932046875 0.8560024796875 0.080726190625 0.830795634375 0.0433943453125 0.8333482140624999 0.037012896875 0.83271006875 0.033821925 0.8234568453125 0.037969990625 0.8228187 0.041479910937499996 0.82505233125 0.0443514390625 0.8295193453125 0.0545620046875
3 0.6754057546875 0.06190079375 0.6604092265625 0.0717921625 0.6521130953125 0.0717921625 0.643498015625 0.078492559375 0.6412646328125 0.0842361109375 0.6441361609375 0.0931701390625 0.6489223703125 0.0960419140625 0.65530381875 0.0947653765625 0.6588137406250001 0.092212796875 0.6635999499999999 0.08615054531250001 0.66296180625 0.080726190625 0.6776391375 0.07274925625 0.6798727671875 0.073068453125 0.6779583328125 0.068601190625 0.6754057546875 0.06190079375
3 0.5285560515625 0.284005953125 0.5329010421875 0.290216021875 0.5450047125 0.2920791171875 0.5462462796875001 0.2861795640625 0.5440736609375 0.284005953125 0.5403494546875 0.2877321421875 0.535383928125 0.2871111109375 0.531969990625 0.28276413749999996 0.5341423609375 0.2774853671875 0.541591021875 0.27593303593749996 0.5456254953124999 0.280280009375 0.545315228125 0.28276413749999996 0.5487291671875 0.27996949375 0.5440736609375 0.2722068453125 0.5344528765625001 0.27127529687499996 0.5282457843749999 0.2762435515625 0.5285560515625 0.284005953125