3 0.509424603125 0.4990079359375 0.5071924609375 0.5066964281249999 0.505704365625 0.5210813484375 0.49950396875 0.5481150796875001 0.4982638890625 0.5634920640625001 0.4893353171875 0.609623015625 0.49007936562500004 0.6106150796875001 0.49652777812500004 0.609623015625 0.502976190625 0.6103670640625001 0.5133928578125 0.609623015625 0.5173611109375 0.6078869046875 0.5243055562500001 0.6071428578125 0.5505952375 0.606646825 0.5570436515625 0.6071428578125 0.5644841265625 0.609126984375 0.568204365625 0.6143353171875 0.57217261875 0.6103670640625001 0.57490079375 0.6016865078125 0.581101190625 0.544394840625 0.58407738125 0.5262896828125 0.5853174609375 0.5081845234375 0.5925099203124999 0.484126984375 0.5947420640625001 0.4702380953125 0.5949900796875001 0.4541170640625 0.59375 0.4516369046875 0.593998015625 0.44866071406249997 0.5949900796875001 0.4422123015625 0.59697420625 0.43973214218749995 0.59970238125 0.42881944375 0.59970238125 0.422123015625 0.5982142859375 0.4164186515625 0.5892857140625 0.40674603125 0.5744047625 0.4007936515625 0.56299603125 0.3988095234375 0.552579365625 0.3988095234375 0.5389384921875 0.40178571406249997 0.5297619046875 0.4074900796875 0.5230654765625 0.41840277812500004 0.5223214281249999 0.42633928593750003 0.521329365625 0.42881944375 0.51884920625 0.4310515875 0.5133928578125 0.46006944375 0.5143849203124999 0.46478174531249994 0.5136408734375 0.4739583328125 0.5109126984375 0.484623015625 0.509424603125 0.4990079359375
3 0.21949404687500002 0.5818452375 0.2251984125 0.5868055562500001 0.2366071421875 0.5892857140625 0.2457837296875 0.5870535718750001 0.255704365625 0.5825892859375 0.2710813484375 0.574652778125 0.2757936515625 0.5711805562500001 0.2827380953125 0.5691964281249999 0.3268849203125 0.5478670640625001 0.377976190625 0.525049603125 0.46676587343750003 0.4831349203125 0.471230159375 0.4789186515625 0.47445436562500004 0.47867063437499996 0.48214285781250005 0.47569444375 0.4947916671875 0.46924603125 0.49652777812500004 0.4670138890625 0.4987599203125 0.466021825 0.5 0.4610615078125 0.499751984375 0.45386904687499996 0.4985119046875 0.4481646828125 0.4945436515625 0.44146825468750006 0.4918154765625 0.4325396828125 0.491071428125 0.431299603125 0.4833829359375 0.428075396875 0.4704861109375 0.4298115078125 0.4484126984375 0.44146825468750006 0.42137896875 0.453125 0.41790674531249994 0.45634920625 0.41046627031250005 0.45907738125 0.2800099203125 0.5248015875 0.27777777812500004 0.5267857140625 0.2554563484375 0.537450396875 0.2485119046875 0.5394345234375 0.2420634921875 0.54365079375 0.2199900796875 0.5540674609375 0.21800595312499998 0.55654761875 0.215773809375 0.562251984375 0.215277778125 0.568700396875 0.21701388906250002 0.5716765875 0.2175099203125 0.577876984375 0.21949404687500002 0.5818452375
3 0.5882936515625 0.722222221875 0.6262400796875001 0.7232142859375 0.8189484125 0.7239583328125 0.8417658734375 0.7237103171875 0.846230159375 0.722222221875 0.8576388890625 0.7227182546875001 0.865079365625 0.7209821421875 0.8613591265625 0.7199900796875001 0.8608630953124999 0.7175099203124999 0.8630952375 0.715277778125 0.8581349203125 0.702380953125 0.85342261875 0.6979166671875 0.8504464281249999 0.6917162703125 0.8477182546875 0.6892361109375 0.8345734125 0.6703869046875 0.8317212296875001 0.6677827375 0.8105158734375 0.6356646828125 0.8055555562500001 0.6336805562500001 0.5582837296875 0.6475694437499999 0.5518353171875 0.6490575390625 0.52157738125 0.6517857140625 0.5193452375 0.653273809375 0.51512896875 0.658730159375 0.5143849203124999 0.6629464281249999 0.5171130953125 0.6765873015625 0.52157738125 0.684523809375 0.527777778125 0.687251984375 0.5389384921875 0.6954365078125 0.5882936515625 0.722222221875
3 0.48427430625 0.53721875 0.46115128906249997 0.516544146875 0.427532490625 0.5360701890625 0.41392088281249995 0.5734811515625 0.433272321875 0.5941557546875 0.4622172625 0.6146041671875 0.4882103171875 0.611056546875 0.4993618546875 0.5501813 0.48427430625 0.53721875
3 0.5543387890625 0.7044392359375 0.5421096234375 0.69849603125 0.47222966250000004 0.6534459328125 0.471181546875 0.650299603125 0.4676875 0.643482390625 0.468735615625 0.6356165671875 0.4713561515625 0.6296736109375 0.47519965312499995 0.625828125 0.5674412203125 0.61778745 0.5658688 0.6121939484375 0.5574833828125 0.6057266859375 0.3981411203125 0.6203782234374999 0.39237599218749997 0.6216016859375 0.3831170640625 0.6261463296875001 0.3738578875 0.63383755 0.3680927578125 0.6453740078125 0.3628516859375 0.6586584828125 0.3590084328125 0.6742152781249999 0.35865897812499997 0.6897720734375 0.3604060015625 0.7002599203125001 0.3637251984375 0.7128452375000001 0.368616815625 0.7221093749999999 0.3714330359375 0.7233172125 0.547525296875 0.724540675 0.5543387890625 0.7044392359375
3 0.3612318953125 0.6567626484375 0.365073909375 0.6470689484375 0.37058630937500003 0.6393807046875 0.3747626484375 0.6330295140625 0.38027505 0.62951959375 0.38729092187499997 0.6243385421875 0.3954759421875 0.6204942953125 0.42420734062500004 0.6186557546875 0.423205109375 0.615981646875 0.41752579375 0.6119704859375 0.40599975156249996 0.613474703125 0.4048303578125 0.611134671875 0.4016564984375 0.6069563484375 0.40065426562499995 0.6049506453125 0.3956431046875 0.600772321875 0.3881259921875 0.5974295640625 0.37994097187500003 0.59525694375 0.27269890937499996 0.6119704859375 0.26217509843750003 0.6174858624999999 0.2593353171875 0.6208286203125 0.2551592265625 0.6276810515625 0.251484375 0.6357036203125 0.249980903125 0.6452304062499999 0.2503149796875 0.6505193453125 0.317299603125 0.6472361109375 0.3608978171875 0.6641165671875 0.3612318953125 0.6567626484375
3 0.4676907234375 0.43165005 0.4841927078125 0.42483606093750004 0.509821428125 0.4114060015625 0.79246949375 0.2948358140625 0.7938482140625001 0.2879379953125 0.7941929562500001 0.27621205312499997 0.7904012890625001 0.256898809375 0.7828182046875 0.232785465625 0.7752348703124999 0.2051946921875 0.766617559375 0.1855364578125 0.7545533234375 0.159325396875 0.7362844734375 0.145875 0.27161805625 0.4089350203125 0.26472420625000004 0.4161775796875 0.257485615625 0.42859325468750004 0.2554174109375 0.44100892812500003 0.259209078125 0.455494046875 0.2633452375 0.46515079375 0.268515625 0.475497271875 0.282648065625 0.4882579359375 0.2960912703125 0.49343105156249994 0.3085 0.496190228125 0.3262517359375 0.48916790624999995 0.3419603171875 0.48118353125 0.42578050625 0.4471130953125 0.4676907234375 0.43165005
3 0.46982663750000003 0.6467810015625 0.4726041671875 0.6535548109375 0.5184322921875 0.6828936015625 0.518953125 0.680983134375 0.514092509375 0.6705617562499999 0.5173908734375 0.6537140375 0.5225987109375 0.6490245531250001 0.8112663687499999 0.6330453875 0.8662951390625 0.7157061015624999 0.9155952375 0.70650074375 0.9159424609375 0.6948638390624999 0.915248015625 0.67940550625 0.9131649312500001 0.6663789687499999 0.9096932046875 0.632552828125 0.9041381453125 0.5839203875 0.8900771328125 0.4509474203125 0.8860845734374999 0.4389630453125 0.5890687 0.49436929531249996 0.574487103125 0.6103209328125 0.5751356640624999 0.616415921875 0.4750344734375 0.625793403125 0.470173859375 0.6308018359374999 0.46878521875 0.638617559375 0.46982663750000003 0.6467810015625
3 0.31710466249999997 0.647472965625 0.185627728125 0.6534928078125 0.16445758906250002 0.711075396875 0.186741815625 0.720382440625 0.35476512968749996 0.7232810015625 0.35944469218749997 0.6666478171875 0.31710466249999997 0.647472965625
3 0.1217442953125 0.6017728171875001 0.129242559375 0.5719615578125 0.12786111093750002 0.565446428125 0.07715079375 0.5553777281250001 0.0743883921875 0.5577470234375 0.0659037703125 0.582227678125 0.0627467765625 0.58380704375 0.0449880953125 0.6447951390625 0.046566715625 0.646571925 0.0390687 0.6753162203125 0.08622743125 0.6816810515625 0.09392286718750001 0.681878471875 0.1039858625 0.6599642859375 0.1217442953125 0.6017728171875001
3 0.22806894843749997 0.5888459828125 0.2196879953125 0.5817182546875 0.2140307546875 0.571445684375 0.21633556562499998 0.556561259375 0.13671577343750002 0.5857013890625 0.12896329374999999 0.5938774796875 0.127496528125 0.6045689484375 0.1308489578125 0.61463194375 0.138391865625 0.6230173609375 0.14446800625 0.6290969734375 0.149287203125 0.62922420625 0.23079290624999999 0.604359375 0.23707862031250002 0.5995376984375 0.23812624062499999 0.590523065625 0.22806894843749997 0.5888459828125
3 0.0491666671875 0.69140699375 0.0458943453125 0.6981188 0.044585565625000004 0.7038487109375 0.044912698437499995 0.710396825 0.0501483140625 0.7171088796875 0.053584325 0.7205466265625 0.1311383921875 0.7207103171875 0.1316294640625 0.719891865625 0.12066716250000001 0.7164541171875001 0.1074141859375 0.6882966265625 0.104316715625 0.68673834375 0.06900619999999999 0.6803370531249999 0.062255953125 0.6824030265625 0.0540751484375 0.6868231640625 0.0491666671875 0.69140699375
5 0.17744196406249998 0.7182547125000001 0.1612438 0.71072420625 0.182350446875 0.6545729171875 0.1609166671875 0.639184771875 0.12295758906250001 0.623632440625 0.1034873515625 0.6634131937500001 0.1016875 0.6686517859375 0.0998876484375 0.6709057546875 0.12132142812499999 0.7154717265625 0.14439136875 0.7223474703125 0.175478421875 0.7210376984375 0.17744196406249998 0.7182547125000001
5 0.006626240625 0.6297633921875 0.0040729171875 0.637548859375 0 0.640955109375 0.0001822921875 0.6582291671875 0.0001822921875 0.704688740625 0.011246279687500001 0.701769096875 0.0223102671875 0.6970248015625 0.031793403125 0.6920372031250001 0.0417631453125 0.6865629953125 0.0528271328125 0.6778045640625 0.037872520312500005 0.6765880453124999 0.0437366078125 0.645350446875 0.062091021875 0.5815548109375 0.066359375 0.5809141859375 0.0665729171875 0.5732269343749999 0.0503529265625 0.559133184375 0.0366937 0.5499508921875 0.01876636875 0.5431178078125 0.0006254953124999999 0.5411959328125 0 0.6177202375 0.0049241078125 0.62234300625 0.006626240625 0.6297633921875
5 0.0397328875 0.551764384375 0.055871776562499996 0.5626463296875001 0.0539419640625 0.5519399796875 0.057625992187499996 0.5387760421875 0.065870784375 0.52438368125 0.016928075 0.500688740625 0.0090342265625 0.5136770828125 0.003420634375 0.5257876984375 0 0.5349146828125 0.0018420140625 0.5410577875 0.0060520828125 0.54053125 0.025172867187499996 0.5445682046875 0.0397328875 0.551764384375
3 0.10193452343750001 0.515873015625 0.10367063437499999 0.5176091265625 0.1046626984375 0.521825396875 0.1111111109375 0.5275297625 0.11507936562500001 0.5327380953125 0.1314484125 0.5453869046875 0.14930555625 0.553075396875 0.1542658734375 0.5570436515625 0.18427579375 0.564980159375 0.21279761874999997 0.5580357140625 0.24255952343749998 0.541170634375 0.2490079359375 0.533730159375 0.26240079375 0.509920634375 0.26512896874999997 0.5014880953125 0.26884920625 0.48090277812500004 0.2671130953125 0.474950396875 0.25868055624999997 0.4580853171875 0.25595238125 0.4451884921875 0.255704365625 0.43700396875 0.24826388906250002 0.43303571406249997 0.237351190625 0.4228670640625 0.22445436562499999 0.4154265875 0.2165178578125 0.4114583328125 0.1991567453125 0.408730159375 0.15699404687500002 0.41021825468750006 0.1428571421875 0.4144345234375 0.1391369046875 0.41741071406249997 0.134424603125 0.41815476250000005 0.1264880953125 0.4231150796875 0.1173115078125 0.43055555625 0.1103670640625 0.4389880953125 0.1051587296875 0.44717261875 0.10019841249999999 0.4595734125 0.096230159375 0.47594246093750003 0.0952380953125 0.487103175 0.096478175 0.490575396875 0.09697420625 0.5044642859375 0.10193452343750001 0.515873015625
5 0.1307467765625 0.5711279765625 0.1277564484375 0.585589534375 0.1322420640625 0.5872517359375 0.1769317953125 0.570795634375 0.1814174109375 0.5663075390625 0.16580084374999998 0.5611545140625 0.13157738125000001 0.5480228171875 0.123603175 0.5418725203125 0.11081076406249998 0.5304030265625 0.10316865156249999 0.5187673609375001 0.09785243125000001 0.509957340625 0.09602505 0.4989866078125 0.0955265375 0.48602108125 0.0862232140625 0.49532961249999996 0.0722678578125 0.5114533734375 0.06362896875 0.5287408234375001 0.059808035937500004 0.5387142859375 0.056319196875 0.5526770828124999 0.058146578125 0.5636478171875 0.066785465625 0.57065228125 0.075756696875 0.554671875 0.1274241078125 0.56398040625 0.1307467765625 0.5711279765625