3 0.5225694437499999 0.874751984375 0.45386904687499996 0.125 0.0017361109374999999 0.1258901296875 0 0.87190699375 0.5225694437499999 0.874751984375
3 0.86871875 0.2745044640625 0.7432720734375 0.2917485125 0.75268055625 0.329371528125 0.7652251984375 0.334074653125 0.7683613593749999 0.3450478671875 0.4900262890625 0.3818874015625 0.481402034375 0.38034226250000003 0.5582380953125 0.874751984375 0.9032165171875001 0.8734533734375001 0.8702867062499999 0.3027219734375 0.86871875 0.2745044640625
3 0.5535337296875 0.3599404765625 0.545889384375 0.324146825 0.477481646875 0.33720982187500004 0.4790498515625 0.3709139390625 0.5535337296875 0.3599404765625
3 0.9300595234375001 0.874751984375 0.9441964281249999 0.8678075390625001 0.9481646828124999 0.8648313484375001 0.9548611109375 0.8573908734375 0.9580853171875001 0.8474702375 0.9583333328125001 0.8345734125 0.9568452375 0.8234126984374999 0.94990079375 0.811755953125 0.94345238125 0.8045634921874999 0.937251984375 0.799603175 0.9293154765624999 0.794146825 0.9114583328125001 0.7849702375 0.9042658734375 0.781994046875 0.9017857140625001 0.781994046875 0.90029761875 0.7822420640625001 0.90029761875 0.7832341265625 0.90625 0.874751984375 0.9300595234375001 0.874751984375
4 0.9305555562500001 0.5694444437499999 0.928075396875 0.60987103125 0.93154761875 0.612103175 0.9360119046875001 0.612351190625 0.9357638890625 0.615575396875 0.962549603125 0.6170634921875 0.9647817453125 0.615575396875 0.9642857140625001 0.61259920625 0.971478175 0.5987103171875 0.9739583328125001 0.599950396875 0.9754464281249999 0.599454365625 0.978670634375 0.5927579359374999 0.9789186515624999 0.565476190625 0.9828869046875001 0.4672619046875 0.9831349203125 0.408730159375 0.9861111109375 0.3648313484375 0.987847221875 0.3167162703125 0.9890873015625001 0.27008928593750003 0.9883432546875 0.2609126984375 0.9898313484375001 0.2581845234375 0.9893353171875001 0.25347222187499996 0.99032738125 0.24677579375 0.9928075390625001 0.1359126984375 0.9918154765624999 0.125 0.940972221875 0.125 0.93799603125 0.20064484062500001 0.9305555562500001 0.5694444437499999
4 0.78396255 0.2831768359375 0.7833546625000001 0.12552108125 0.686347221875 0.12516170625 0.6894737109375 0.30019394843749997 0.78396255 0.2831768359375
4 0.5098752484375 0.14217881875 0.5192547125 0.17517088281249998 0.5185600203125 0.223790921875 0.5022328875000001 0.27136904687499996 0.475831596875 0.3147797625 0.47409449375 0.33526959375 0.566846478125 0.3206837796875 0.556772321875 0.12655084375 0.5081383921875 0.12620362031250001 0.50327505 0.12793997968749998 0.5098752484375 0.14217881875
4 0.510569940625 0.2036483140625 0.5102227187499999 0.2092048609375 0.48764260937500004 0.21927628906250002 0.46923115156249995 0.2328204359375 0.4657571921875 0.239071428125 0.47305233125 0.305055803125 0.4932008921875 0.279356646875 0.51126488125 0.2432388390625 0.5157807546875001 0.2095520828125 0.51230704375 0.171003471875 0.4984114578125 0.13766393906250002 0.4859057546875 0.1765600203125 0.4834739578125 0.18697867031249998 0.47791592187500004 0.19635540625 0.46679935468749995 0.20052281718749998 0.46992584375 0.22031795625 0.499801090625 0.1973970734375 0.510569940625 0.2036483140625
3 0.686347221875 0.20052281718749998 0.684262896875 0.125 0.5553826890625 0.125 0.5633727671875 0.230389384375 0.686347221875 0.20052281718749998
3 0.927698909375 0.570984375 0.9398152281250001 0.125 0.784053075 0.1251165671875 0.7851014390625 0.28117237031250003 0.8675843249999999 0.27045734062500004 0.8899526296875001 0.5677232140624999 0.927698909375 0.570984375
3 0.9949201390625 0.1262814984375 0.9798916171875 0.586371528125 0.999751984375 0.5910302578125 0.999751984375 0.1250654765625 0.9949201390625 0.1262814984375