1 0.3516865078125 0.196924603125 0.358630953125 0.19717261875 0.3613591265625 0.1991567453125 0.372023809375 0.21155753906250002 0.375248015625 0.21130952343749998 0.38095238125 0.20808531718749998 0.39012896874999997 0.2008928578125 0.393105159375 0.1949404765625 0.39384920625 0.18998015937499999 0.393601190625 0.18501984062500001 0.390376984375 0.17212301562500001 0.38740079375 0.165674603125 0.384920634375 0.1641865078125 0.384424603125 0.1602182546875 0.381200396875 0.15178571406250002 0.374751984375 0.1480654765625 0.372519840625 0.1453373015625 0.35887896874999997 0.14161706406250002 0.3484623015625 0.1448412703125 0.34027777812500004 0.1498015875 0.3363095234375 0.15376984062500001 0.33407738125 0.1654265875 0.3345734125 0.1852678578125 0.34027777812500004 0.197420634375 0.34970238125 0.1979166671875 0.3516865078125 0.196924603125
1 0.46031746093750003 0.18675595312499998 0.48635912656249997 0.18849206406250002 0.49280753906249997 0.18675595312499998 0.5019841265625 0.1825396828125 0.5101686515625 0.181299603125 0.5138888890625 0.17906746093749998 0.5421626984375 0.16865079375 0.5453869046875 0.16592261875 0.5587797625 0.1617063484375 0.5741567453124999 0.1480654765625 0.5803571421875 0.134424603125 0.5803571421875 0.12673611093749998 0.5766369046875 0.12574404687500002 0.5744047625 0.121527778125 0.5704365078125 0.11904761875 0.562748015625 0.11631944375 0.5575396828125 0.11755952343750001 0.5481150796875001 0.1170634921875 0.5334821421875 0.12276785781249999 0.5238095234375 0.12375992031250001 0.5009920640625001 0.1324404765625 0.497519840625 0.134424603125 0.4918154765625 0.13988095312499998 0.471726190625 0.14930555625 0.46875 0.1540178578125 0.4610615078125 0.1577380953125 0.45386904687499996 0.1664186515625 0.453373015625 0.1706349203125 0.4541170640625 0.17361111093749998 0.45734127031250005 0.18303571406250002 0.46031746093750003 0.18675595312499998
1 0.5679563484375 0.193700396875 0.568700396875 0.1966765875 0.5716765875 0.19593253906250002 0.575396825 0.197420634375 0.580605159375 0.197420634375 0.5887896828125 0.19444444375 0.5954861109375 0.193700396875 0.6004464281249999 0.19444444375 0.6039186515625 0.19618055625 0.612351190625 0.194196428125 0.6185515875 0.1949404765625 0.625744046875 0.18998015937499999 0.627480159375 0.1897321421875 0.6289682546875001 0.18725198437499999 0.6386408734375 0.1837797625 0.6426091265625 0.18402777812499999 0.6458333328125 0.18303571406250002 0.650545634375 0.180803571875 0.6520337296875 0.17782738125 0.6507936515625 0.15376984062500001 0.6498015875 0.15029761875 0.6478174609375 0.1483134921875 0.6453373015625 0.14756944375 0.6272321421875 0.1485615078125 0.62177579375 0.1507936515625 0.6185515875 0.14930555625 0.615575396875 0.146329365625 0.6021825390625 0.14781746093749998 0.5974702375 0.1498015875 0.5927579359374999 0.1550099203125 0.5892857140625 0.15649801562500001 0.5845734125 0.15600198437499999 0.571924603125 0.15699404687500002 0.5664682546875001 0.161954365625 0.565972221875 0.1636904765625 0.5662202375 0.18030753906250002 0.565228175 0.18998015937499999 0.56572420625 0.1922123015625 0.5679563484375 0.193700396875
1 0.759920634375 0 0.7544642859375 0.007440476562499999 0.750248015625 0.0173611109375 0.749751984375 0.0210813484375 0.7447916671875 0.0329861109375 0.7425595234375 0.046130953125 0.7428075390625 0.056299603125 0.7455357140625 0.062748015625 0.747519840625 0.07118055625 0.75595238125 0.07291666718749999 0.7619047625 0.0696924609375 0.7676091265625 0.0689484125 0.7725694437499999 0.059523809375 0.778521825 0.051091270312500006 0.7824900796875001 0.049603175 0.7862103171875 0.041170634375 0.7886904765625 0.0327380953125 0.7896825390625 0.0195932546875 0.793898809375 0.00595238125 0.7931547625 0 0.759920634375 0
1 0.38368055624999997 0 0.38368055624999997 0.0017361109374999999 0.3767361109375 0.0076884921875 0.3732638890625 0.0146329359375 0.3735119046875 0.0329861109375 0.37946428593750003 0.047123015625 0.380704365625 0.052579365625 0.38368055624999997 0.05456349218749999 0.390625 0.05456349218749999 0.39384920625 0.055803571875 0.40277777812500004 0.061755953125 0.4074900796875 0.0689484125 0.41046627031250005 0.068204365625 0.4169146828125 0.0605158734375 0.42113095312500004 0.052579365625 0.42113095312500004 0.0486111109375 0.419146825 0.040674603125 0.4228670640625 0.0205853171875 0.41865079375 0 0.38368055624999997 0
1 0.6765873015625 0.35887896874999997 0.6875 0.3613591265625 0.6966765875 0.3613591265625 0.7073412703125 0.3578869046875 0.7113095234375 0.3544146828125 0.7145337296875 0.349454365625 0.71552579375 0.343501984375 0.718998015625 0.3360615078125 0.7269345234375 0.3229166671875 0.72842261875 0.318204365625 0.7276785718750001 0.3142361109375 0.7251984125 0.309771825 0.7227182546875001 0.2988591265625 0.7150297625 0.2904265875 0.702876984375 0.28571428593750003 0.6917162703125 0.2852182546875 0.6795634921875 0.2889384921875 0.674851190625 0.2921626984375 0.66865079375 0.2983630953125 0.6654265875 0.3102678578125 0.66220238125 0.3142361109375 0.6612103171875 0.32366071406249997 0.6614583328125 0.334325396875 0.666170634375 0.3474702375 0.6701388890625 0.353174603125 0.6765873015625 0.35887896874999997
1 0.6865079359374999 0.2852182546875 0.6939484125 0.284226190625 0.7018849203124999 0.28447420625 0.7068452375 0.2859623015625 0.7170138890625 0.291170634375 0.7232142859375 0.29737103125000003 0.7239583328125 0.299355159375 0.7289186515625 0.2867063484375 0.731398809375 0.27430555624999997 0.737351190625 0.2554563484375 0.737847221875 0.2517361109375 0.736855159375 0.2477678578125 0.7326388890625 0.2420634921875 0.7229662703125 0.23611111093749998 0.7085813484375 0.23387896874999997 0.6976686515625 0.2353670640625 0.6917162703125 0.24007936562499999 0.684027778125 0.259424603125 0.6768353171875 0.2676091265625 0.6736111109375 0.275049603125 0.67237103125 0.283730159375 0.675347221875 0.2889384921875 0.6770833328125 0.2891865078125 0.6865079359374999 0.2852182546875
1 0.5987103171875 0.39409722187499996 0.6078869046875 0.396825396875 0.619295634375 0.40203372968749995 0.6272321421875 0.40252976250000005 0.6297123015625 0.3762400796875 0.62822420625 0.372519840625 0.6262400796875001 0.3571428578125 0.624751984375 0.35267857187499996 0.6185515875 0.343005953125 0.6165674609375 0.34275793593750004 0.609623015625 0.33779761875 0.6009424609375 0.33482142812500004 0.5952380953125 0.3360615078125 0.5833333328125 0.34052579375 0.57762896875 0.34424603125000003 0.5736607140625 0.349454365625 0.5709325390625 0.3571428578125 0.5716765875 0.377480159375 0.5734126984375 0.3859126984375 0.5763888890625 0.390625 0.5987103171875 0.39409722187499996
1 0.5963754953125 0.5129077375 0.6023916171875 0.5126850203125 0.6088534218749999 0.509563740625 0.61041319375 0.507111359375 0.620662946875 0.47721875 0.6240052078125 0.475880953125 0.630244046875 0.47142212343749995 0.6449501484375 0.425273065625 0.6393797125 0.41635540625 0.6315811015625 0.40855257968750003 0.6188802078125 0.3998576390625 0.6017232140625 0.39339236093749996 0.5794412203125 0.3918799609375 0.5649578375 0.394109375 0.5580505953125 0.400351934375 0.54022495 0.449162946875 0.544235615625 0.45451339218750003 0.5346545140625001 0.48254910781250004 0.540670634375 0.4921356640625 0.54891493125 0.4983779765625 0.5551537703125 0.5027931546875 0.5618385421875 0.5017606640625 0.5763216765625 0.5080032234375 0.5881312000000001 0.5137996031250001 0.5963754953125 0.5129077375
1 0.5114248515625001 0.318618303125 0.51948040625 0.31422172656249997 0.5272919140625 0.31153521875 0.5385208328125 0.31177926562499997 0.536323909375 0.30616170625 0.5309536203125 0.3027423109375 0.52167733125 0.3002998515625 0.5209451890625 0.2963921125 0.5197244546875 0.29199578437499996 0.517039434375 0.283447171875 0.5094719734375001 0.277849703125 0.50727505 0.271987846875 0.4953134921875 0.25757738125 0.4843286203125 0.2387708328125 0.4772495046875 0.2233834328125 0.468127728125 0.2244640375 0.46167361093750003 0.22073883906249997 0.4611383921875 0.2184985125 0.45542038749999997 0.214485615625 0.44316418593750007 0.2177373515625 0.43541021874999997 0.22474107187499998 0.4299072421875 0.2359967765625 0.4342862109375 0.2419459328125 0.42867187500000004 0.2602641375 0.4335540671875 0.27003397812499996 0.4408772328125 0.2717435515625 0.44795634843750004 0.27613988125 0.45698859062499997 0.287863590625 0.46650868125 0.303006696875 0.46943799531249997 0.306426090625 0.4716349203125 0.316440228125 0.479446428125 0.324255953125 0.48359647812500006 0.3284079859375 0.4818876484375 0.33573536718749997 0.491163690625 0.3450166171875 0.4911423609375 0.3354139390625 0.5021485609375 0.3274109625 0.5114248515625001 0.318618303125
1 0.578930803125 0.3410724203125 0.5908921125 0.3339893359375 0.5999241078125 0.3339893359375 0.608712053125 0.3354548609375 0.6174999999999999 0.34033978125000003 0.6255555562499999 0.34815550625 0.6270203375000001 0.3606118546875 0.6279967765625 0.3696490578125 0.6528958328125001 0.3838149796875 0.65411631875 0.39187500000000003 0.6699833828124999 0.3972485125 0.6738891375 0.39602728125 0.678283234375 0.39065377031250004 0.6824330359374999 0.3833266375 0.6846299609375001 0.376976190625 0.681456596875 0.372335565625 0.6795037203125001 0.36671800625 0.674621528125 0.36403125 0.6672983625 0.36403125 0.662904265625 0.359146578125 0.6489900796875 0.3503536703125 0.6311701390625 0.34033978125000003 0.6201852671875 0.3288603671875 0.62116170625 0.3232428078125 0.6184764390625 0.3149384921875 0.6111532734375 0.3098092765625 0.61164136875 0.306878471875 0.6016329359375 0.290269840625 0.5930890375 0.2844079859375 0.577954365625 0.280255953125 0.5635518359375 0.284163690625 0.54792881875 0.3029704859375 0.5435349703125001 0.3090766375 0.541826140625 0.3200674609375 0.549149553125 0.331546875 0.5562286703125 0.3430265375 0.56599305625 0.350597965625 0.571607390625 0.3525518359375 0.57502505 0.34815550625 0.578930803125 0.3410724203125
1 0.6649263390625 0.2910314984375 0.6684146828124999 0.2897624015625 0.6711103671875 0.28230555625 0.67364756875 0.2721515375 0.681258928125 0.261521578125 0.6853816968750001 0.2562859625 0.6822103171875 0.2474012890625 0.6820515875 0.23978571406250002 0.6806245046875 0.2335982140625 0.6777703374999999 0.227569196875 0.675074653125 0.2247135421875 0.66809771875 0.2209057546875 0.6611205359375 0.217256696875 0.6516063984375 0.21693923593750003 0.6427266859375 0.2183673109375 0.6352740578125 0.22439608125000002 0.6298826890625 0.2301076390625 0.6257599203125 0.23693005937499997 0.626394096875 0.24264161718750002 0.625918403125 0.2474012890625 0.6254427078125 0.2516850203125 0.6203685515624999 0.2581897328125 0.622112846875 0.26421875 0.6276626984375 0.2705649796875 0.630199653125 0.27468997968750003 0.635591021875 0.25533407812500003 0.640823909375 0.2529541171875 0.6460565468749999 0.2499397328125 0.6527165171875 0.248353175 0.6601691468750001 0.24867038749999998 0.666194940625 0.2499397328125 0.6657192453125 0.2520022328125 0.6617549609375 0.2550166171875 0.6568392859375 0.257237846875 0.647959325 0.257237846875 0.640665178125 0.2567619046875 0.6389211312499999 0.2542234625 0.63321255 0.2705649796875 0.6317854656249999 0.27754588281250003 0.6330540671875 0.28167088281249997 0.6425682046875 0.27929092187500004 0.651289434375 0.2808774796875 0.6595349703125 0.2851612109375 0.6649263390625 0.2910314984375
1 0.8111059031250001 0.4042760421875 0.8071155750000001 0.4092666171875 0.7979375 0.4108638390625 0.7877619046875 0.4092666171875 0.7781850203125 0.40267881875 0.775790675 0.391100446875 0.786165921875 0.3853110125 0.7803797125 0.37433134843750004 0.7719997515625 0.38151810468749997 0.769805059375 0.388105903125 0.7674109625 0.393695684375 0.7652160218749999 0.3994848703125 0.764617559375 0.40467534687500006 0.766612846875 0.4108638390625 0.7716006937500001 0.41705233125 0.778584078125 0.4208452375 0.7851681546875 0.42324082343749997 0.7935481156249999 0.42543675625 0.803324653125 0.4236401296875 0.8103077875 0.41904861093749995 0.81908680625 0.41066418593750004 0.8214809031250001 0.3984866078125 0.822678075 0.39169915624999996 0.8196852671875 0.3845126484375 0.8140987109375001 0.3787232140625 0.8013293656249999 0.372934028125 0.793947171875 0.37153670625 0.7865649796875 0.372734375 0.7825744046875001 0.3747306546875 0.783173115625 0.37692658749999997 0.786764384375 0.382716021875 0.7903556546875 0.383514384375 0.803125 0.3849119546875 0.8081130953125 0.39329637968750003 0.8115049609374999 0.39828695468749997 0.8111059031250001 0.4042760421875
3 0.8093102671875 0.34082638906249996 0.8111059031250001 0.34701488125 0.8152958828125 0.3516063984375 0.8246733624999999 0.3551999015625 0.8274665171875 0.352804315625 0.8288633437499999 0.31607217187500003 0.8288633437499999 0.3032958828125 0.8216805562499999 0.318068453125 0.8210818453125001 0.33024603125 0.8127021328125 0.33523685468750003 0.8093102671875 0.34082638906249996
1 0.7761098703125 0.561155009375 0.77634375 0.5702849703124999 0.7850009921875001 0.57005084375 0.8051227671875001 0.5641981640625 0.8126098703125001 0.5609208828125001 0.8095682046875 0.54710863125 0.8065265374999999 0.5386810515625 0.8051227671875001 0.5281463296875 0.8037189984375 0.5239325390625 0.8037189984375 0.518548115625 0.8072284218749999 0.5162070937500001 0.8020811015625 0.4981810515625 0.7934241078125 0.49607415625 0.786638640625 0.47172743125 0.7751738593749999 0.47266393906250004 0.7721321921875 0.45908581406250004 0.7590297625 0.46002232187500003 0.7555200890625 0.4635337296875 0.7538821921875 0.464001984375 0.7571579859375 0.47898462343750003 0.7552862109375 0.4810915171875 0.7609015375 0.4871783234375 0.7616034218750001 0.4923286203125 0.7623053078125 0.497712796875 0.76136954375 0.504969990625 0.760199653125 0.51152505 0.76136954375 0.5176116078125 0.762539434375 0.5234642859374999 0.762539434375 0.5274439484375 0.7616034218750001 0.5363400296874999 0.770728421875 0.5410220734375 0.7744719734375 0.5461723703125 0.7761098703125 0.561155009375
1 0.7735421625 0.7285689484375 0.7765649796874999 0.647865575 0.7659853671875 0.640001984375 0.77384449375 0.637280009375 0.7783787203125 0.5979620531250001 0.7768673109375 0.5807227187499999 0.7729377484375 0.575278521875 0.77384449375 0.5462438 0.7696125984375 0.540799603125 0.76719444375 0.5395900296875 0.7599397328124999 0.5356579859374999 0.7608464781250001 0.49218055625 0.75933506875 0.4800828375 0.7363618546875 0.47554613124999995 0.7136907234375001 0.474638640625 0.7025064484375 0.4812924109375 0.6991813 0.4858291171875 0.6985766375 0.5018588796875 0.6964608140624999 0.5224250984375 0.6946470734375 0.5330109125 0.678928571875 0.539059771875 0.6768125 0.5768157234375 0.6731852671875 0.60585069375 0.6719761906249999 0.6279290671875 0.67711483125 0.6324657734375 0.6695577875 0.6348854171875 0.663512153125 0.6566118546874999 0.6616986609375 0.7201254953125 0.663814484375 0.72556944375 0.6840672125 0.72829141875 0.6849742062499999 0.7422041171875 0.704924603125 0.74432118125 0.7188296125 0.7467408234375 0.741802828125 0.7476232640625 0.746034721875 0.739759671875 0.7572192453125 0.73945709375 0.7708216765625 0.7385498515625 0.7735421625 0.7285689484375
1 0.4762395828125 0.7774642859374999 0.4864419640625 0.7774642859374999 0.4923936015625 0.7623650796875 0.4883549109375 0.7559848703125 0.49111830312500004 0.7504556046874999 0.4968571421875 0.7496049109375 0.525126240625 0.6913340781249999 0.533415675 0.6909087296875 0.55552108125 0.6408067953125001 0.5436180562499999 0.629535465625 0.5417051093749999 0.627834078125 0.5442557046875 0.6252822421875 0.548081596875 0.62506944375 0.5516951890625 0.624431546875 0.5621101187499999 0.6029521328125 0.5708246531250001 0.6014635421875 0.5789015375 0.6103955859375 0.583790178125 0.60911954375 0.5899541171875 0.6031646828125 0.6018568953125001 0.5744546125000001 0.6050451390625 0.564884671875 0.60249454375 0.5546765875 0.5916545140625 0.5465952374999999 0.584427828125 0.54170386875 0.5927172625 0.5259665171875 0.5952678578125 0.5208625984374999 0.58230233125 0.5106860125 0.5663611109375 0.5040935015625 0.5559461812500001 0.5021793156250001 0.5508447421875 0.5160027281249999 0.5463812 0.5189801593750001 0.5470188484375 0.524084078125 0.5357537203125 0.5200434031250001 0.5255513390625 0.5187673609375001 0.5189623015625 0.5191927078125 0.5142862109374999 0.523871528125 0.49473164687500004 0.5636401296875 0.5057842265625 0.571508928125 0.5127983625 0.5749114578125 0.5025959828125 0.597419146875 0.506209325 0.6027358625 0.507909721875 0.6048625984375 0.5068469734375001 0.6078400296875001 0.4940939984375 0.6065639875 0.4883549109375 0.606138640625 0.48389136875 0.6074146828125 0.46136111093750004 0.6550171125 0.46518700468749996 0.66012103125 0.4364928078125 0.716637896875 0.4396810515625 0.721529265625 0.435642609375 0.7257827375 0.43372966249999995 0.7298234124999999 0.42714037656250003 0.7279094734375 0.423101934375 0.7332259421875 0.4205513390625 0.738542659375 0.42246428593749996 0.743862846875 0.43691790625 0.756835565625 0.4473328375 0.7634283234375 0.46391170625000006 0.771722221875 0.4762395828125 0.7774642859374999
1 0.3403298609375 0.722543403125 0.3933859125 0.708301090625 0.39752703437500003 0.7013095234375 0.42133754999999995 0.69509449375 0.42832539687500004 0.6899154265624999 0.4296192953125 0.6754141859375 0.42780778750000004 0.6562517359375 0.42521974218749997 0.6414915671875 0.417972965625 0.6300974703125 0.41098511875000004 0.61896255 0.402185515625 0.6153373015625 0.37941021875000003 0.6212931546875 0.376822171875 0.615855159375 0.3240248015625 0.6308745046875 0.3170369546875 0.6376071421875 0.3118608625 0.6515905265625 0.3033201890625 0.6528854171875 0.28494469218749996 0.6603950890625 0.26941592187499996 0.660912946875 0.2663102671875 0.6676455859375 0.2673454859375 0.6805932546875 0.2688983140625 0.6943177078125 0.272262896875 0.7041579859375 0.27925074375 0.713998015625 0.28649752031250003 0.71710540625 0.3188487109375 0.708301090625 0.3237661203125 0.7080421625 0.32816592187500004 0.716846478125 0.3403298609375 0.722543403125
1 0.2528521828125 0.6917068453125 0.256475446875 0.6958501984375001 0.2585458828125 0.7018060515625 0.25776959375 0.707244046875 0.2533697921875 0.7137177578125 0.246123015625 0.7207095734375 0.2525932546875 0.7414255953125 0.25699305625 0.7468635906250001 0.2766626984375 0.7357286703125 0.289603175 0.727701140625 0.2927088296875 0.718637896875 0.27821552656250004 0.7139766859375001 0.27174528750000004 0.7018060515625 0.266569196875 0.6883405265625 0.265792659375 0.676428571875 0.265792659375 0.670731646875 0.2650161203125 0.6655525796874999 0.2575106640625 0.6637400796875 0.247158234375 0.664516865625 0.23835887968749997 0.66866021875 0.23059449375000002 0.67150868125 0.21868923593749998 0.680571925 0.21454836249999998 0.6883405265625 0.21092485156250002 0.6945553078125 0.2098896328125 0.7049134421875001 0.20911334374999999 0.7131999015625 0.2114424609375 0.722004215625 0.22024206406250002 0.73080853125 0.23162971250000003 0.7380592765625 0.233959078125 0.7409077374999999 0.238617559375 0.7458278765624999 0.24638194375000003 0.7486763390625 0.2541463296875 0.7476406250000001 0.24560540625 0.72614756875 0.2443115078125 0.72122743125 0.2430173609375 0.7194146828125 0.23991170624999997 0.7106103671875 0.23913516875 0.702841765625 0.24767584375 0.6917068453125 0.2528521828125 0.6917068453125
1 0.3480942453125 0.5581941968749999 0.355599703125 0.5460233140625 0.3587053578125 0.5356654265625 0.3561173109375 0.527896825 0.3431768359375 0.5118417656250001 0.3343772328125 0.506144840625 0.3343772328125 0.4963045640625 0.3237661203125 0.485946428125 0.3139313 0.4867234625 0.30357886875 0.48931274843750006 0.2921912203125 0.497340278125 0.2784744546875 0.507957340625 0.2681220234375 0.523235615625 0.26527504999999996 0.530486359375 0.264757440625 0.5429159218749999 0.2660515875 0.5488717765625 0.27925074375 0.5594888390625 0.28132118125 0.5579352671875 0.28494469218749996 0.5576061515624999 0.312378471875 0.5809818953125 0.3250602671875 0.57606175625 0.3359303078125 0.5677752968750001 0.3480942453125 0.5581941968749999
1 0.407584325 0.5153345734375 0.409502728125 0.5076564984374999 0.40125347187499993 0.49076512968749997 0.39242881875 0.4890376984375 0.382644840625 0.4848147328125 0.3707504953125 0.48462276718749997 0.3598154765625 0.48846180625 0.353868303125 0.49786731093750003 0.34964781718750004 0.50612103125 0.350415178125 0.5126473218750001 0.3513745046875 0.5209010421875 0.3557869546875 0.526467509375 0.3594317953125 0.53241790625 0.36307688437499996 0.5383683031250001 0.3671056546875 0.540863590625 0.3719015375 0.5471356640625 0.3989513890625 0.5462380953125 0.41276413749999996 0.526467509375 0.4119967765625 0.52109300625 0.407584325 0.5153345734375
1 0.264990328125 0.5282681046875 0.2692904265625 0.5208583828125 0.28529613125000003 0.5031708828125 0.297957340625 0.4924146828125 0.3101408734375 0.4866783234375 0.2996297125 0.48285391874999994 0.3084685015625 0.455605159375 0.304407490625 0.4515419140625 0.307512896875 0.4455662203125 0.3125297625 0.44723958281250004 0.315157490625 0.4391125984375 0.31300744062499997 0.433137153125 0.29986855156250003 0.428356646875 0.286012896875 0.42333730156250005 0.2812348703125 0.42333730156250005 0.2776515375 0.43359548593749997 0.280518353125 0.4398100203125 0.2795627484375 0.44482961249999997 0.2733514390625 0.4438735125 0.262840278125 0.46729761875 0.2513735125 0.46729761875 0.2489846234375 0.4759025296875 0.2516123515625 0.47877083281250005 0.23942906718749998 0.5165364578125 0.2430124015625 0.5201217765624999 0.24181795625000002 0.52466319375 0.2320233140625 0.5650580359374999 0.2446845234375 0.5674481640625 0.26140699375 0.5722286703125 0.262840278125 0.5679263390625 0.27120163750000004 0.5581262406249999 0.2740682046875 0.5576679062500001 0.2659459328125 0.5471510421875 0.264990328125 0.5282681046875
1 0.27108829375 0.5767239578125001 0.2752911703125 0.587825396875 0.28100694375 0.5932078375 0.289748759375 0.5948898812500001 0.2993311015625 0.59371255 0.306559771875 0.585638640625 0.30891319375 0.57806944375 0.2976498015625 0.567809028125 0.2961369046875 0.5752100687499999 0.2947919140625 0.5795833328125 0.2929427078125 0.5832837296875 0.28789955312500004 0.5847976187499999 0.2833603671875 0.5853023312500001 0.28083878906250004 0.583115575 0.2786532734375 0.577228421875 0.2789895828125 0.572855159375 0.28302430625 0.56696800625 0.28638640937500004 0.5656225203125 0.2858821921875 0.5625947421874999 0.2818474703125 0.5595672125 0.2766359125 0.5624265875 0.27159275781250003 0.567809028125 0.27108829375 0.5767239578125001
1 0.349787946875 0.40400322343750006 0.349787946875 0.3924692453125 0.34338368125 0.3818963296875 0.3286540171875 0.3745275296875 0.32417113125 0.372284721875 0.3200084328125 0.3665178578125 0.3126436015625 0.365876984375 0.3039977671875 0.363634425 0.29343080312500003 0.3661974203125 0.28958829375 0.36940128906249997 0.2809427078125 0.3876634421875 0.278701140625 0.398556546875 0.2793415171875 0.405925346875 0.2819032734375 0.4181001984375 0.285745784375 0.42578943437500005 0.297913690625 0.426430059375 0.3041579859375 0.421877728125 0.32417113125 0.43027480156250003 0.3385806046875 0.4267504953125 0.346265625 0.41393502031249996 0.349787946875 0.40400322343750006
1 0.521985615625 0.2221001984375 0.5159360125 0.21147073437500002 0.5123945937500001 0.20778000937500002 0.5082633921874999 0.2051225203125 0.496606646875 0.2111755953125 0.489671875 0.21412822343750001 0.488934028125 0.21619494062500003 0.48376984062500006 0.21383283749999998 0.47624479218750004 0.21973809531250002 0.4741790671875 0.22357663749999998 0.4833271328125 0.2346490578125 0.488934028125 0.24778819375 0.4951312 0.255169890625 0.49793477187499996 0.254726934375 0.5004432046875 0.25206944375 0.5227232140625 0.23435367031249998 0.5240513390625 0.23494419687499998 0.52596949375 0.23361557500000002 0.521985615625 0.2221001984375
1 0.5661780750000001 0.2531736109375 0.5722217265625 0.2485376984375 0.5865248015625 0.23583928593749998 0.5903521828125 0.2299938 0.5943812 0.2235438984375 0.5913596234375 0.2120548109375 0.5839057546875 0.20459722187499998 0.5772579359375001 0.20197668593749998 0.571415921875 0.201775296875 0.5466374015625 0.21790029687499998 0.537169146875 0.2211252484375 0.5264923109375 0.22938913749999998 0.5252834828124999 0.2346297125 0.498893353125 0.25397966250000004 0.49969915625 0.2618407734375 0.5039298109375 0.2709109625 0.5127936515625 0.2765548109375 0.5170240578125 0.27857043593749997 0.520247271875 0.2779655265625 0.535960565625 0.2711125984375 0.5470401781249999 0.2636547625 0.5548968249999999 0.26385639843750003 0.5661780750000001 0.2531736109375
1 0.4905858140625 0.12736631874999998 0.505408234375 0.13002256875 0.506735615625 0.12581671562500002 0.5270890374999999 0.12227505000000001 0.545451140625 0.1121111109375 0.5469999999999999 0.103699653125 0.5463360609375 0.0961736109375 0.5184610609375 0.088869046875 0.516469990625 0.0758092765625 0.50208978125 0.07204613125 0.49633779687499996 0.07735863125 0.4700900296875 0.069639384375 0.465501240625 0.0603033234375 0.45846478125 0.055558779687500004 0.4477571921875 0.052804067187500005 0.4425885421875 0.0563764875 0.4261599703125 0.054527281250000004 0.42040972187500003 0.0571984125 0.41260615156249997 0.0715813484375 0.41116865156250004 0.08843005937500001 0.4165079359375 0.10342956406249999 0.42472222187500003 0.1075391859375 0.43868675625 0.1102103171875 0.4518298609375 0.11469345312499998 0.46448040625000003 0.11519196406250001 0.47908159687499996 0.11187152812500001 0.4905858140625 0.12736631874999998
1 0.48063020781250004 0.11165029687500001 0.461383184375 0.11806944374999999 0.4485515875 0.12382465312499999 0.44501190468749996 0.12271800625 0.442799603125 0.1229392359375 0.4374900796875 0.12471006874999999 0.4297470234375 0.1282517359375 0.42311011875000004 0.1302438 0.419127728125 0.12736631874999998 0.4158092765625 0.1202829859375 0.4149243546875 0.1149704859375 0.41713665625 0.1070017359375 0.400101934375 0.078447171875 0.3908100203125 0.073798859375 0.37643005937499996 0.073134671875 0.3609437 0.0793325890625 0.35408556562500004 0.0899575890625 0.3518732640625 0.10168923593750001 0.35364310468750004 0.107887153125 0.359173859375 0.12006175625 0.3680233140625 0.1362204859375 0.375323909375 0.14153298593750002 0.38196081406250004 0.152821925 0.3914737109375 0.172522321875 0.4074025296875 0.18735317499999998 0.42311011875000004 0.1835900296875 0.45341865156249994 0.16920213281250002 0.45540997031249997 0.161676090625 0.4649228671875 0.154371528125 0.47133854218750004 0.14994444375 0.489037203125 0.139762153125 0.4923556546875 0.13599900781250002 0.48815228125 0.125152778125 0.48063020781250004 0.11165029687500001
1 0.392267609375 0.0719923109375 0.3987991078125 0.078880953125 0.40674305625 0.0871822921875 0.40762574375 0.08382638906249999 0.4070959828125 0.0753482140625 0.4018000984375 0.06386755937500001 0.395974703125 0.056802331250000004 0.38856026718750003 0.0543296125 0.3754970234375 0.055565971874999995 0.3689655265625 0.064044146875 0.369141865625 0.07358209375 0.3760267859375 0.0732286703125 0.38079290625 0.07216889843749999 0.392267609375 0.0719923109375
1 0.42179613125 0.043642609375 0.4261287203125 0.0521321921875 0.434433284375 0.053216021875 0.45122296562499997 0.0519516375 0.46024950468750003 0.055022321875 0.462777034375 0.0555642359375 0.4586247515625 0.039126735937500004 0.4546530265625 0.02160540625 0.45284771875 0.0048067953125 0.4521254953125 0 0.42287921562499997 0.000652034375 0.4263092765625 0.0129350203125 0.42233755000000006 0.02666319375 0.421615575 0.0338883921875 0.42179613125 0.043642609375
1 0.4653435015625 0.052561259375 0.47383060468749993 0.0668278765625 0.49250297656250003 0.073621528125 0.49827430625 0.070224703125 0.5101567453125 0.07226289687500001 0.52271800625 0.078376984375 0.5590438984375 0.07599925625000001 0.5634573406250001 0.0909451890625 0.6075915171874999 0.1201579859375 0.6374672625 0.1187991078125 0.6469729656250001 0.10657068437499999 0.6608923609375 0.1055515875 0.7033291171875 0.10860863125 0.7172482640625 0.10079613125 0.7260751484375 0.0831326890625 0.742710565625 0.0512026296875 0.7518767359375 0.0029677578125 0.45278199375000006 0 0.4575349703125 0.024423859375000002 0.4653435015625 0.052561259375
5 0.346478175 0.2643849203125 0.3519345234375 0.2619047625 0.37599206406249996 0.2490079359375 0.377976190625 0.24677579375 0.3831845234375 0.24404761874999997 0.3829365078125 0.2366071421875 0.38169642812500004 0.23263888906250002 0.372519840625 0.215277778125 0.3643353171875 0.203125 0.3576388890625 0.196924603125 0.35044642812500004 0.1984126984375 0.3454861109375 0.197420634375 0.3415178578125 0.1989087296875 0.3266369046875 0.20882936562499999 0.3231646828125 0.21279761874999997 0.31944444375000003 0.22048611093749998 0.31919642812500004 0.22445436562499999 0.32118055624999997 0.22867063437500001 0.34325396874999997 0.2636408734375 0.346478175 0.2643849203125
5 0.3848541671875 0.3476361609375 0.38876488125 0.35489905781250003 0.392955109375 0.3529437 0.39379290624999996 0.34847420625000003 0.39630704375 0.33227256875 0.38876488125 0.3280825890625 0.39127901718749997 0.3250099203125 0.39630704375 0.3236130953125 0.3985419140625 0.31970238125 0.399100446875 0.31635044687499997 0.396586309375 0.31216021875 0.39630704375 0.303221478125 0.3993797125 0.2967966265625 0.4058045640625 0.29065128906250004 0.40608382968749995 0.2803157234375 0.4024526296875 0.2766842765625 0.4024526296875 0.26914211250000003 0.3954689984375 0.262717509375 0.38261954375 0.2590860609375 0.3700493546875 0.2576892359375 0.363065971875 0.2576892359375 0.3580376984375 0.259365328125 0.3521716265625 0.2629967765625 0.35161309531249996 0.27053893906250004 0.344908978125 0.309366815625 0.3502162703125 0.31718824375 0.3457470234375 0.32277505 0.344908978125 0.3303172125 0.34379141875 0.33478670625 0.34239484062500003 0.3454015375 0.342115575 0.3465188484375 0.342115575 0.34847420625000003 0.344908978125 0.3493122515625 0.34881969218750003 0.3420493546875 0.35887574375 0.340652778125 0.37228397812499997 0.342608134375 0.3848541671875 0.3476361609375
5 0.3580376984375 0.3896765875 0.36641790625000004 0.3910731640625 0.37675347187499997 0.389397321875 0.37870882968749997 0.38660391875 0.37675347187499997 0.3801790671875 0.3761946921875 0.3751510421875 0.37675347187499997 0.3695642359375 0.3708874015625 0.3667708328125 0.357199653125 0.3636981640625 0.34630555625000004 0.366212053125 0.34546750937500004 0.36928497031249996 0.3440709328125 0.3782237109375 0.34742286718750004 0.384369046875 0.351054315625 0.38827976249999996 0.3580376984375 0.3896765875
5 0.4722869546875 0.3905146328125 0.4756391375 0.3935873015625 0.48150520781250006 0.395542659375 0.48625396875 0.3997326390625 0.48820932499999997 0.405040178125 0.49239930625 0.409230159375 0.4974275796875 0.4150962296875 0.507204365625 0.4206830359375 0.514746528125 0.41872767812499995 0.5236852671875 0.41230282812499996 0.5295513390625 0.4047609125 0.531506696875 0.40196750937500003 0.5317859625 0.3952633921875 0.5281545140625 0.39023536718749996 0.52619915625 0.3854866078125 0.52256795625 0.378782490625 0.5153050593749999 0.3745922625 0.5111150796875 0.3743129953125 0.5083216765625 0.36593278749999997 0.47368377968750003 0.328222221875 0.47508035781249996 0.3212388390625 0.46753819375 0.318724703125 0.4686557546875 0.30838913749999997 0.44575 0.28408680625 0.4404424609375 0.28296949374999997 0.4365317453125 0.278779265625 0.4256376484375 0.2773826890625 0.4150228171875 0.2818521828125 0.4058045640625 0.290790921875 0.39882118125 0.2983330859375 0.3954689984375 0.3079702375 0.396586309375 0.31299826406250003 0.4002177578125 0.31970238125 0.3999384921875 0.325568453125 0.41977157812500004 0.3473568953125 0.430944940625 0.3507088296875 0.43681101250000004 0.349870784375 0.4407217265625 0.35461954375000004 0.441001240625 0.3585302578125 0.4362524796875 0.3632790171875 0.4382078375 0.3660724203125 0.435414434375 0.3683072921875 0.4298276296875 0.37110069375 0.42005084375 0.3794806546875 0.4080391859375 0.39205084375 0.4180954859375 0.4021071421875 0.42871031718749997 0.41467733124999995 0.43848710312500006 0.41328075468750003 0.44826388906250003 0.40573859062500006 0.459158234375 0.3944950390625 0.4613928578125 0.3921907234375 0.4630689484375 0.3961014390625 0.4722869546875 0.3905146328125
5 0.4449119546875 0.5259236109375001 0.450498759375 0.5281584828125 0.45832018906250005 0.5032973703125 0.46446552656250006 0.48681646875 0.4619516375 0.48067088281250003 0.45999603125000005 0.4773189484375 0.45999603125000005 0.47480481093750004 0.460834078125 0.47312872031250003 0.46893502031249995 0.47424627968750005 0.47508035781249996 0.46921800625000004 0.477315228125 0.4563685515625 0.4720076890625 0.44910565468749997 0.46753819375 0.4457537203125 0.47061111093749997 0.44072569375 0.4739630453125 0.4298313484375 0.47619766874999997 0.42200992031249995 0.471448909375 0.4186579859375 0.4767564484375 0.41754042656249996 0.478991071875 0.4125124015625 0.47452182499999995 0.407763640625 0.46614161718749997 0.4041321921875 0.4574821421875 0.4021768359375 0.4530126484375 0.40161830312499996 0.44798462343749995 0.4055290171875 0.44798462343749995 0.4083224203125 0.45133680624999994 0.412233134375 0.446587796875 0.413350446875 0.4404424609375 0.43178670625000004 0.44295659687500005 0.4362562 0.4382078375 0.4387703375 0.42926884843749996 0.4387703375 0.423402778125 0.447150296875 0.42033010937500004 0.4569270828125 0.42926884843749996 0.46307266875 0.42647569374999994 0.47033531718750005 0.420609375 0.47061483125 0.41530208281250003 0.4862576890625 0.41586086250000004 0.4884923109375 0.40775992031249997 0.516426090625 0.4150228171875 0.518381696875 0.41893353125 0.5169848703125 0.430665675 0.5200575390625 0.439883928125 0.5228509421875 0.4449119546875 0.5259236109375001
1 0.734375 0.303075396875 0.7447916671875 0.2991071421875 0.747271825 0.297123015625 0.7616567453124999 0.2983630953125 0.765376984375 0.29786706406249996 0.7708333328125 0.3005952375 0.7797619046875 0.30282738125 0.7884424609375 0.31200396874999997 0.791170634375 0.3125 0.794394840625 0.31696428593750003 0.797123015625 0.3174603171875 0.7986111109375 0.3142361109375 0.80009920625 0.29737103125000003 0.803075396875 0.2884424609375 0.8045634921874999 0.278521825 0.8110119046875001 0.25595238125 0.812251984375 0.2477678578125 0.81200396875 0.2398313484375 0.8107638890625 0.2358630953125 0.806299603125 0.22842261874999997 0.800347221875 0.2234623015625 0.7929067453124999 0.2227182546875 0.7797619046875 0.2172619046875 0.769097221875 0.2172619046875 0.7589285718750001 0.21924603125000003 0.747519840625 0.22693452343749998 0.7425595234375 0.23239087343749998 0.7413194437499999 0.2366071421875 0.7259424609375 0.2981150796875 0.7269345234375 0.3072916671875 0.7299107140625 0.3087797625 0.734375 0.303075396875
1 0.7209821421875 0.381200396875 0.7170138890625 0.3923611109375 0.71552579375 0.40426587343750003 0.71825396875 0.41195436562500004 0.7251984125 0.41617063437499996 0.7358630953125 0.4203869046875 0.7514880953125 0.41989087343750003 0.756200396875 0.41617063437499996 0.7614087296875 0.40823412656249997 0.762896825 0.39930555624999997 0.764880953125 0.3960813484375 0.76612103125 0.388144840625 0.7678571421875 0.384920634375 0.7668650796875001 0.3821924609375 0.7693452375 0.377976190625 0.7708333328125 0.37847222187499996 0.7735615078125 0.37549603125000003 0.7790178578125 0.3730158734375 0.78075396875 0.36805555624999997 0.7832341265625 0.36532738125 0.78447420625 0.3616071421875 0.7832341265625 0.35615079375 0.7854662703125 0.3551587296875 0.7857142859375 0.353174603125 0.7827380953125 0.343998015625 0.78075396875 0.3415178578125 0.7802579359374999 0.337549603125 0.7745535718750001 0.33407738125 0.768353175 0.328373015625 0.756200396875 0.3229166671875 0.75049603125 0.32142857187499996 0.7423115078125 0.32366071406249997 0.7385912703125 0.3231646828125 0.7361111109375 0.32465277812500004 0.7299107140625 0.32465277812500004 0.7269345234375 0.32762896874999997 0.7207341265625 0.341269840625 0.715773809375 0.35342261875 0.715277778125 0.3576388890625 0.715277778125 0.365079365625 0.7207341265625 0.3702876984375 0.7256944437499999 0.3727678578125 0.7209821421875 0.381200396875
1 0.21155753906250002 0.6855158734375 0.2172619046875 0.681795634375 0.2197420640625 0.6765873015625 0.228174603125 0.671626984375 0.2366071421875 0.6698908734375 0.2522321421875 0.6634424609375 0.262896825 0.6629464281249999 0.2730654765625 0.658730159375 0.2748015875 0.65674603125 0.2765376984375 0.65674603125 0.278769840625 0.658978175 0.2889384921875 0.6552579359374999 0.2988591265625 0.6545138890625 0.3072916671875 0.6480654765625 0.3107638890625 0.646825396875 0.314980159375 0.6386408734375 0.3226686515625 0.630704365625 0.32118055624999997 0.6267361109375 0.3177083328125 0.6230158734375 0.31349206406249996 0.6160714281249999 0.309771825 0.603670634375 0.30927579375 0.5984623015625 0.30803571406249997 0.5974702375 0.3053075390625 0.5977182546875001 0.3015873015625 0.599454365625 0.2671130953125 0.618799603125 0.263144840625 0.622519840625 0.259920634375 0.6304563484375 0.2549603171875 0.63467261875 0.25049603125000003 0.6364087296875 0.2477678578125 0.639880953125 0.2398313484375 0.6453373015625 0.23635912656250002 0.646329365625 0.22544642812500001 0.65302579375 0.22197420625 0.656001984375 0.212549603125 0.6579861109375 0.2085813484375 0.6607142859375 0.2046130953125 0.674603175 0.2041170640625 0.677579365625 0.2073412703125 0.68154761875 0.20833333281250002 0.6855158734375 0.21155753906250002 0.6855158734375
1 0.345225446875 0.5971726187499999 0.3414858625 0.5851530265625 0.33961631875 0.5776741078125001 0.345759671875 0.5734005453125001 0.34121875 0.5712638890624999 0.3267953875 0.5782083328125001 0.3235900296875 0.5875570437500001 0.3235900296875 0.5950357140625 0.3275967265625 0.6070553078125001 0.33374007968749997 0.6158697921875 0.3409516375 0.6236158234375 0.3414858625 0.6252182546875 0.36632638906250004 0.6182735609375001 0.36392237031249997 0.6150684531249999 0.35323834375 0.6086579859375 0.345225446875 0.5971726187499999
1 0.3941049109375 0.592164434375 0.393303571875 0.5854868546875001 0.3900984625 0.5761383921875 0.38635912656250004 0.5705292656250001 0.38075000000000003 0.5638516859375 0.376476190625 0.56171478125 0.3700657234375 0.56144766875 0.3689975203125 0.5665228171875001 0.3689975203125 0.5702621531250001 0.3695314984375 0.5732001484375 0.3697986109375 0.5761383921875 0.38235243125 0.5940342265624999 0.38742733125 0.5988420140625 0.3906326890625 0.5964379953125001 0.3941049109375 0.592164434375