3 0.845247271875 0.4702693453125 0.8401108625000001 0.47222693437499996 0.835953125 0.47540798593750005 0.8352192453124999 0.477120784375 0.8298385421875001 0.510889384375 0.8611450890624999 0.510889384375 0.8628571421875 0.5084424609375 0.88853819375 0.5086870046875 0.88853819375 0.5111341765625 0.9002780265625001 0.51186805625 0.90419146875 0.5285076890625 0.9078601187500001 0.5311994046875 0.9120181046875 0.553956596875 0.9110396828124999 0.5556693953125 0.9143504468750001 0.5714325390624999 0.9988444937500001 0.5933531750000001 0.9990890374999999 0.505505953125 0.85600868125 0.4732056046875 0.845247271875 0.4702693453125
3 0.9034575890625 0.5302207343750001 0.8897611609375 0.530465278125 0.8944079859375 0.55371180625 0.9112842265625 0.5544459328125 0.9034575890625 0.5302207343750001
3 0.8635907734374999 0.510889384375 0.867259425 0.524592509375 0.8902502484375001 0.524103175 0.8875597718750001 0.51064459375 0.8635907734374999 0.510889384375
3 0.7877802578125 0.86255381875 0.7885771328125 0.8662740578125 0.7962795140625001 0.8660084328125001 0.7957482640625 0.859630953125 0.7941547625 0.8561763390625 0.7928266374999999 0.8513931046875 0.78485863125 0.8505959828125 0.78538988125 0.8564419640625 0.7816713796875 0.8535190968749999 0.7782185015625 0.84528125 0.7378467265624999 0.8460786203125 0.7378467265624999 0.8527217265625 0.742096478125 0.8572393359375001 0.741033978125 0.859896578125 0.7399717265625 0.8609595734375001 0.742627728125 0.8681341765624999 0.7822026296875 0.8678685515625 0.7822026296875 0.8588335812500001 0.7867177578125 0.8583020828124999 0.7877802578125 0.86255381875
3 0.40029761875 0.5138888890625 0.4010416671875 0.503472221875 0.3998015875 0.5009920640625001 0.396825396875 0.5 0.38467261875 0.49950396875 0.377728175 0.5009920640625001 0.3764880953125 0.50322420625 0.37549603125000003 0.513144840625 0.3769841265625 0.514880953125 0.39732142812500004 0.51512896875 0.40029761875 0.5138888890625
3 0.3792162703125 0.521825396875 0.3769841265625 0.5210813484375 0.365079365625 0.5210813484375 0.3630952375 0.5245535718750001 0.3616071421875 0.543898809375 0.3769841265625 0.544394840625 0.3789682546875 0.5421626984375 0.3792162703125 0.521825396875
4 0.0560411703125 0.3468095234375 0.0576872515625 0.345633928125 0.0753216765625 0.35174702343750003 0.07908358125 0.35151190468750004 0.0823754953125 0.3489255953125 0.178071925 0.3710267859375 0.3036297125 0.40253273749999996 0.4191436015625 0.43083358125000004 0.558565228125 0.4646907234375 0.7045047125 0.5001937 0.74 0.509129215625 0.8296778281250001 0.5093643359375 0.8294427078125001 0.5053673109375 0.30762797656249996 0.38240005 0.07915997031250001 0.3270610125 0.0810411703125 0.3263556546875 0.057528521875 0.320242559375 0.054236607812500004 0.3160104171875 0.0132490078125 0.30519494062499997 0.012778770312500002 0.30613541718750004 0.000006448437499999999 0.30613541718750004 0.0000037203125 0.3315297625 0.0127780265625 0.3390505953125 0.014188740624999998 0.34257738125000003 0.051809028125 0.3526875 0.0560411703125 0.3468095234375
4 0.63099925625 0.4074975203125 0.631292659375 0.4136579859375 0.6430267859375001 0.414537946875 0.6433201890625 0.41219122031250005 0.64361334375 0.40603075468750005 0.6799890875 0.12676016875 0.6694283234375 0.1258799609375 0.6339327875 0.4010438984375 0.63099925625 0.4074975203125
4 0.6946438484375 0.43316145781250004 0.9797217265624999 0.4823462296875 0.98565550625 0.47970882968749995 0.9996329359375 0.4826098703125 0.999751984375 0.47641245000000004 0.784974703125 0.4389635421875 0.6428273812499999 0.41562400781250003 0.445298115625 0.3805486109375 0.45730555624999997 0.391625 0.5763715281249999 0.412722965625 0.6946438484375 0.43316145781250004
4 0.2559094734375 0.2383826890625 0.2571071421875 0.25035962343749996 0.2571071421875 0.254751240625 0.25810540625 0.2611391375 0.26050074375 0.2661294640625 0.1988189484375 0.2982678578125 0.1984196421875 0.2930778765625 0.1972219734375 0.27511235156249997 0.1990186015625 0.2655307546875 0.201613590625 0.2497609125 0.223571428125 0.125 0.2146907234375 0.1250947421875 0.1927095734375 0.2416334328125 0.1874037703125 0.2763107640625 0.1872142859375 0.28976488125 0.194225446875 0.3378015875 0.2030369546875 0.3310744046875 0.2000049609375 0.3089037703125 0.260269840625 0.2760265375 0.261027778125 0.281521825 0.26249702343750003 0.28229861093749997 0.2658903765625 0.2824982640625 0.2672876984375 0.2970701890625 0.2842552078125 0.28948487031250003 0.28126091249999996 0.2595421625 0.28245858125 0.258544146875 0.28166021875 0.251956596875 0.28046255000000003 0.2493616078125 0.2670880453125 0.125 0.250519840625 0.125 0.261099703125 0.23678571406249999 0.2559094734375 0.2383826890625
4 0.130876984375 0.339258184375 0.17898834375 0.3507802578125 0.1853209328125 0.344711309375 0.130876984375 0.339258184375