2 0.5481150796875001 0.3258928578125 0.5518353171875 0.32862103125000003 0.560019840625 0.3382936515625 0.5704365078125 0.3457341265625 0.5716765875 0.349454365625 0.575396825 0.3519345234375 0.6386408734375 0.41815476250000005 0.65625 0.439980159375 0.6651785718750001 0.453373015625 0.668898809375 0.456101190625 0.6773313484375 0.44742063437499996 0.68427579375 0.437251984375 0.6857638890625 0.4322916671875 0.6857638890625 0.4273313484375 0.6832837296875 0.422123015625 0.6768353171875 0.419146825 0.674355159375 0.4144345234375 0.6649305562500001 0.40575396875 0.6607142859375 0.396329365625 0.6584821421875 0.39384920625 0.6584821421875 0.3888888890625 0.6602182546875001 0.384424603125 0.6703869046875 0.372519840625 0.6768353171875 0.3675595234375 0.6805555562500001 0.36631944375000003 0.6862599203124999 0.36259920625 0.6889880953125 0.359126984375 0.6976686515625 0.35243055624999997 0.6986607140625 0.349454365625 0.6922123015625 0.34052579375 0.662450396875 0.3075396828125 0.655505953125 0.29737103125000003 0.6510416671875 0.294146825 0.6423611109375 0.29637896874999997 0.6386408734375 0.2983630953125 0.6334325390625 0.3043154765625 0.6297123015625 0.30555555624999997 0.627976190625 0.3075396828125 0.6185515875 0.309523809375 0.615575396875 0.315228175 0.6014384921875 0.31944444375000003 0.59697420625 0.318700396875 0.59052579375 0.311755953125 0.5868055562500001 0.313244046875 0.57862103125 0.312251984375 0.575644840625 0.30654761875 0.5726686515625 0.3048115078125 0.5704365078125 0.3018353171875 0.5694444437499999 0.2986111109375 0.560019840625 0.2929067453125 0.5538194437499999 0.2948908734375 0.543402778125 0.3072916671875 0.5404265875 0.309523809375 0.5399305562500001 0.3144841265625 0.5414186515625 0.3179563484375 0.5451388890625 0.3201884921875 0.5481150796875001 0.3258928578125
2 0.3085317453125 0 0.30133928593750003 0.0054563484374999995 0.3018353171875 0.0076884921875 0.3050595234375 0.0091765875 0.3043154765625 0.01240079375 0.30009920625 0.0146329359375 0.2991071421875 0.0166170640625 0.3008432546875 0.052827381250000006 0.30357142812500004 0.056795634375 0.3020833328125 0.060019840625 0.3010912703125 0.0674603171875 0.30381944375000003 0.075396825 0.3020833328125 0.07862103125 0.3015873015625 0.084325396875 0.30902777812500004 0.10912698437499999 0.30902777812500004 0.1547619046875 0.3102678578125 0.18700396875 0.306795634375 0.2085813484375 0.3070436515625 0.2175099203125 0.3060515875 0.2202380953125 0.306299603125 0.2333829359375 0.30555555624999997 0.2358630953125 0.3070436515625 0.2792658734375 0.30803571406249997 0.2832341265625 0.3125 0.2914186515625 0.312748015625 0.2948908734375 0.3196924609375 0.3018353171875 0.32762896874999997 0.30381944375000003 0.328869046875 0.30381944375000003 0.330605159375 0.3015873015625 0.3345734125 0.303075396875 0.33506944375000003 0.3060515875 0.3365575390625 0.3077876984375 0.343005953125 0.3110119046875 0.35243055624999997 0.312251984375 0.3581349203125 0.31200396874999997 0.3611111109375 0.31299603125000003 0.380704365625 0.31150793593750004 0.38368055624999997 0.312251984375 0.3958333328125 0.31200396874999997 0.4047619046875 0.3102678578125 0.42609127031250005 0.2953869046875 0.42782738125 0.29365079375 0.43030753906249997 0.28720238125 0.4325396828125 0.2728174609375 0.4325396828125 0.23611111093749998 0.43353174531249994 0.231398809375 0.43179563437499996 0.21825396874999997 0.43303571406249997 0.21626984062500001 0.4424603171875 0.21825396874999997 0.44890872968749995 0.2177579359375 0.4518849203125 0.2165178578125 0.45709325468750006 0.218998015625 0.46031746093750003 0.21825396874999997 0.46875 0.21924603125000003 0.4779265875 0.218998015625 0.48090277812500004 0.21800595312499998 0.487351190625 0.21056547656250002 0.49280753906249997 0.2016369046875 0.49404761875 0.19717261875 0.4982638890625 0.18923611093749998 0.497519840625 0.1860119046875 0.4987599203125 0.1825396828125 0.4990079359375 0.1741071421875 0.5014880953125 0.161954365625 0.5009920640625001 0.1577380953125 0.497271825 0.153273809375 0.4990079359375 0.1488095234375 0.49950396875 0.14409722187500001 0.49801587343750003 0.13467261875 0.49305555625 0.12673611093749998 0.48859127031250005 0.12574404687500002 0.48363095312500004 0.122271825 0.48115079375 0.12375992031250001 0.477678571875 0.12276785781249999 0.475446428125 0.1240079359375 0.468998015625 0.1240079359375 0.4672619046875 0.12251984062500001 0.4704861109375 0.11904761875 0.4613095234375 0.11805555625 0.45758928593750003 0.11532738125 0.4543650796875 0.11582341249999999 0.44593253906249997 0.112847221875 0.437748015625 0.1078869046875 0.43675595312500004 0.105902778125 0.4362599203125 0.10218253906250001 0.435019840625 0.10119047656249999 0.43675595312500004 0.093998015625 0.43973214218749995 0.09325396875 0.440228175 0.0915178578125 0.440228175 0.059523809375 0.44146825468750006 0.049851190625 0.440228175 0.0446428578125 0.4429563484375 0.0292658734375 0.44171627031250005 0.0248015875 0.44320436562500004 0.021825396875 0.444196428125 0.007192460937500001 0.44345238125 0 0.3085317453125 0
2 0.3112599203125 0.491071428125 0.31696428593750003 0.497023809375 0.3263888890625 0.49925595312500004 0.3943452375 0.531994046875 0.396329365625 0.534226190625 0.403769840625 0.536954365625 0.4077380953125 0.534722221875 0.419146825 0.5143849203124999 0.42237103125 0.5066964281249999 0.42609127031250005 0.5017361109375 0.424851190625 0.49404761875 0.41964285781250005 0.49032738125 0.41071428593750003 0.48660714218749995 0.4077380953125 0.484126984375 0.322420634375 0.440228175 0.3167162703125 0.44122023749999995 0.315228175 0.446924603125 0.3070436515625 0.46279761875 0.3015873015625 0.4791666671875 0.3020833328125 0.484126984375 0.306299603125 0.48759920625 0.3077876984375 0.49032738125 0.3112599203125 0.491071428125
2 0.299851190625 0.678075396875 0.315228175 0.687251984375 0.33159722187499996 0.7008928578125 0.334325396875 0.7018849203124999 0.3643353171875 0.7227182546875001 0.3787202375 0.734375 0.3928571421875 0.7435515875 0.4052579359375 0.73387896875 0.41195436562500004 0.7232142859375 0.4164186515625 0.71924603125 0.42137896875 0.71279761875 0.42906746093750003 0.7021329359374999 0.435019840625 0.6894841265625 0.443700396875 0.678075396875 0.44915674531249994 0.6669146828125 0.44866071406249997 0.6634424609375 0.44742063437499996 0.661954365625 0.44072420625 0.658730159375 0.43948412656249997 0.6542658734375 0.43427579375 0.650049603125 0.421626984375 0.6423611109375 0.4074900796875 0.637896825 0.3985615078125 0.6292162703125 0.3958333328125 0.627728175 0.3869047625 0.627480159375 0.3787202375 0.624255953125 0.37450396874999997 0.624751984375 0.37177579375 0.6237599203124999 0.3459821421875 0.593005953125 0.337549603125 0.5979662703125 0.3234126984375 0.6106150796875001 0.3105158734375 0.6269841265625 0.3015873015625 0.64112103125 0.296875 0.6542658734375 0.2926587296875 0.6582341265625 0.2931547625 0.6664186515625 0.299851190625 0.678075396875
2 0.5478670640625001 0.7423115078125 0.5550595234375 0.747519840625 0.5570436515625 0.75 0.5662202375 0.752976190625 0.5736607140625 0.7542162703125 0.5796130953125 0.7539682546875001 0.5922619046875 0.75 0.5989583328125 0.7447916671875 0.609623015625 0.7321428578125 0.6103670640625001 0.7296626984375 0.6108630953125 0.7207341265625 0.6081349203124999 0.715773809375 0.609375 0.7083333328125 0.6116071421875 0.7051091265625 0.606894840625 0.6939484125 0.6054067453124999 0.6986607140625 0.60342261875 0.6991567453124999 0.5925099203124999 0.6964285718750001 0.5830853171875 0.6959325390625 0.5803571421875 0.6946924609375 0.5729166671875 0.6939484125 0.565972221875 0.6917162703125 0.5550595234375 0.6922123015625 0.5481150796875001 0.6912202375 0.5458829359374999 0.6949404765625 0.544146825 0.705853175 0.541170634375 0.7135416671875 0.5401785718750001 0.7197420640625001 0.5404265875 0.728670634375 0.543898809375 0.7361111109375 0.5478670640625001 0.7423115078125
2 0.6029265875 0.6852678578125 0.606894840625 0.6884920640625001 0.612847221875 0.6857638890625 0.6200396828125 0.665674603125 0.6230158734375 0.6542658734375 0.622519840625 0.6498015875 0.6207837296875 0.64657738125 0.615575396875 0.64112103125 0.6054067453124999 0.639880953125 0.6021825390625 0.6426091265625 0.6041666671875 0.6443452375 0.6046626984375 0.6542658734375 0.5979662703125 0.6552579359374999 0.5949900796875001 0.6579861109375 0.5949900796875001 0.6696428578125 0.5992063484375 0.6738591265625 0.6009424609375 0.68154761875 0.6029265875 0.6852678578125
2 0.519097221875 0.5642361109375 0.5225694437499999 0.565972221875 0.525545634375 0.5689484125 0.5270337296875 0.5726686515625 0.5292658734375 0.575148809375 0.53075396875 0.5801091265625 0.5538194437499999 0.5830853171875 0.5572916671875 0.584325396875 0.5607638890625 0.587549603125 0.56299603125 0.5917658734375 0.5662202375 0.590773809375 0.5694444437499999 0.5917658734375 0.5714285718750001 0.5954861109375 0.5694444437499999 0.599454365625 0.5709325390625 0.6081349203124999 0.574652778125 0.6143353171875 0.5768849203124999 0.6163194437499999 0.57762896875 0.6207837296875 0.580605159375 0.622271825 0.5796130953125 0.6272321421875 0.5863095234375 0.6428571421875 0.5892857140625 0.6450892859375 0.603670634375 0.6324404765625 0.612351190625 0.615079365625 0.6160714281249999 0.6103670640625001 0.61904761875 0.6026785718750001 0.62822420625 0.5892857140625 0.6359126984375 0.575644840625 0.6391369046875 0.5744047625 0.6416170640625001 0.564980159375 0.646825396875 0.559771825 0.6478174609375 0.559771825 0.6510416671875 0.5491071421875 0.6540178578125 0.5448908734375 0.659226190625 0.533730159375 0.662450396875 0.531498015625 0.6636904765625 0.525545634375 0.6631944437499999 0.52157738125 0.65947420625 0.514880953125 0.6488095234375 0.5052083328125 0.6423611109375 0.5009920640625001 0.6364087296875 0.5 0.6269841265625 0.4952876984375 0.6133432546875001 0.4920634921875 0.610119046875 0.4898313484375 0.6014384921875 0.4908234125 0.5952380953125 0.49305555625 0.59424603125 0.49404761875 0.5947420640625001 0.49801587343750003 0.5885416671875 0.5019841265625 0.588045634375 0.505704365625 0.5820932546875001 0.515376984375 0.58134920625 0.521825396875 0.5791170640625001 0.5257936515625 0.5699404765625 0.53125 0.56845238125 0.53125 0.563244046875 0.5292658734375 0.556795634375 0.5297619046875 0.5483630953125 0.528273809375 0.5451388890625 0.525049603125 0.5424107140625 0.52529761875 0.5396825390625 0.5295138890625 0.5364583328125 0.53174603125 0.53125 0.5414186515625 0.5260416671875 0.5483630953125 0.5235615078125 0.5483630953125 0.519097221875 0.544394840625 0.512896825 0.5446428578125 0.509424603125 0.5421626984375 0.505704365625 0.5419146828125 0.502728175 0.546130953125 0.502480159375 0.549355159375 0.500744046875 0.553075396875 0.50049603125 0.55654761875 0.5022321421875 0.5605158734375 0.5079365078125 0.5642361109375 0.519097221875 0.5642361109375
2 0.300446428125 0.42107118125 0.306105903125 0.4357862109375 0.5245649796875 0.549543403125 0.547203125 0.511058284375 0.5692755453125 0.47823288750000004 0.573803075 0.44710515937500006 0.5177735609375 0.41541170625 0.5336202875 0.3786245046875 0.527394840625 0.344101190625 0.5087182546875 0.3203311015625 0.48325024843750003 0.3078799609375 0.4453311015625 0.305050346875 0.4198630953125 0.3203311015625 0.4000545640625 0.34353521875 0.3932631453125 0.33844171562500003 0.364965278125 0.32259499062499997 0.331573909375 0.3508928578125 0.30950173593749997 0.3865478671875 0.300446428125 0.42107118125
2 0.593045634375 0.30335243125 0.6179476687500001 0.3016545140625 0.633228421875 0.2948630953125 0.6530369546875 0.26033978125 0.656998759375 0.241097221875 0.6388881453125 0.1969526296875 0.62587103125 0.2388333328125 0.5358841765625 0.22468452343749998 0.5041904765624999 0.2620376984375 0.5098501984375 0.274488590625 0.5630498515625 0.2552462796875 0.57267113125 0.2580758921875 0.593045634375 0.30335243125
2 0.48664583281249996 0.2173271328125 0.4911736109375 0.2377016375 0.499662946875 0.2535483625 0.525130953125 0.22298660781250002 0.48664583281249996 0.2173271328125
2 0.6620922625000001 0.25864186562499997 0.6417177578125 0.2954290671875 0.6717135421875 0.277884425 0.6677517359375 0.26033978125 0.6620922625000001 0.25864186562499997