3 0.8272266859374999 0.45537574375 0.863267609375 0.4287740578125 0.9971341765625 0.3601245046875 0.999751984375 0.125 0.8769975203125 0.12585813437499999 0.7062318953125 0.20995386875 0.7637259421875 0.482835565625 0.8126386406250001 0.4785451390625 0.8272266859374999 0.45537574375
3 0.4748536703125 0.68065079375 0.5385327375 0.59745709375 0.5234687499999999 0.5758883921875 0.5108015875 0.5776001984375 0.48649404687500003 0.574519096875 0.46800644843750006 0.565275296875 0.449519096875 0.5526078875 0.43753645781249995 0.5389134421875 0.427265625 0.5193990578125 0.4224724703125 0.49680332343750006 0.41973363125 0.4961185515625 0.32353050625 0.5645905265625 0.313601934375 0.574519096875 0.307097221875 0.5868439984375 0.30470064531249996 0.6022502484375 0.3060701890625 0.617998759375 0.3125749015625 0.6402522328125 0.3269541171875 0.6611361609374999 0.3403060515625 0.67791170625 0.358451140625 0.6967415671875 0.3765962296875 0.7118055562500001 0.3937142859375 0.723445684375 0.40946279687500003 0.7313199406249999 0.4249642859375 0.7379707343749999 0.4470572921875 0.74360243125 0.4687170140625 0.74446875 0.4838787203125 0.7397036203125 0.49470858125 0.73277256875 0.5033725203125 0.7232423109375 0.507704365625 0.71241245 0.543659721875 0.6270729171875 0.540194196875 0.5993484625 0.475648065625 0.682955109375 0.4643849203125 0.6842547125 0.4401259921875 0.6773236609375 0.4258306046875 0.6664938 0.41630034687500006 0.6552306546875 0.40547048593749996 0.6344372515625001 0.4067700890625 0.6244737109375 0.4147508875 0.6150419703125001 0.42041840312499995 0.61286334375 0.44061755937499997 0.6303236609375 0.4532849703125 0.6447028765625 0.46663715312500004 0.663875 0.4748536703125 0.68065079375
0 0 0.5906217765624999 0.0187859625 0.58793824375 0.0344407234375 0.5839126984375 0.051884920312500006 0.578097965625 0.059488590625000004 0.5727306546875 0.03354613125 0.54678819375 0.0071564984375000005 0.519951140625 0 0.5038489578124999 0 0.5906217765624999
5 0.1435778765625 0.5722832343750001 0.148498015625 0.568705109375 0.1435778765625 0.559759425 0.089456596875 0.5874908234375 0.0764853671875 0.5852544640625 0.0653033234375 0.5767561999999999 0.061277778125 0.5749670140625 0.0474119546875 0.5807817453124999 0.0563576390625 0.621484375 0.129712053125 0.57765079375 0.1435778765625 0.5722832343750001
3 0.41461631875 0.652934771875 0.4210592765625 0.6612725687500001 0.4328080359375 0.670747271875 0.444556546875 0.6779481640625 0.45933730156249997 0.68249603125 0.47108606093749994 0.6843908734374999 0.4733598703125 0.6798430062499999 0.46767509843750005 0.666957340625 0.45706324374999996 0.6510396828125 0.4472095734375 0.6400491078125 0.4384928078125 0.628679315625 0.4290181046875 0.6203415171875 0.4195431546875 0.6138985609375001 0.409310515625 0.6210994546874999 0.40665749062499995 0.6298162203125 0.409310515625 0.6400491078125 0.41461631875 0.652934771875
3 0.5086805562500001 0.38740079375 0.515873015625 0.3990575390625 0.5198412703125 0.40252976250000005 0.5230654765625 0.40848214218749995 0.5327380953125 0.4164186515625 0.5483630953125 0.4268353171875 0.5610119046875 0.43353174531249994 0.568204365625 0.4357638890625 0.5761408734375 0.43675595312500004 0.5793650796875001 0.43824404687499996 0.596726190625 0.43973214218749995 0.615079365625 0.4387400796875 0.6443452375 0.43154761875 0.6507936515625 0.4270833328125 0.661954365625 0.421875 0.6889880953125 0.39930555624999997 0.7011408734375 0.384424603125 0.7103174609375 0.36805555624999997 0.71279761875 0.3608630953125 0.7167658734375 0.3554067453125 0.71924603125 0.34375 0.721230159375 0.3400297625 0.7256944437499999 0.3164682546875 0.72470238125 0.2956349203125 0.7229662703125 0.290674603125 0.7204861109375 0.287450396875 0.7167658734375 0.2638888890625 0.7108134921875 0.250744046875 0.708829365625 0.243799603125 0.7046130953125 0.24032738125000003 0.7011408734375 0.234126984375 0.6852678578125 0.21676587343749998 0.6731150796875001 0.2085813484375 0.6510416671875 0.1966765875 0.627976190625 0.193204365625 0.6230158734375 0.19444444375 0.6021825390625 0.19345238125 0.587549603125 0.19593253906250002 0.5796130953125 0.1984126984375 0.5647321421875 0.2043650796875 0.5486111109375 0.2132936515625 0.5401785718750001 0.2199900796875 0.536954365625 0.22445436562499999 0.527777778125 0.2299107140625 0.52529761875 0.2299107140625 0.5228174609375 0.234623015625 0.5173611109375 0.23958333281250002 0.515376984375 0.24280753906250002 0.5141369046875 0.25099206406249996 0.5081845234375 0.2641369046875 0.5049603171875 0.2671130953125 0.50049603125 0.27802579375 0.4952876984375 0.296875 0.49305555625 0.313244046875 0.49280753906249997 0.328373015625 0.493799603125 0.341021825 0.499751984375 0.3700396828125 0.5086805562500001 0.38740079375
3 0.259424603125 0.7795138890625 0.2676091265625 0.7822420640625001 0.2710813484375 0.7854662703125 0.2748015875 0.7864583328125 0.2762896828125 0.7884424609375 0.2792658734375 0.7899305562500001 0.2862103171875 0.7919146828125 0.291170634375 0.7921626984375 0.3010912703125 0.7822420640625001 0.30654761875 0.7797619046875 0.31200396874999997 0.7703373015625 0.3147321421875 0.769097221875 0.3204365078125 0.7604166671875 0.3390376984375 0.7388392859375 0.343998015625 0.7299107140625 0.349454365625 0.7251984125 0.349950396875 0.7224702375 0.3487103171875 0.7202380953125 0.3501984125 0.71875 0.35342261875 0.71825396875 0.35491071406249997 0.716021825 0.356894840625 0.7150297625 0.3581349203125 0.7105654765625 0.3613591265625 0.7078373015625 0.362103175 0.703373015625 0.3613591265625 0.700396825 0.3516865078125 0.6939484125 0.3474702375 0.6889880953125 0.344494046875 0.6875 0.34275793593750004 0.6830357140625 0.3360615078125 0.6765873015625 0.3293650796875 0.665674603125 0.32465277812500004 0.6609623015625 0.318204365625 0.6507936515625 0.31572420625 0.6493055562500001 0.31150793593750004 0.640873015625 0.3102678578125 0.639880953125 0.30654761875 0.639880953125 0.2986111109375 0.6416170640625001 0.296875 0.6455853171875 0.2929067453125 0.650049603125 0.29092261875 0.650545634375 0.283978175 0.656001984375 0.2757936515625 0.656001984375 0.271825396875 0.653521825 0.2676091265625 0.653521825 0.2584325390625 0.658730159375 0.2517361109375 0.6654265875 0.2435515875 0.6703869046875 0.22693452343749998 0.68700396875 0.21825396874999997 0.6941964281249999 0.21626984062500001 0.6979166671875 0.21205357187499999 0.700644840625 0.2078373015625 0.705605159375 0.2070932546875 0.7095734125 0.202876984375 0.71279761875 0.20262896874999997 0.718501984375 0.21031746093749998 0.7328869046875 0.237847221875 0.7619047625 0.259424603125 0.7795138890625
3 0.291572171875 0.5787452875 0.3113494546875 0.5776150796875 0.34864360156249996 0.5448415171875001 0.364465278125 0.527324653125 0.48877901718750005 0.39114459375 0.49838516874999994 0.37080233125 0.49442981093749994 0.34876488125 0.49103943437500003 0.32051165625 0.495559771875 0.300734375 0.4989501484375 0.279262153125 0.4989501484375 0.273611359375 0.4921693953125 0.258919890625 0.4921693953125 0.24196800624999998 0.4848236609375 0.2306666671875 0.4565704359375 0.23518725156250003 0.43735838281249995 0.23179687499999999 0.4198415171875 0.22388591249999998 0.4006294640625 0.22219072343750002 0.3831123515625 0.25439930624999996 0.36277008906249997 0.25609449375 0.3469484125 0.2770017359375 0.33790749062500003 0.2820873015625 0.23111061562500002 0.5278896328125 0.23506597187499997 0.5487968750000001 0.24919270781249997 0.565748759375 0.275185515625 0.5793102671875 0.291572171875 0.5787452875
3 0.183894096875 0.406897321875 0.11011607187500001 0.43479340312500003 0.0998385421875 0.44103348281250004 0.0983705359375 0.45204489062500003 0.0991046625 0.465258928125 0.10791393906249999 0.4909526296875 0.11965947343750001 0.5118747515625001 0.1299370046875 0.5276579859375 0.1442522328125 0.5449097218750001 0.16554141875 0.564363590625 0.18279290625 0.5772103171875 0.2000443953125 0.5845513390625 0.21215724218749998 0.585285465625 0.2228015875 0.579045634375 0.2448249015625 0.563996528125 0.23674975156250003 0.5529848703125 0.22940872968749998 0.5357333828125 0.22977579375 0.5247217265625 0.2661140875 0.44396974218749996 0.260608134375 0.4314900796875 0.2404203875 0.4186431046875 0.21325818437500002 0.40579613124999997 0.183894096875 0.406897321875
3 0.3090553078125 0.6295858140624999 0.3023608625 0.610897321875 0.3048712796875 0.5977876984375 0.306544890625 0.5885828375 0.3110079359375 0.57854141875 0.2875776296875 0.581888640625 0.26414756875 0.5774258437500001 0.24741170625 0.5690577875 0.2443432546875 0.5643159718749999 0.228444196875 0.575194196875 0.21226636875 0.58607266875 0.1991564984375 0.584677828125 0.189951884375 0.583283234375 0.179910465625 0.5910932546875001 0.2100349703125 0.636559028125 0.28367261875 0.6566421124999999 0.3090553078125 0.6295858140624999
3 0.17935243125 0.5746364093749999 0.1695900296875 0.5682209828125 0.1612219734375 0.559853175 0.02566170625 0.6396272328125 0.030403521875 0.646600446875 0.0387713296875 0.6555262890625 0.047418154687500005 0.66724131875 0.06526984062499999 0.68565079375 0.076705853125 0.697366071875 0.0873053078125 0.706849703125 0.0948365578125 0.7096388890625 0.2044563484375 0.6295858140624999 0.179910465625 0.5902564484374999 0.190509671875 0.5816096234375 0.17935243125 0.5746364093749999
3 0.15396974218749998 0.760962053125 0.172658234375 0.7771401296875 0.1885572921875 0.7885763890625 0.19859871093749998 0.7891341765625 0.22956002031249997 0.75566245 0.22983903749999998 0.75371006875 0.21338194375000002 0.73753199375 0.2052931546875 0.724980159375 0.20166691406249998 0.717448909375 0.20361954375 0.7104756937500001 0.2652631453125 0.651900296875 0.21338194375000002 0.6393484625 0.1177088296875 0.7138229171875 0.11631423593750001 0.7210751484375 0.13639707343750002 0.7442264390625 0.15396974218749998 0.760962053125
3 0.0369821421875 0.55046255 0.055306795312500004 0.5681205359375 0.0736314484375 0.5811143359375001 0.0899568453125 0.5874446921875001 0.153926090625 0.553127728125 0.1422651296875 0.541466765625 0.1296044140625 0.52813988125 0.11594444374999999 0.5071498015625 0.104283234375 0.4838278765625 0.0979528765625 0.4625047125 0.0982862109375 0.44551289687500006 0.10328372968749999 0.4398489578125 0.1029506453125 0.4345181046875 0.092622271875 0.42885416718749997 0.072631696875 0.4258556546875 0.0003330859375 0.46483680625 0 0.5074831343749999 0.0156592265625 0.5248080359375 0.0369821421875 0.55046255
3 0.9391733625 0.65088988125 0.9556810515624999 0.62494915625 0.9533229171875 0.6060830859374999 0.939762896875 0.5819112109375 0.82774603125 0.4557447921875 0.8189025296875 0.4710734125 0.8159548609374999 0.4793271328125 0.7623045640624999 0.48463318437499997 0.75405084375 0.44454290625 0.7387219734375 0.4575133921875 0.7222142859375 0.47284201406250004 0.7098335812500001 0.486402034375 0.7157291671875 0.4899392359375 0.857813740625 0.64322569375 0.8902398312500001 0.6597333828124999 0.9244342765625 0.6620915171874999 0.9391733625 0.65088988125
3 0.947282490625 0.649240328125 0.9329047625 0.65864136875 0.9124437000000001 0.6641713796875 0.9030429062499999 0.6658303578125 0.934563740625 0.7515446421875 0.944517609375 0.7753236609374999 0.9716143359375 0.7957844734374999 0.999751984375 0.81237425625 0.999751984375 0.6724662703125001 0.999751984375 0.6304384921875 0.9826743546875001 0.6232495046875 0.9588955859375 0.6298856640625 0.947282490625 0.649240328125
3 0.70220709375 0.5633015875 0.6757326390625 0.561200396875 0.6526197921875 0.5607802578125 0.62992733125 0.5687646328125 0.6126979171875 0.5817919140625001 0.60555381875 0.590196428125 0.603032490625 0.5969201390625 0.5496629468750001 0.7616510421875 0.5446202875 0.776779265625 0.5500833328125 0.796950396875 0.566472221875 0.821744046875 0.5925267859375001 0.84401636875 0.619841765625 0.862086309375 0.6387522328124999 0.874751984375 0.80852579375 0.874751984375 0.810626984375 0.8553625984375 0.8093663187500001 0.84821875 0.8040565468749999 0.8400240578125 0.7644015375000001 0.598601190625 0.7505337296875 0.5876750984375 0.7299424609375 0.5712859625 0.70220709375 0.5633015875
3 0.49461259843749994 0.7444216265625 0.490410465625 0.7536666671875001 0.48925421562500004 0.759928075 0.49502877031250003 0.7754141859375 0.501853175 0.7872256937500001 0.514976934375 0.8006118546875 0.5299379953125001 0.814523065625 0.5572353671875 0.8300091765625 0.5795458828125 0.839720734375 0.5879451890625 0.8407705859375 0.566946925 0.8218725203125 0.556185515625 0.8084861109375 0.5490987109375001 0.7958874015624999 0.54384920625 0.7798762406249999 0.54437425625 0.771214534375 0.5853826890625 0.6418849203125 0.5643712796875 0.6376827875 0.545880953125 0.639363590625 0.5374764390625 0.6490290171875001 0.49461259843749994 0.7444216265625
3 0.4312827375 0.46739558593749997 0.42767633906249997 0.474184028125 0.42470634843750005 0.48479117031249996 0.42279712343750003 0.49476190468750003 0.4257671125 0.5057931546875001 0.42725198437499995 0.515339534375 0.4312827375 0.5221279765625 0.4359499015625 0.5316743546875 0.44358680625 0.5422814984375 0.45058755 0.5503427578125 0.460133928125 0.5588283734374999 0.4722259421875 0.5675262890624999 0.4900458828125 0.5743147328125 0.5070171125 0.575799603125 0.5239883437499999 0.5736783234375 0.5352318953124999 0.5673139875000001 0.5466875 0.5567070937499999 0.549657490625 0.5480091765624999 0.5566579859375 0.5477971234375001 0.5628102671875 0.54376636875 0.5695987109375 0.53909920625 0.576387153125 0.5320987109375 0.5821150796875 0.5214915671875 0.5848727671875 0.514915178125 0.5874186515625001 0.5053688000000001 0.5876307046875 0.49518601249999994 0.5874186515625001 0.48691269843749996 0.58402430625 0.476517609375 0.5780843250000001 0.4614556046875 0.5698107640625001 0.44766641875 0.559840278125 0.43748363125 0.5526274796874999 0.4323923609375 0.5456267359375 0.42517956406249996 0.53501959375 0.42008829375 0.5212306546875001 0.4160575390625 0.5072291671875 0.41372395781250004 0.4932279265625 0.41457242031249997 0.4832571921875 0.417118303125 0.47158953437499995 0.42178521875 0.4635282734375 0.4270887890625 0.4539818953125 0.43748363125 0.44995114062499997 0.4463936015625 0.44931473281249995 0.4519092265625 0.44634474218750003 0.45381869999999996 0.4395563 0.4591220234375 0.4312827375 0.46739558593749997
3 0.491292659375 0.7688060515624999 0.48754241093750006 0.7550548109374999 0.49941840312499997 0.733802828125 0.49629315468749996 0.733802828125 0.48441716250000005 0.742553571875 0.463165178125 0.74442881875 0.39878472187499997 0.8556884921875 0.40441021875 0.865689484375 0.41253596249999996 0.8738149796875 0.4794166671875 0.8731899796875 0.5056688984375 0.7981835312500001 0.4975431546875 0.7913077875 0.49504290624999997 0.78255704375 0.491292659375 0.7688060515624999