1 0.7645830859375 0.49676413750000004 0.8022936515625 0.571242559375 0.8066934531250001 0.5740709328125 0.8142353671875 0.5731279765624999 0.828376984375 0.5687284218750001 0.835919146875 0.5652715781250001 0.8506889875000001 0.5589866078125 0.7670972218750001 0.428570684375 0.7469848703124999 0.44208358125 0.7718110125 0.49110739062500003 0.7645830859375 0.49676413750000004
1 0.7705540671875 0.48985044687499996 0.746670634375 0.44239781718750004 0.7240441468750001 0.46219593281250004 0.7425853171875 0.5030491078125 0.757040921875 0.4992780265625 0.7680399312499999 0.49424999999999997 0.7705540671875 0.48985044687499996
1 0.68381944375 0.4832509921875 0.7758963296875 0.6721185515625 0.7806101187500001 0.67400396875 0.7887807546875 0.673061259375 0.804179315625 0.6711755953125 0.8183206843749999 0.66646180625 0.8242916671874999 0.6639479171875 0.825862846875 0.6595483625 0.722787203125 0.46093898749999995 0.7139880953125 0.46628125000000004 0.70676016875 0.4697380953125 0.68381944375 0.4832509921875
1 0.6016984125 0.4611646828125 0.6066959328125 0.45983209374999995 0.6070290171875 0.4674950390625 0.60969444375 0.46416319375 0.60969444375 0.4584995046875 0.583707340625 0.41485466249999997 0.578709821875 0.42285069374999995 0.5996994046874999 0.46016542656250004 0.6016984125 0.4611646828125
1 0.7583100203125 0.3999915671875 0.779737846875 0.38659920625 0.77170238125 0.3776708828125 0.750274553125 0.390765625 0.7484888390625 0.39552728125000003 0.7511674109375 0.40207490156250003 0.7583100203125 0.3999915671875
1 0.8541403765625001 0.4800486109375 0.7859875984375 0.3925513390625 0.85205704375 0.5020716765625 0.855628471875 0.4985004953125 0.8493784718749999 0.4851078875 0.8541403765625001 0.4800486109375
1 0.4014437 0.6147234625 0.410195684375 0.6109181546875 0.42085019843750004 0.6044494046875 0.43987574374999994 0.6006443453125 0.44786656718750006 0.5953172125 0.4143814484375 0.49790525781249995 0.39497495 0.50018824375 0.3835595234375 0.5024712296875 0.38165699375 0.49600247968750005 0.3812765375 0.48230406718749996 0.3835595234375 0.48078199374999997 0.3770907734375 0.464419890625 0.37937400781249997 0.4480575390625 0.3706220234375 0.4157137890625 0.3702415671875 0.4023958328125 0.3706220234375 0.3856530265625 0.3550208328125 0.3890776296875 0.34284449375000003 0.3955463796875 0.3512157734375 0.4309345234375 0.4014437 0.6147234625
3 0.2951388890625 0.665674603125 0.310019840625 0.7827380953125 0.3125 0.7914186515625 0.3142361109375 0.7929067453124999 0.318204365625 0.7929067453124999 0.3363095234375 0.7884424609375 0.3658234125 0.7740575390625 0.3730158734375 0.768353175 0.36904761875 0.73487103125 0.3640873015625 0.7110615078125 0.3539186515625 0.64384920625 0.3519345234375 0.6388888890625 0.3511904765625 0.63095238125 0.3516865078125 0.627976190625 0.35267857187499996 0.6272321421875 0.341269840625 0.6232638890625 0.3137400796875 0.6185515875 0.299355159375 0.609623015625 0.2948908734375 0.603670634375 0.29092261875 0.6001984125 0.2889384921875 0.6006944437499999 0.2884424609375 0.6081349203124999 0.29092261875 0.6331845234375 0.2926587296875 0.64012896875 0.2951388890625 0.665674603125
3 0.4583333328125 0.6393849203124999 0.465773809375 0.6361607140625 0.4675099203125 0.6331845234375 0.46428571406249997 0.6264880953125 0.4578373015625 0.606894840625 0.4548611109375 0.6004464281249999 0.45114087343750003 0.5977182546875001 0.4429563484375 0.6009424609375 0.4429563484375 0.6019345234375 0.4389880953125 0.6039186515625 0.42584325468750006 0.6148313484375 0.419394840625 0.6163194437499999 0.41765872968749995 0.6178075390625 0.41964285781250005 0.62822420625 0.424851190625 0.646329365625 0.42757936562500004 0.650049603125 0.4583333328125 0.6393849203124999
3 0.591269840625 0.41468253906249997 0.59325396875 0.415178571875 0.593998015625 0.4171626984375 0.593005953125 0.419394840625 0.5927579359374999 0.42509920625 0.5957341265625 0.431299603125 0.59697420625 0.43179563437499996 0.6029265875 0.4454365078125 0.6108630953125 0.46031746093750003 0.6116071421875 0.47197420625 0.6163194437499999 0.48065476250000005 0.6163194437499999 0.48387896875 0.618799603125 0.487103175 0.6178075390625 0.4898313484375 0.6195436515625 0.4952876984375 0.6232638890625 0.50049603125 0.6264880953125 0.5017361109375 0.6364087296875 0.49925595312500004 0.641369046875 0.4925595234375 0.64012896875 0.48859127031250005 0.6448412703125 0.4853670640625 0.646329365625 0.48635912656249997 0.6473214281249999 0.484375 0.64657738125 0.4779265875 0.64012896875 0.46527777812500004 0.63740079375 0.4546130953125 0.6230158734375 0.43055555625 0.6175595234375 0.424355159375 0.6071428578125 0.4074900796875 0.6054067453124999 0.40699404687499996 0.603174603125 0.40426587343750003 0.6014384921875 0.40674603125 0.5920138890625 0.412450396875 0.58779761875 0.4109623015625 0.5863095234375 0.41344246093750003 0.5863095234375 0.4164186515625 0.5887896828125 0.41765872968749995 0.591269840625 0.41468253906249997
3 0.6803075390625 0.22073412656250002 0.6795634921875 0.2234623015625 0.6825396828125 0.22594246093749998 0.6832837296875 0.22867063437500001 0.685019840625 0.2299107140625 0.688244046875 0.23759920625 0.6884920640625001 0.240575396875 0.693204365625 0.2445436515625 0.6966765875 0.24156746093749998 0.7011408734375 0.2420634921875 0.7046130953125 0.24131944375 0.70634920625 0.2445436515625 0.70634920625 0.252976190625 0.7083333328125 0.25967261875 0.7103174609375 0.2643849203125 0.7145337296875 0.26661706406249996 0.715773809375 0.2693452375 0.715773809375 0.2730654765625 0.718501984375 0.2772817453125 0.719494046875 0.281994046875 0.72197420625 0.28447420625 0.7232142859375 0.287450396875 0.7291666671875 0.2931547625 0.7326388890625 0.2988591265625 0.7363591265625 0.3023313484375 0.7418154765625 0.3107638890625 0.746527778125 0.3137400796875 0.750744046875 0.3231646828125 0.75967261875 0.334325396875 0.7636408734375 0.33680555624999997 0.7673611109375 0.34325396874999997 0.7700892859375 0.346478175 0.7740575390625 0.3489583328125 0.775049603125 0.35243055624999997 0.7767857140625 0.3529265875 0.7829861109375 0.37177579375 0.7829861109375 0.381200396875 0.7854662703125 0.38194444375000003 0.7876984125 0.3856646828125 0.7881944437499999 0.39012896874999997 0.794146825 0.396329365625 0.7986111109375 0.4072420640625 0.8038194437499999 0.4136904765625 0.8087797625 0.4166666671875 0.818204365625 0.43402777812500004 0.8226686515624999 0.43948412656249997 0.828869046875 0.44196428593750003 0.834325396875 0.44866071406249997 0.8350694437499999 0.4513888890625 0.84052579375 0.4546130953125 0.840277778125 0.45734127031250005 0.84325396875 0.4632936515625 0.8506944437499999 0.47222222187499996 0.8541666671874999 0.4789186515625 0.8643353171875001 0.48660714218749995 0.865575396875 0.48660714218749995 0.880704365625 0.48090277812500004 0.9052579359375 0.46924603125 0.90575396875 0.466269840625 0.9079861109375 0.46478174531249994 0.9198908734375 0.4635416671875 0.9241071421875 0.459821428125 0.93154761875 0.45882936562500004 0.937251984375 0.45386904687499996 0.94345238125 0.4513888890625 0.9491567453125 0.4456845234375 0.946924603125 0.44171627031250005 0.943204365625 0.440228175 0.9427083328125001 0.43675595312500004 0.9392361109375 0.43427579375 0.9357638890625 0.43328372968749995 0.9310515875 0.42881944375 0.927579365625 0.4233630953125 0.9231150796875 0.41344246093750003 0.9238591265625 0.41046627031250005 0.922619046875 0.41046627031250005 0.922123015625 0.40575396875 0.924603175 0.4045138890625 0.9201388890625 0.4007936515625 0.9169146828124999 0.4015376984375 0.90674603125 0.39112103125000003 0.9040178578125 0.3866567453125 0.890873015625 0.38169642812500004 0.8896329359375 0.3772321421875 0.8839285718750001 0.3727678578125 0.8819444437499999 0.3665674609375 0.872271825 0.3606150796875 0.8635912703124999 0.3519345234375 0.841269840625 0.3244047625 0.83407738125 0.3174603171875 0.8209325390625001 0.3020833328125 0.81572420625 0.2981150796875 0.810019840625 0.2896825390625 0.8005952375 0.280505953125 0.7896825390625 0.26661706406249996 0.7824900796875001 0.259424603125 0.7762896828125 0.25099206406249996 0.77529761875 0.2460317453125 0.7695932546875001 0.24007936562499999 0.7703373015625 0.23759920625 0.7636408734375 0.2356150796875 0.759424603125 0.23189484062500001 0.752480159375 0.22941468281250002 0.750248015625 0.22594246093749998 0.7435515875 0.2202380953125 0.7331349203124999 0.2177579359375 0.7323908734375 0.21304563437500001 0.7259424609375 0.20833333281250002 0.7202380953125 0.20833333281250002 0.7167658734375 0.2070932546875 0.7120535718750001 0.2078373015625 0.7110615078125 0.209325396875 0.7108134921875 0.21552579375 0.707961309375 0.2177579359375 0.7011408734375 0.2177579359375 0.6964285718750001 0.2110615078125 0.6946924609375 0.206597221875 0.6912202375 0.2041170640625 0.6855158734375 0.20238095312499998 0.6832837296875 0.20808531718749998 0.6830357140625 0.21155753906250002 0.68427579375 0.2140376984375 0.684523809375 0.21825396874999997 0.6803075390625 0.22073412656250002
3 0.793402778125 0.26661706406249996 0.7953869046875 0.2728174609375 0.8020833328125001 0.281001984375 0.8325892859374999 0.31597222187499996 0.843501984375 0.3266369046875 0.85987103125 0.346726190625 0.869295634375 0.356894840625 0.8792162703124999 0.36259920625 0.8886408734375 0.374255953125 0.8923611109375 0.37400793593750004 0.896329365625 0.372271825 0.8995535718750001 0.36904761875 0.9047619046875001 0.3665674609375 0.908730159375 0.362351190625 0.911954365625 0.3616071421875 0.9146825390625001 0.359375 0.9273313484375001 0.353670634375 0.9320436515624999 0.3489583328125 0.9325396828124999 0.3459821421875 0.9293154765624999 0.3425099203125 0.927579365625 0.3373015875 0.919146825 0.3345734125 0.9154265875 0.3320932546875 0.911954365625 0.325644840625 0.8945932546875 0.3102678578125 0.8836805562500001 0.2953869046875 0.8772321421875 0.290674603125 0.8764880953124999 0.2886904765625 0.871527778125 0.2876984125 0.8685515875 0.28472222187499996 0.8700396828124999 0.28174603125000003 0.86904761875 0.2790178578125 0.8640873015625001 0.2795138890625 0.8606150796875 0.278273809375 0.8571428578125 0.275049603125 0.8549107140625001 0.26884920625 0.8492063484375001 0.2606646828125 0.8427579359375 0.2547123015625 0.8417658734375 0.250248015625 0.837549603125 0.2485119046875 0.8368055562500001 0.2462797625 0.8296130953124999 0.2457837296875 0.8266369046875001 0.247023809375 0.8211805562500001 0.247023809375 0.8191964281249999 0.2485119046875 0.8105158734375 0.24429563437500001 0.8043154765624999 0.24479166718749998 0.803075396875 0.2460317453125 0.7948908734375 0.24255952343749998 0.78174603125 0.2420634921875 0.77802579375 0.24280753906250002 0.7775297625 0.24404761874999997 0.7792658734375 0.2522321421875 0.7864583328125 0.262648809375 0.793402778125 0.26661706406249996
3 0.846230159375 0.2380952375 0.8514384921874999 0.246527778125 0.855902778125 0.2514880953125 0.865079365625 0.2584325390625 0.8712797625 0.252976190625 0.8764880953124999 0.24404761874999997 0.9077380953124999 0.2132936515625 0.9228670640625 0.2021329359375 0.9412202375 0.19072420625 0.9424603171875001 0.18799603125 0.9419642859374999 0.184523809375 0.94072420625 0.18303571406250002 0.9357638890625 0.18030753906250002 0.927579365625 0.17361111093749998 0.9174107140625001 0.1698908734375 0.9040178578125 0.162450396875 0.8923611109375 0.1512896828125 0.89012896875 0.1480654765625 0.8886408734375 0.1470734125 0.8824404765624999 0.1470734125 0.880704365625 0.14384920625 0.87822420625 0.143353175 0.8769841265625 0.14087301562500001 0.8730158734375 0.137896825 0.8695436515624999 0.1369047625 0.859623015625 0.1369047625 0.8578869046875001 0.137896825 0.8583829359375 0.14136904687500002 0.8573908734375 0.1426091265625 0.85342261875 0.1421130953125 0.8519345234375001 0.14037698437499999 0.8511904765624999 0.1364087296875 0.8457341265625 0.1329365078125 0.843005953125 0.13343253906250002 0.8417658734375 0.13467261875 0.8425099203125 0.14508928593749998 0.8395337296875001 0.15947420625 0.8325892859374999 0.17261904687500002 0.82862103125 0.17782738125 0.8268849203125 0.1825396828125 0.8266369046875001 0.18799603125 0.8390376984374999 0.21800595312499998 0.841269840625 0.234623015625 0.846230159375 0.2380952375
3 0.890625 0.134424603125 0.89012896875 0.14087301562500001 0.890873015625 0.14161706406250002 0.902777778125 0.14781746093749998 0.9114583328125001 0.1510416671875 0.9206349203125 0.15575396875 0.9238591265625 0.15873015937499999 0.96924603125 0.180803571875 0.974454365625 0.18501984062500001 0.987103175 0.190476190625 0.9977678578125 0.196924603125 0.999751984375 0.196924603125 0.999751984375 0.125 0.8943452375 0.125 0.8943452375 0.12673611093749998 0.890625 0.134424603125
3 0.9040178578125 0.161954365625 0.9263392859374999 0.17286706406250002 0.937251984375 0.1800595234375 0.9392361109375 0.18303571406250002 0.943700396875 0.18650793593749998 0.9466765875 0.18774801562500001 0.953869046875 0.1855158734375 0.9598214281249999 0.18650793593749998 0.9727182546875 0.1954365078125 0.9761904765624999 0.19965277812499999 0.9796626984374999 0.2016369046875 0.99032738125 0.21155753906250002 0.9945436515624999 0.21378968281250002 0.9977678578125 0.2172619046875 0.999751984375 0.2172619046875 0.999751984375 0.197420634375 0.9980158734375 0.197420634375 0.9908234125 0.1939484125 0.9828869046875001 0.18799603125 0.9737103171875001 0.184771825 0.9640376984374999 0.178075396875 0.9360119046875001 0.1644345234375 0.9298115078125001 0.1604662703125 0.92237103125 0.1574900796875 0.9196428578125 0.1550099203125 0.91220238125 0.1512896828125 0.896329365625 0.1445932546875 0.8923611109375 0.14161706406250002 0.89012896875 0.1428571421875 0.8891369046875001 0.14384920625 0.8893849203125 0.146825396875 0.89384920625 0.1525297625 0.9040178578125 0.161954365625
3 0.2046130953125 0.146825396875 0.20808531718749998 0.15550595312499998 0.20882936562499999 0.16344246093749998 0.21180555625 0.17534722187500001 0.21676587343749998 0.1827876984375 0.22048611093749998 0.1976686515625 0.22594246093749998 0.2085813484375 0.2264384921875 0.21155753906250002 0.2242063484375 0.2142857140625 0.2251984125 0.215277778125 0.22395833281250002 0.2199900796875 0.2279265875 0.22867063437500001 0.22842261874999997 0.234375 0.23189484062500001 0.2408234125 0.2321428578125 0.243799603125 0.237351190625 0.25049603125000003 0.24032738125000003 0.2601686515625 0.24727182499999997 0.2668650796875 0.2519841265625 0.2698412703125 0.25694444375000003 0.271825396875 0.262896825 0.2762896828125 0.2682911703125 0.2774677578125 0.2733134921875 0.28224206406249996 0.278769840625 0.284226190625 0.2829861109375 0.287450396875 0.2929067453125 0.2919146828125 0.29340277812500004 0.29340277812500004 0.30009920625 0.299355159375 0.30555555624999997 0.3015873015625 0.306299603125 0.3050595234375 0.3105158734375 0.30555555624999997 0.3033234125 0.2738095234375 0.299851190625 0.26661706406249996 0.3010912703125 0.2641369046875 0.3005952375 0.2616567453125 0.297619046875 0.2581845234375 0.29588293593750004 0.24330357187499999 0.2946428578125 0.24131944375 0.2824900796875 0.19469246093749998 0.2834821421875 0.19097222187500001 0.281994046875 0.18824404687500002 0.281994046875 0.18501984062500001 0.27802579375 0.1783234125 0.2772817453125 0.1731150796875 0.278273809375 0.1703869046875 0.278273809375 0.1614583328125 0.268105159375 0.13219246093749998 0.26215277812500004 0.1262400796875 0.26215277812500004 0.125 0.20362103125000003 0.125 0.202876984375 0.1391369046875 0.2046130953125 0.146825396875
3 0.3328373015625 0.3573908734375 0.3353174609375 0.3606150796875 0.3400297625 0.377728175 0.3415178578125 0.38715277812500004 0.3449900796875 0.393353175 0.34821428593750003 0.393353175 0.34970238125 0.3893849203125 0.3521825390625 0.3869047625 0.35615079375 0.3851686515625 0.3613591265625 0.384424603125 0.36532738125 0.38616071406249997 0.36904761875 0.3821924609375 0.3695436515625 0.3613591265625 0.36805555624999997 0.344494046875 0.3648313484375 0.33680555624999997 0.3578869046875 0.3268849203125 0.3417658734375 0.29786706406249996 0.3301091265625 0.296875 0.3258928578125 0.2986111109375 0.32217261875 0.3020833328125 0.314980159375 0.3110119046875 0.318700396875 0.3137400796875 0.3301091265625 0.3457341265625 0.3328373015625 0.3573908734375
3 0.1324404765625 0.2227182546875 0.1314484125 0.22569444375 0.1324404765625 0.23189484062500001 0.1359126984375 0.23759920625 0.14112103125 0.24280753906250002 0.1426091265625 0.24925595312499998 0.1455853171875 0.25347222187499996 0.146329365625 0.2564484125 0.1507936515625 0.2487599203125 0.15798611093749998 0.2452876984375 0.1644345234375 0.24429563437500001 0.2016369046875 0.24479166718749998 0.2142857140625 0.24925595312499998 0.2199900796875 0.252976190625 0.23635912656250002 0.259424603125 0.23685515937499999 0.2576884921875 0.2356150796875 0.2522321421875 0.22718253906250002 0.237351190625 0.22544642812500001 0.2264384921875 0.21875 0.21031746093749998 0.20982142812500001 0.1979166671875 0.203125 0.1924603171875 0.18824404687500002 0.18650793593749998 0.1855158734375 0.18427579375 0.16344246093749998 0.181795634375 0.15575396875 0.1832837296875 0.140625 0.1894841265625 0.131200396875 0.20238095312499998 0.12946428593749998 0.2078373015625 0.12946428593749998 0.21701388906250002 0.130704365625 0.21800595312499998 0.1324404765625 0.2227182546875
0 0 0.524559771875 0.012648809375 0.5208333328125 0.0290178578125 0.51884920625 0.06101190468749999 0.5109126984375 0.0758928578125 0.50322420625 0.078125 0.500248015625 0.0818452375 0.49801587343750003 0.084325396875 0.4925595234375 0.08606150781250001 0.484375 0.08581349218749999 0.46875 0.0828373015625 0.45634920625 0.078869046875 0.41989087343750003 0.0739087296875 0.3923611109375 0.07266865156249999 0.377728175 0.06994047656249999 0.3608630953125 0.065476190625 0.3449900796875 0.065972221875 0.328125 0.065476190625 0.32465277812500004 0.0639880953125 0.32217261875 0.063244046875 0.3139880953125 0.058283729687499994 0.3020833328125 0.05481150781250001 0.2991071421875 0.053819443749999994 0.2948908734375 0.0481150796875 0.28993055624999997 0.0451388890625 0.283978175 0.036954365625 0.2792658734375 0.0334821421875 0.28174603125000003 0.0329861109375 0.2876984125 0.0290178578125 0.29588293593750004 0.025049603124999997 0.29588293593750004 0.0200892859375 0.294146825 0.018353175 0.2904265875 0.014136904687499998 0.2891865078125 0 0.2891865078125 0 0.46457068437500004 0.0544853671875 0.45906721250000004 0.07815079375 0.47337648750000005 0.07319766875 0.48878645781249996 0.06549255937500001 0.5003439984375 0.0286185515625 0.512451884375 0 0.5146532734375 0 0.524559771875
0 0.49156746093750003 0.5379464281249999 0.5014880953125 0.5701884921875 0.5367063484375 0.6654265875 0.541170634375 0.674851190625 0.5448908734375 0.6765873015625 0.5535714281249999 0.6768353171875 0.5716765875 0.6736111109375 0.58407738125 0.6733630953125 0.5900297625 0.671626984375 0.603670634375 0.6649305562500001 0.61532738125 0.6614583328125 0.6520337296875 0.6443452375 0.66220238125 0.640873015625 0.67782738125 0.6331845234375 0.6805555562500001 0.6302083328125 0.678075396875 0.62177579375 0.65029761875 0.563244046875 0.6383928578125 0.5332341265625 0.6081349203124999 0.47743055625 0.6019345234375 0.4697420640625 0.599454365625 0.4632936515625 0.5957341265625 0.4585813484375 0.594494046875 0.4541170640625 0.588045634375 0.4422123015625 0.5793650796875001 0.4295634921875 0.577380953125 0.42881944375 0.571924603125 0.4293154765625 0.5664682546875001 0.43353174531249994 0.5607638890625 0.440476190625 0.5486111109375 0.44742063437499996 0.5431547625 0.453125 0.5329861109375 0.45758928593750003 0.5290178578125 0.462549603125 0.525545634375 0.46279761875 0.4920634921875 0.47991071406249997 0.478174603125 0.4831349203125 0.4769345234375 0.484375 0.475446428125 0.48660714218749995 0.47569444375 0.49007936562500004 0.487103175 0.527777778125 0.49156746093750003 0.5379464281249999
0 0.5385607640625001 0.8384275796875 0.5488469734375 0.8424687499999999 0.5705218249999999 0.8428360609375 0.5966049109375 0.8395297625 0.6182795140625 0.8226309531249999 0.6318720234375 0.807936259375 0.6399541171875 0.7932415671874999 0.587420634375 0.6701733625 0.55619444375 0.6745818453125 0.5422343749999999 0.6767859625 0.4849250984375 0.527634671875 0.46104613125 0.537553571875 0.4459841265625 0.5504114578125 0.4404737109375 0.5526158234375 0.5385607640625001 0.8384275796875
0 0.5965830859375 0.285216765625 0.560758184375 0.30511929531250004 0.561753471875 0.3230317453125 0.6533058031250001 0.48026289687499996 0.6667400796875 0.4842435515625 0.6806721234374999 0.4792678578125 0.69908209375 0.47080927656249993 0.7239603171875 0.4563797125 0.7523216765625 0.43747222187499996 0.763765625 0.42553050625 0.6343983140625 0.2618311015625 0.6274322921875 0.262826140625 0.6214615578125 0.266309028125 0.5965830859375 0.285216765625
0 0.630915178125 0.25685540625000003 0.739882440625 0.388710565625 0.7796879953125 0.36632018906249997 0.6751986609375 0.22550868125 0.666242559375 0.23098189531250002 0.6682328875 0.23496230156250003 0.630915178125 0.25685540625000003
0 0.9082341265625 0.3162202375 0.915674603125 0.3234126984375 0.9196428578125 0.32490079375 0.9208829359375 0.328373015625 0.9265873015625001 0.334325396875 0.934771825 0.3382936515625 0.9352678578125 0.34027777812500004 0.939980159375 0.3459821421875 0.9451884921874999 0.3484623015625 0.94717261875 0.3511904765625 0.9516369046875001 0.3544146828125 0.952876984375 0.3581349203125 0.9608134921874999 0.36631944375000003 0.9623015875 0.369295634375 0.9672619046875001 0.3710317453125 0.96825396875 0.37549603125000003 0.9702380953124999 0.3789682546875 0.9742063484375001 0.38194444375000003 0.99404761875 0.403769840625 0.999751984375 0.4045138890625 0.999751984375 0.21949404687500002 0.99404761875 0.21626984062500001 0.971726190625 0.1956845234375 0.9600694437499999 0.1875 0.9548611109375 0.18650793593749998 0.9464285718750001 0.1889880953125 0.9305555562500001 0.1976686515625 0.9154265875 0.2075892859375 0.90674603125 0.2145337296875 0.8893849203125 0.230902778125 0.8789682546875 0.24255952343749998 0.8648313484375001 0.2616567453125 0.8643353171875001 0.264880953125 0.865079365625 0.2678571421875 0.868799603125 0.27430555624999997 0.9082341265625 0.3162202375
0 0.886303571875 0.48380456406250005 0.87081795625 0.48940575468749997 0.862910465625 0.4903943453125 0.8536850203125 0.4884174109375 0.9983268843750001 0.685446925 0.999751984375 0.68676488125 0.999751984375 0.4123072921875 0.940008928125 0.34509325468749996 0.9245233140625 0.35530704375 0.9090376984375 0.36815699375 0.898823909375 0.37540550625 0.8965173609375 0.3790297625 0.9172748015625001 0.3971512890625 0.9419858624999999 0.430758184375 0.9495637406249999 0.44130158750000004 0.949893353125 0.44459647812499997 0.9396793156250001 0.45777554531250003 0.9238643359375001 0.4663422625 0.9040954859375001 0.4765560515625 0.886303571875 0.48380456406250005
3 0.166970734375 0.8456505453125001 0.1681014390625 0.8580885421875 0.153402034375 0.874751984375 0.15867881875 0.874751984375 0.16734771875 0.8724112109375 0.173001240625 0.862611359375 0.1741321921875 0.8554501484375001 0.1779012890625 0.8452735609375001 0.1763936015625 0.832835565625 0.049375 0.6149821421875 0.0365602671875 0.6149821421875 0.16357862031249998 0.83924305625 0.166970734375 0.8456505453125001
3 0.27669816406250003 0.8148333328125 0.2803201890625 0.8043692953124999 0.280521578125 0.7979295640624999 0.277100446875 0.7892765374999999 0.2722708328125 0.7856542656250001 0.2626116078125 0.7832395828125 0.25878819375 0.7840443953125 0.20183854218750003 0.8323407734374999 0.20425347187499998 0.8387802578124999 0.20727207343749998 0.8395853171875001 0.2561721234375 0.7969236109375 0.26241046562500003 0.7949112109375001 0.2692524796875 0.7999419640625 0.2708623515625 0.8029605656250001 0.2700572921875 0.81040625 0.2676423609375 0.8142296625000001 0.217132440625 0.8585014875000001 0.20063119999999998 0.874751984375 0.2137115578125 0.8746001984375 0.2686485609375 0.8248950890625 0.27669816406250003 0.8148333328125