1 0.7224702375 0.6894841265625 0.7239583328125 0.6941964281249999 0.730902778125 0.696924603125 0.7366071421875 0.7013888890625 0.750744046875 0.7018849203124999 0.7589285718750001 0.703869046875 0.765625 0.703869046875 0.77157738125 0.7048611109375 0.7770337296875 0.7075892859375 0.7827380953125 0.708829365625 0.7881944437499999 0.7075892859375 0.80009920625 0.7085813484375 0.809027778125 0.703869046875 0.8266369046875001 0.702380953125 0.8293650796875 0.700644840625 0.834325396875 0.700644840625 0.847222221875 0.697420634375 0.8526785718750001 0.6939484125 0.855902778125 0.690228175 0.860119046875 0.681795634375 0.861855159375 0.6738591265625 0.862351190625 0.6582341265625 0.8583829359375 0.6426091265625 0.841269840625 0.622519840625 0.8293650796875 0.622271825 0.8177083328125001 0.6202876984375 0.80927579375 0.621527778125 0.80009920625 0.621527778125 0.7951388890625 0.6200396828125 0.7914186515625 0.6160714281249999 0.7770337296875 0.6173115078125 0.7204861109375 0.6329365078125 0.718005953125 0.6341765875 0.712549603125 0.639880953125 0.7085813484375 0.6510416671875 0.7083333328125 0.66220238125 0.7120535718750001 0.6795634921875 0.7165178578125 0.6857638890625 0.7224702375 0.6894841265625
1 0.735119046875 0.440228175 0.7447916671875 0.44122023749999995 0.756200396875 0.4387400796875 0.76240079375 0.43154761875 0.765376984375 0.42534722187499996 0.7693452375 0.4203869046875 0.771329365625 0.41195436562500004 0.7698412703125 0.40029761875 0.765873015625 0.39161706406249996 0.763144840625 0.387896825 0.7547123015625 0.3824404765625 0.747271825 0.3814484125 0.7390873015625 0.377728175 0.731894840625 0.377976190625 0.7271825390625 0.3797123015625 0.71552579375 0.3918650796875 0.706597221875 0.39756944375000003 0.700396825 0.396329365625 0.6981646828125 0.40228174531249994 0.6944444437499999 0.40228174531249994 0.6922123015625 0.403521825 0.6924603171875 0.4079861109375 0.70362103125 0.4236111109375 0.7239583328125 0.4449404765625 0.735119046875 0.440228175
1 0.610119046875 0.3345734125 0.6078869046875 0.3454861109375 0.61259920625 0.3544146828125 0.6140873015625 0.3554067453125 0.61532738125 0.3611111109375 0.6183035718750001 0.3665674609375 0.6237599203124999 0.3685515875 0.6391369046875 0.36830357187499996 0.6483134921875 0.3645833328125 0.653769840625 0.36036706406249996 0.65625 0.359623015625 0.6703869046875 0.32713293593750004 0.6800595234375 0.31919642812500004 0.6857638890625 0.3015873015625 0.6917162703125 0.26240079375 0.690972221875 0.2519841265625 0.6860119046875 0.2423115078125 0.6795634921875 0.2366071421875 0.674603175 0.23487103125000003 0.662450396875 0.2328869046875 0.653273809375 0.23363095312499998 0.650545634375 0.23263888906250002 0.6423611109375 0.2358630953125 0.6326884921875 0.24305555625 0.6272321421875 0.25 0.6163194437499999 0.275049603125 0.6145833328125 0.2832341265625 0.6106150796875001 0.2914186515625 0.60887896875 0.3060515875 0.609126984375 0.3105158734375 0.6113591265625 0.3139880953125 0.6116071421875 0.3196924609375 0.610119046875 0.3345734125
1 0.48809523749999995 0.3767361109375 0.4947916671875 0.3883928578125 0.5037202375 0.3990575390625 0.5064484125 0.40426587343750003 0.5100032234375 0.4070766375 0.518601190625 0.41815476250000005 0.521825396875 0.4206349203125 0.5248015875 0.42633928593750003 0.53125 0.41617063437499996 0.5396825390625 0.40699404687499996 0.5421626984375 0.3990575390625 0.5491071421875 0.390376984375 0.5513392859375 0.3851686515625 0.55654761875 0.38095238125 0.56299603125 0.37177579375 0.565972221875 0.36607142812500004 0.5672123015625 0.3608630953125 0.5672123015625 0.346478175 0.56299603125 0.3360615078125 0.5446428578125 0.318204365625 0.5324900796875001 0.312748015625 0.52157738125 0.3125 0.51612103125 0.314980159375 0.5054563484375 0.32217261875 0.502728175 0.325148809375 0.49280753906249997 0.3301091265625 0.48487103125 0.3365575390625 0.48090277812500004 0.337549603125 0.478174603125 0.34052579375 0.47445436562500004 0.3415178578125 0.471230159375 0.3452380953125 0.47197420625 0.349454365625 0.4742063484375 0.3514384921875 0.484375 0.3730158734375 0.48809523749999995 0.3767361109375
1 0.544146825 0.45882936562500004 0.565972221875 0.4890873015625 0.5689484125 0.4893353171875 0.5716765875 0.48834325468750006 0.5798611109375 0.4796626984375 0.5833333328125 0.478174603125 0.5895337296875 0.471478175 0.5900297625 0.4679233625 0.5920138890625 0.46428571406249997 0.5959821421875 0.46304563437499996 0.60342261875 0.4548611109375 0.6039186515625 0.45089285781250005 0.6076388890625 0.443700396875 0.6071428578125 0.43055555625 0.6051587296875 0.4231150796875 0.6026785718750001 0.418898809375 0.5922619046875 0.4077380953125 0.5793650796875001 0.40302579375 0.571924603125 0.40302579375 0.561755953125 0.41046627031250005 0.559523809375 0.4112103171875 0.556795634375 0.41071428593750003 0.549355159375 0.41790674531249994 0.5453869046875 0.4203869046875 0.5401785718750001 0.42137896875 0.5362103171875 0.4233630953125 0.530505953125 0.4270833328125 0.52802579375 0.43030753906249997 0.52802579375 0.43377976250000005 0.530505953125 0.43948412656249997 0.5381944437499999 0.44866071406249997 0.544146825 0.45882936562500004
1 0.6810515875 0.58407738125 0.6827876984375 0.5887896828125 0.6875 0.5917658734375 0.7041170640625001 0.5920138890625 0.7080853171875 0.591021825 0.71825396875 0.5959821421875 0.7239583328125 0.596230159375 0.7264384921875 0.5952380953125 0.7356150796875001 0.58779761875 0.7388392859375 0.58779761875 0.7410714281249999 0.5860615078125 0.75 0.5835813484375 0.75322420625 0.5835813484375 0.756200396875 0.5818452375 0.7678571421875 0.5803571421875 0.778521825 0.5761408734375 0.7862103171875 0.5679563484375 0.787450396875 0.5639880953125 0.7894345234375 0.54737103125 0.7859623015625 0.53125 0.7824900796875001 0.5275297625 0.7797619046875 0.5198412703125 0.7767857140625 0.5203373015625 0.768105159375 0.51512896875 0.7611607140625 0.51512896875 0.756200396875 0.512896825 0.750248015625 0.5119047625 0.74404761875 0.51240079375 0.7415674609375 0.513144840625 0.7385912703125 0.515625 0.7209821421875 0.521329365625 0.719494046875 0.5230654765625 0.712549603125 0.5267857140625 0.7098214281249999 0.531001984375 0.7078373015625 0.531994046875 0.6857638890625 0.5332341265625 0.6795634921875 0.5386904765625 0.6798115078125 0.5488591265625 0.6820436515625 0.5560515875 0.6820436515625 0.5803571421875 0.6810515875 0.58407738125
1 0.28447420625 0.5865575390625 0.286954365625 0.587549603125 0.291170634375 0.59375 0.296626984375 0.5987103171875 0.3008432546875 0.6073908734375 0.30009920625 0.6113591265625 0.302579365625 0.6162368546875 0.302579365625 0.61904761875 0.3050595234375 0.6227678578125 0.3053075390625 0.6262400796875001 0.30902777812500004 0.62822420625 0.30902777812500004 0.630704365625 0.3112599203125 0.6319444437499999 0.3196924609375 0.6319444437499999 0.322420634375 0.630704365625 0.325148809375 0.6262400796875001 0.32911706406249996 0.62450396875 0.3373015875 0.6175595234375 0.3457341265625 0.612847221875 0.35243055624999997 0.61259920625 0.3578869046875 0.6111111109375 0.361855159375 0.6081349203124999 0.3645833328125 0.6073908734375 0.368799603125 0.603174603125 0.372271825 0.5954861109375 0.3730158734375 0.5887896828125 0.37450396874999997 0.5848214281249999 0.3797123015625 0.5798611109375 0.3802083328125 0.57762896875 0.3841765875 0.578373015625 0.38740079375 0.57762896875 0.393601190625 0.5691964281249999 0.3988095234375 0.553075396875 0.3998015875 0.54092261875 0.3943452375 0.5349702375 0.3928571421875 0.531994046875 0.38740079375 0.530505953125 0.38392857187499996 0.53075396875 0.381200396875 0.5295138890625 0.375248015625 0.53174603125 0.3732638890625 0.5295138890625 0.372519840625 0.52529761875 0.37177579375 0.5265376984375 0.37177579375 0.5334821421875 0.3700396828125 0.5364583328125 0.3554067453125 0.5396825390625 0.35267857187499996 0.5381944437499999 0.3487103171875 0.5376984125 0.346230159375 0.534722221875 0.34052579375 0.533978175 0.33407738125 0.531001984375 0.3226686515625 0.5302579359374999 0.3147321421875 0.5332341265625 0.312251984375 0.536954365625 0.3125 0.541170634375 0.309771825 0.5448908734375 0.29241071406249997 0.556299603125 0.2876984125 0.5625 0.28447420625 0.5644841265625 0.2770337296875 0.5664682546875001 0.27157738125 0.5711805562500001 0.2710813484375 0.5729166671875 0.2720734125 0.57490079375 0.281994046875 0.5833333328125 0.28447420625 0.5865575390625
1 0.17906746093749998 0.546875 0.18055555625 0.547123015625 0.1832837296875 0.550347221875 0.184771825 0.5538194437499999 0.1924603171875 0.5637400796875001 0.1991567453125 0.5761408734375 0.203373015625 0.5796130953125 0.20808531718749998 0.587549603125 0.2108134921875 0.5900297625 0.21378968281250002 0.591021825 0.2199900796875 0.5900297625 0.23115079375 0.5860615078125 0.2408234125 0.5820932546875001 0.24751984062500001 0.57762896875 0.26116071406249997 0.5739087296875 0.2695932546875 0.5699404765625 0.2770337296875 0.5634920640625001 0.2876984125 0.55654761875 0.2894345234375 0.5491071421875 0.2916666671875 0.5448908734375 0.2919146828125 0.5364583328125 0.28819444375000003 0.5295138890625 0.287450396875 0.5243055562500001 0.284226190625 0.521329365625 0.2676091265625 0.515376984375 0.2574404765625 0.5143849203124999 0.252480159375 0.512648809375 0.2477678578125 0.5133928578125 0.24156746093749998 0.515873015625 0.18774801562500001 0.5203373015625 0.17286706406250002 0.5290178578125 0.17212301562500001 0.53075396875 0.17162698437499999 0.5334821421875 0.17261904687500002 0.5376984125 0.1770833328125 0.5426587296875 0.17906746093749998 0.546875
1 0.33680555624999997 0.6626984125 0.34325396874999997 0.6698908734375 0.3487103171875 0.671875 0.3697916671875 0.672123015625 0.37549603125000003 0.671130953125 0.37847222187499996 0.668402778125 0.381200396875 0.6679067453124999 0.39112103125000003 0.6629464281249999 0.3970734125 0.6636904765625 0.4050099203125 0.669146825 0.41071428593750003 0.6674107140625 0.4164186515625 0.6641865078125 0.4203869046875 0.6579861109375 0.4375 0.6426091265625 0.43948412656249997 0.6396329359374999 0.4427083328125 0.640625 0.4481646828125 0.6359126984375 0.4546130953125 0.6339285718750001 0.45659722187499996 0.6321924609375 0.4608134921875 0.6232638890625 0.4608134921875 0.6145833328125 0.4585813484375 0.603670634375 0.4516369046875 0.588045634375 0.44717261875 0.5828373015625 0.44618055625 0.5801091265625 0.43402777812500004 0.5736607140625 0.424851190625 0.57490079375 0.422123015625 0.5734126984375 0.41617063437499996 0.5761408734375 0.41344246093750003 0.57862103125 0.3960813484375 0.5858134921875 0.38715277812500004 0.5828373015625 0.3841765875 0.5830853171875 0.3769841265625 0.58779761875 0.3735119046875 0.59970238125 0.36904761875 0.60615079375 0.36631944375000003 0.6083829359374999 0.3606150796875 0.6106150796875001 0.35491071406249997 0.615575396875 0.3516865078125 0.6160714281249999 0.346230159375 0.618799603125 0.344494046875 0.622271825 0.33779761875 0.6289682546875001 0.33407738125 0.6361607140625 0.33134920625 0.6423611109375 0.3328373015625 0.65029761875 0.3345734125 0.653521825 0.33680555624999997 0.6626984125
1 0.419394840625 0.737351190625 0.42584325468750006 0.734375 0.428075396875 0.7353670640625001 0.434523809375 0.7328869046875 0.43700396875 0.7299107140625 0.43973214218749995 0.7289186515625 0.44171627031250005 0.7261904765625 0.4456845234375 0.724950396875 0.44742063437499996 0.7229662703125 0.4546130953125 0.724950396875 0.45734127031250005 0.72842261875 0.46031746093750003 0.72842261875 0.4632936515625 0.724950396875 0.466269840625 0.718005953125 0.46875 0.7167658734375 0.474950396875 0.716021825 0.4764384921875 0.7135416671875 0.49578372968749995 0.6964285718750001 0.49925595312500004 0.6946924609375 0.5049603171875 0.6887400796875001 0.5101686515625 0.685019840625 0.5136408734375 0.67509920625 0.512152778125 0.66592261875 0.5089285718750001 0.6577380953125 0.5106646828125 0.6540178578125 0.5101686515625 0.65302579375 0.5069444437499999 0.6520337296875 0.5049603171875 0.6483134921875 0.5009920640625001 0.6455853171875 0.4982638890625 0.64012896875 0.48859127031250005 0.6336805562500001 0.48660714218749995 0.631200396875 0.4779265875 0.6304563484375 0.4702380953125 0.6329365078125 0.466269840625 0.6331845234375 0.46006944375 0.6391369046875 0.4546130953125 0.64112103125 0.453125 0.640873015625 0.45114087343750003 0.6383928578125 0.4456845234375 0.6428571421875 0.4424603171875 0.6426091265625 0.439980159375 0.643601190625 0.43402777812500004 0.6470734125 0.428571428125 0.6552579359374999 0.42410714218749995 0.6577380953125 0.4208829359375 0.6617063484375 0.418898809375 0.665674603125 0.41840277812500004 0.674355159375 0.4171626984375 0.6790674609375 0.4112103171875 0.68154761875 0.40029761875 0.6892361109375 0.3978174609375 0.703869046875 0.3958333328125 0.7098214281249999 0.3955853171875 0.7202380953125 0.4012896828125 0.7301587296875 0.4079861109375 0.737103175 0.419394840625 0.737351190625
1 0.2973901296875 0.6513482140625 0.305640625 0.6357157734375 0.3004298109375 0.6174779265625 0.2908767359375 0.6153067953125 0.2800208328125 0.5935952375 0.2704677578125 0.56971255 0.22965005 0.5875158734375 0.21575446406249998 0.5935952375 0.2270446421875 0.616175346875 0.2787182546875 0.689126240625 0.296955853125 0.7125749015625 0.30086408750000004 0.70475868125 0.3026009421875 0.694337053125 0.306508928125 0.6865208328125 0.2973901296875 0.6513482140625
1 0.2857653765625 0.518459325 0.28970386875 0.5274104656249999 0.2911361609375 0.533139384375 0.3119030265625 0.5342135421875 0.31655778749999997 0.5288427578125 0.32944766875 0.5284846234375 0.35093080312499997 0.5317070937499999 0.3584499015625 0.5270525796875 0.3602400796875 0.5213236609375 0.36346255 0.496976190625 0.3666850203125 0.4722705859375 0.36453670625 0.46081274843750003 0.3584499015625 0.45687425625 0.3469923109375 0.4565161203125 0.33410243125 0.45687425625 0.3269412203125 0.45544196406250004 0.3208544140625 0.44613268906250003 0.300803571875 0.44613268906250003 0.23277356093749998 0.49088913749999996 0.23635416718750002 0.4991245046875 0.24996006875000001 0.5084337796875 0.2793204359375 0.5166688984375 0.2857653765625 0.518459325
1 0.3928229171875 0.7196845234375 0.396761409375 0.7085848218749999 0.39962574375000004 0.6913983140625 0.39246478125 0.682446925 0.38387152812499997 0.674569940625 0.3688333328125 0.677076140625 0.3623883921875 0.6731376484375 0.35522743125 0.6756440968749999 0.3469923109375 0.6863856640625 0.3351765875 0.6928306046875 0.33481845312499997 0.6931884921875 0.3208544140625 0.6856693953125 0.302951884375 0.6982013890625 0.29972941406250003 0.7125233140625 0.3466341765625 0.771601934375 0.355585565625 0.771601934375 0.3731299609375 0.7583539187499999 0.3716979171875 0.7408095234375 0.3928229171875 0.7196845234375
1 0.43471502968750003 0.8783013390625 0.43936954375 0.867559771875 0.43865352187499995 0.8586086312500001 0.4343568953125 0.84822495 0.4271959328125 0.8313965781249999 0.4332827375 0.8131359125 0.420034721875 0.7887884421875 0.4168122515625 0.7887884421875 0.3956872515625 0.7508348218750001 0.3899583328125 0.7454642859375 0.375636409375 0.7501188 0.3738459828125 0.7612185015625 0.3534372515625 0.7741083828125 0.3462760421875 0.7758985609375 0.43006026718749996 0.8851044140625 0.43471502968750003 0.8783013390625
1 0.495941715625 0.9377380953125 0.5059672625 0.9226999015624999 0.5020287703124999 0.9105260421875 0.5242279265625001 0.880091765625 0.5195731640625 0.8711403765625001 0.5095478671875 0.8768692953125001 0.4916450890625 0.8775853171874999 0.478397321875 0.8765111609374999 0.4565560515625 0.8783013390625 0.44760491093750004 0.8722145343750001 0.44295014843749997 0.867559771875 0.431492559375 0.8843883921875 0.4844841265625 0.9509858625 0.485558284375 0.9398864093749999 0.495941715625 0.9377380953125
1 0.5586009421875 0.9628015874999999 0.5603911203124999 0.9423928578125 0.553230159375 0.9370220734375 0.5525141375 0.9173291171875 0.55466245 0.90658755 0.5557366078125 0.8994265875 0.547859375 0.88904290625 0.5428467265625 0.8786594734375001 0.52566021875 0.87507886875 0.5206473218750001 0.8883268843750001 0.5027447921875 0.9098100203125 0.5045349703124999 0.9173291171875 0.5059672625 0.920909721875 0.5013124999999999 0.9320091765624999 0.49307738125 0.940960565625 0.48842261875000004 0.9441830359375001 0.48484226250000007 0.9520600203124999 0.5220796125 0.9989650296875 0.554304315625 0.9993229171875001 0.555378471875 0.9781979171874999 0.5586009421875 0.9628015874999999
1 0.620709078125 0.926869046875 0.6310513390625 0.9140305062499999 0.6353308531249999 0.90796800625 0.63354761875 0.9036884921875 0.6385404265625 0.8929895828125 0.64995238125 0.8815776296875001 0.651735615625 0.8758717765625 0.64995238125 0.8641029265625001 0.6360438984375001 0.846628471875 0.6221356640625 0.8355729171874999 0.61143675625 0.8291537703125 0.605730903125 0.8280838296875 0.5996681546875 0.8348598703125001 0.595388640625 0.8544742062499999 0.5807671125 0.868382440625 0.5636490578125 0.8737318953125 0.5647189984375001 0.8797946421875 0.5543767359375 0.8922765375000001 0.5575865578125 0.9047584328125 0.5565166171875 0.9133172125 0.5565166171875 0.9183100203125001 0.5547333828125 0.9304352671875 0.559726190625 0.9414908234375 0.567215278125 0.9475533234375 0.575417659375 0.9457703375 0.5807671125 0.944700396875 0.5868296125 0.9457703375 0.60680084375 0.9218762406250001 0.6096537703125 0.9250860609375 0.61215005 0.9261557546875 0.620709078125 0.926869046875
1 0.5322661203125 0.8245176093750001 0.5322661203125 0.8369995046875 0.5329794140625 0.846271825 0.5401118546875 0.845201884375 0.5458177078124999 0.8573271328125 0.551523809375 0.8669561015625 0.5625791171875 0.8726619546875 0.5761309531250001 0.86945238125 0.5932490078125 0.85162103125 0.595388640625 0.8384260906250001 0.5932490078125 0.8298670640625 0.59039608125 0.8213080359375 0.595388640625 0.8163152281249999 0.5850466265625001 0.7917080859375 0.5789838796875 0.7774432046875 0.5725647328125001 0.7674575890625001 0.5657889390624999 0.7578286203125 0.559726190625 0.7521227671874999 0.5547333828125 0.750339534375 0.552237103125 0.762821428125 0.5497405750000001 0.771737103125 0.535119046875 0.7795828375 0.5269166671875001 0.781366071875 0.5180009921875001 0.7856455859375 0.5108685515625 0.7959875984375 0.5251334328125 0.8024067453124999 0.530126240625 0.8152452875 0.5322661203125 0.8245176093750001
1 0.45987103124999995 0.8762281749999999 0.486974703125 0.876584821875 0.5122951390625 0.8737318953125 0.5254900796875 0.8626765875 0.5315528281249999 0.846628471875 0.5322661203125 0.8337899312499999 0.529412946875 0.8188115078125 0.5229938 0.806686259375 0.5172876984375 0.7984838796875 0.504805803125 0.7927780265625 0.4962470234375 0.7877852187500001 0.4819818953125 0.7849322921875 0.46094097187500005 0.7863586312499999 0.45166865156249997 0.788141865625 0.4473891375 0.7906381453125 0.43455084375 0.8120357140625 0.42813144843749995 0.83236334375 0.44952901718750005 0.8723053078125 0.45987103124999995 0.8762281749999999
1 0.4666470734375 0.7849322921875 0.48091195468750003 0.7856455859375 0.4901842765625 0.786001984375 0.5030228171875 0.7920647328125 0.5176443453124999 0.7856455859375 0.522637153125 0.779226190625 0.5468876484375 0.772450396875 0.550810515625 0.7678142359375 0.5533070437500001 0.7528360609375 0.5511671625 0.7389275796875 0.5486708828125 0.7271589781250001 0.5486708828125 0.7203829359375 0.5379719734374999 0.7079010421875 0.5262033734375 0.70611805625 0.5012395828125 0.7136071421875 0.48982762968750004 0.7096842765625 0.4826951890625 0.71218055625 0.47698908749999996 0.71646006875 0.47235292656250005 0.7246624500000001 0.4673603671875 0.727515625 0.45523511875 0.7303685515625 0.44310962343750004 0.733934771875 0.43455084375 0.7396408734375 0.425278521875 0.7517661203125 0.4192157734375 0.762108134375 0.4217123015625 0.7756599703125 0.4295580359375 0.7845756453125 0.446676090625 0.788855159375 0.4559481640625 0.7852889390625 0.45630481093749997 0.7852889390625 0.4666470734375 0.7849322921875
1 0.674561259375 0.597585565625 0.6799980156250001 0.5767447921875 0.6799980156250001 0.56904290625 0.6781857640625 0.5405002484375 0.6727490078125 0.5318921125 0.6564389875 0.517394096875 0.648283978125 0.5060677078125 0.6310677078125 0.495194196875 0.6075084328125 0.5019900796875 0.5844025296875001 0.51467584375 0.5934635421875 0.53551636875 0.5961820437500001 0.5314389875 0.604337053125 0.532798115625 0.6111329359375001 0.53551636875 0.6188350687499999 0.541859375 0.624724703125 0.550467509375 0.6269900796875 0.5627001484374999 0.6265369546875 0.57946329375 0.6505491078125 0.6138958328124999 0.6582512406250001 0.6093650796875 0.674561259375 0.597585565625
1 0.793428571875 0.6123182046875 0.7960647328125 0.616084078125 0.7975709328125 0.6213561515625 0.8171530265625 0.6194732140625 0.83296949375 0.6209796625 0.842007440625 0.618719990625 0.8461498015625001 0.6123182046875 0.8423839281250001 0.6021505453125 0.8461498015625001 0.5927361109375 0.841254215625 0.5848278765625 0.8374883437499999 0.581815228125 0.8446433531249999 0.578049603125 0.8461498015625001 0.5731540171875 0.845773065625 0.5656222718749999 0.8427604171875 0.555078125 0.83522891875 0.5407681046875 0.8299568453124999 0.5309771828125001 0.8250612593750001 0.5170436515625 0.823931546875 0.5136545140625 0.8122574406249999 0.510641865625 0.79945386875 0.5140310015625 0.782884425 0.5189265875 0.778365328125 0.5204327875 0.7892862109375 0.531730159375 0.790415921875 0.5464169140624999 0.790039434375 0.5584672625 0.7851438484375 0.57240079375 0.780625 0.5765431546875 0.775352678125 0.579179315625 0.7723400296875 0.5799322921875001 0.775352678125 0.5919828875 0.7851438484375 0.5961252484374999 0.7885329859375 0.6085523312500001 0.793428571875 0.6123182046875
1 0.567857390625 0.3954084828125 0.5625853171874999 0.3863705359375 0.55806646875 0.3810984625 0.545639384375 0.39616170624999997 0.55731324375 0.41160143906249996 0.5772720734375001 0.39992733125 0.567857390625 0.3954084828125
1 0.6017495046875 0.373190228125 0.602126240625 0.3867470234375 0.600243303125 0.3980443953125 0.5957244546875 0.405576140625 0.5938415171875 0.40670585312499996 0.5957244546875 0.41047172656250003 0.6025027281249999 0.40745907812500004 0.6130471234375 0.389006696875 0.6156830359375001 0.3810984625 0.6149298109375 0.36716493125 0.6096577375 0.355867559375 0.6006197921875 0.344946925 0.5889459328125 0.3389216265625 0.5772720734375001 0.3377919140625 0.5659744546875001 0.33816840312499996 0.5693638390625 0.34457018906250003 0.582920634375 0.34758283749999996 0.59082886875 0.35699727187499997 0.5983603671875 0.3664119546875 0.6017495046875 0.373190228125
1 0.7187348703125 0.34768526718750004 0.71721800625 0.360427828125 0.710543403125 0.36710243125 0.7011381453125 0.37074305625 0.6914298109375 0.36710243125 0.6835416671875 0.360427828125 0.6674620531250001 0.3664955359375 0.6626076390625 0.3698328375 0.6714060015625 0.382271825 0.6795974703125001 0.39167683593749997 0.7126671625000001 0.3938005953125 0.71721800625 0.388339534375 0.73875868125 0.361337796875 0.724802828125 0.3218970734375 0.6826314484375 0.3197733140625 0.672012896875 0.333426090625 0.6641247515625001 0.3458650796875 0.65836011875 0.355876984375 0.6623043156249999 0.366798859375 0.68141790625 0.3592142859375 0.6841483140625 0.35557341249999996 0.6899126984375 0.34010069375 0.7053856640625 0.33737003906249996 0.71357738125 0.3388869046875 0.7187348703125 0.34768526718750004
3 0.6165674609375 0.4451884921875 0.6185515875 0.45114087343750003 0.6232638890625 0.453373015625 0.62450396875 0.456101190625 0.6428571421875 0.47743055625 0.6480654765625 0.493303571875 0.6515376984375 0.5076884921875 0.6552579359374999 0.5138888890625 0.6634424609375 0.52157738125 0.6770833328125 0.528521825 0.6875 0.530505953125 0.693204365625 0.530505953125 0.70362103125 0.528769840625 0.709325396875 0.5265376984375 0.718501984375 0.521329365625 0.7237103171875 0.5171130953125 0.728670634375 0.5089285718750001 0.73387896875 0.502728175 0.737103175 0.49429563437499996 0.73759920625 0.4858630953125 0.73387896875 0.4697420640625 0.728174603125 0.459325396875 0.7269345234375 0.4543650796875 0.7237103171875 0.4513888890625 0.7197420640625001 0.4422123015625 0.6706349203124999 0.3826884921875 0.6676587296875 0.3802083328125 0.6651785718750001 0.375744046875 0.66220238125 0.37400793593750004 0.653273809375 0.37599206406249996 0.6515376984375 0.3767361109375 0.6512896828125 0.3783067953125 0.6493055562500001 0.3797123015625 0.6448412703125 0.3804563484375 0.6302083328125 0.3883928578125 0.6165674609375 0.400049603125 0.61259920625 0.40625 0.60615079375 0.41195436562500004 0.6044146828125 0.41592261875 0.6076388890625 0.4233630953125 0.608630953125 0.4360119046875 0.6165674609375 0.4451884921875
2 0.7380952375 0.49801587343750003 0.7393353171875 0.500744046875 0.747271825 0.506200396875 0.7641369046875 0.5106646828125 0.768105159375 0.5106646828125 0.77157738125 0.5089285718750001 0.7745535718750001 0.509920634375 0.78125 0.50967261875 0.786954365625 0.506200396875 0.794394840625 0.49404761875 0.796875 0.478174603125 0.794394840625 0.4623015875 0.790674603125 0.45510912656249997 0.7852182546875001 0.4481646828125 0.7822420640625001 0.446428571875 0.7797619046875 0.44320436562500004 0.7738095234375 0.44146825468750006 0.756200396875 0.44072420625 0.753472221875 0.44345238125 0.750248015625 0.4424603171875 0.744295634375 0.44320436562500004 0.7398313484375 0.4476686515625 0.7296626984375 0.45362103125 0.7296626984375 0.45907738125 0.7326388890625 0.4632936515625 0.7385912703125 0.4853670640625 0.7380952375 0.49801587343750003