2 0.1625607640625 0.6321671624999999 0.16447073437499998 0.667181546875 0.1657438 0.7002859625 0.1784764390625 0.7480327375 0.1912088296875 0.7563087796875 0.2376822921875 0.760128471875 0.274606646875 0.7416664187500001 0.2917953875 0.7219310515624999 0.294978421875 0.7091986609375 0.2917953875 0.6512658734375 0.28288268906249997 0.6315305062500001 0.274606646875 0.603519096875 0.2771530265625 0.5971530265625 0.2555079359375 0.562775296875 0.245321925 0.540493303125 0.19821180625 0.5150285218749999 0.17656646874999998 0.5029325390625 0.163834078125 0.5067524796875 0.1447353671875 0.5366736109375 0.158741071875 0.561501984375 0.16065104218749998 0.5856937 0.1625607640625 0.6321671624999999
2 0.2485049609375 0.5373102671875001 0.24977827343749998 0.5315806046875 0.247231646875 0.5029325390625 0.23004290625 0.4959298109375 0.195665178125 0.49847619062500004 0.200121528125 0.5054791671875 0.20839756875 0.5131185515625 0.2485049609375 0.5373102671875001
2 0.2771530265625 0.601609375 0.3007080859375 0.6238911203125 0.31089409687499997 0.6321671624999999 0.3248998015625 0.6480828375 0.3828325890625 0.6760942453125 0.40384102187500004 0.6512658734375 0.41530034687499995 0.6417165171875 0.4286693953125 0.614341765625 0.4337624015625 0.5965163687499999 0.43885540624999997 0.5793273812499999 0.43312574374999996 0.5685049609374999 0.3713732640625 0.5347638890625 0.35927752968750004 0.520121528125 0.3720099203125 0.5029325390625 0.3758296125 0.49974950468749996 0.2593276296875 0.4640984625 0.2485049609375 0.5118452375 0.2567810015625 0.551315971875 0.26187400781250003 0.572324653125 0.2771530265625 0.601609375
2 0.449678075 0.54940625 0.4471314484375 0.5226679062499999 0.43121602187499997 0.5169382437500001 0.4057509921875 0.5067524796875 0.3815592765625 0.49974950468749996 0.4012946421875 0.5430399312499999 0.420393353125 0.5532259421875 0.44585838281249995 0.5551356640625 0.449678075 0.54940625
2 0.472596478125 0.5385835812499999 0.4916951890625 0.525851190625 0.4980615078125 0.5131185515625 0.4948782234375 0.499112846875 0.4643204359375 0.49847619062500004 0.4598640875 0.5022958828124999 0.45922743125 0.54876959375 0.472596478125 0.5385835812499999
2 0.274606646875 0.0509298109375 0.247231646875 0.0496567453125 0.2249499015625 0.054113095312500005 0.1791130953125 0.065572171875 0.149191715625 0.07957787656250001 0.1447353671875 0.0986765875 0.18866244999999998 0.190350446875 0.2045778765625 0.1986264875 0.21985689531250002 0.221544890625 0.2319528765625 0.237460565625 0.245321925 0.25464930625000004 0.28606572343750003 0.2813876484375 0.3185334828125 0.28966369062499997 0.34463516875 0.290300346875 0.374556546875 0.2973033234375 0.4350357140625 0.2985763890625 0.44904141875 0.29348338281249997 0.44776810468750006 0.2635622515625 0.4439484125 0.2209084828125 0.4420384421875 0.1878040671875 0.431852678125 0.16170238125 0.3484548609375 0.17188839218750002 0.3325391859375 0.175071428125 0.320443453125 0.169341765625 0.30962078437499996 0.1368740078125 0.2854290671875 0.06111582343750001 0.27842633906250003 0.0668454859375 0.2758797125 0.06748214218750001 0.274606646875 0.0509298109375
2 0.17274677656249998 0.051566468750000004 0.18038616093749998 0.06429885937499999 0.2319528765625 0.0490200890625 0.2720600203125 0.051566468750000004 0.2771530265625 0.0375607640625 0.2847924109375 0 0.16128745 0.0031830359375 0.170200396875 0.0031830359375 0.17274677656249998 0.051566468750000004
2 0.4420384421875 0.2158154765625 0.449678075 0.2667452875 0.541351934375 0.247646578125 0.545808284375 0.22982118125 0.50124454375 0.190350446875 0.4846922125 0.1820744046875 0.472596478125 0.1610657234375 0.4681401296875 0.1667953875 0.456680803125 0.19798983125 0.4420384421875 0.2158154765625
2 0.44471155781249994 0.6333467265625 0.42788467187499996 0.6548479656249999 0.4049813984375 0.6590545640625 0.384415178125 0.6758814484375 0.3694578375 0.6716748515625001 0.34795684531250004 0.6576522812500001 0.3189771828125 0.644097221875 0.292334325 0.6174546125 0.2839208828125 0.6193244046874999 0.2843883921875 0.6328794640625001 0.2960736609375 0.6796207843750001 0.314302828125 0.6828928578125 0.3334670140625 0.6828928578125 0.35496800624999997 0.685697171875 0.38581746093749997 0.67681646875 0.4091879953125 0.6693377968750001 0.4306892359375 0.655315228125 0.44751612031250004 0.6398906249999999 0.46527777812500004 0.626803075 0.4989317953125 0.5744526296875 0.48116989062500004 0.5665064484375 0.45359250937500006 0.5954861109375 0.450320684375 0.61558506875 0.44471155781249994 0.6333467265625
2 0.4348958328125 0.6328794640625001 0.4437767859375 0.61278050625 0.4334935515625 0.6188568953125 0.4147971234375 0.6459670140625 0.4348958328125 0.6328794640625001
2 0.175939484375 0.437873015625 0.178512153125 0.4522802578125 0.175939484375 0.469774553125 0.1779975203125 0.48726884843749996 0.19857911718750001 0.4949868546875 0.25414930625 0.48932688437499994 0.25517857187500004 0.4764635421875 0.257751240625 0.46359995 0.175939484375 0.437873015625
2 0.1867232140625 0.315591021875 0.1807951390625 0.3138474703125 0.172774553125 0.31768328437500004 0.16056944374999998 0.3190783734375 0.1584771828125 0.3264012890625 0.16056944374999998 0.34418601249999997 0.1675436515625 0.3605758921875 0.175912946875 0.3713861609375 0.20520535781250002 0.313498759375 0.2020669640625 0.3138474703125 0.1867232140625 0.315591021875
2 0.1675436515625 0.26014459375 0.16161557499999998 0.26816517812499996 0.1598720234375 0.2737447921875 0.1588258921875 0.2807192453125 0.2229900796875 0.264678075 0.19578993125 0.2573549109375 0.1776567453125 0.255611359375 0.1675436515625 0.26014459375
2 0.4098901296875 0.3331197921875 0.41362896875 0.33012872031249996 0.41923710312500007 0.33835391875 0.4297053578125 0.342840278125 0.4487728171875 0.34844841249999997 0.43755679531249997 0.3334935515625 0.40876860156249994 0.3170431546875 0.3885796125 0.328633184375 0.3941875 0.3312502484375 0.4098901296875 0.3331197921875