5 0.6009424609375 0.9828869046875001 0.6014384921875 0.9729662703124999 0.606894840625 0.9429563484375001 0.6272321421875 0.7790178578125 0.6302083328125 0.7614087296875 0.6316964281249999 0.7423115078125 0.63467261875 0.7242063484375 0.6366567453124999 0.696924603125 0.6393849203124999 0.68154761875 0.64012896875 0.6738591265625 0.6393849203124999 0.6703869046875 0.6421130953125 0.6626984125 0.6418650796875001 0.6550099203124999 0.643601190625 0.6356646828125 0.6470734125 0.61532738125 0.6478174609375 0.594494046875 0.65029761875 0.58779761875 0.6510416671875 0.5801091265625 0.6542658734375 0.5679563484375 0.6542658734375 0.5575396828125 0.656498015625 0.5488591265625 0.658730159375 0.5233134921875 0.66592261875 0.47445436562500004 0.66592261875 0.46552579375 0.668402778125 0.45535714218749995 0.6674107140625 0.44940476250000005 0.671130953125 0.4357638890625 0.671626984375 0.419394840625 0.6733630953125 0.403521825 0.674603175 0.400049603125 0.6770833328125 0.3990575390625 0.677579365625 0.396825396875 0.6783234125 0.384424603125 0.6800595234375 0.3772321421875 0.6798115078125 0.37177579375 0.6835317453124999 0.349454365625 0.684027778125 0.3328373015625 0.6865079359374999 0.3226686515625 0.6862599203124999 0.318700396875 0.6852678578125 0.3174603171875 0.6733630953125 0.312748015625 0.666584078125 0.311755953125 0.662450396875 0.30902777812500004 0.643353175 0.3018353171875 0.6363345734375 0.299585565625 0.6326884921875 0.3137400796875 0.63095238125 0.3268849203125 0.6259920640625001 0.3459821421875 0.6175595234375 0.3978174609375 0.6163194437499999 0.4007936515625 0.6145833328125 0.41964285781250005 0.612103175 0.4322916671875 0.609126984375 0.4389880953125 0.5989583328125 0.4982638890625 0.5974702375 0.5014880953125 0.593998015625 0.52157738125 0.5922619046875 0.525545634375 0.5860615078125 0.5691964281249999 0.5803571421875 0.5954861109375 0.568700396875 0.6651785718750001 0.5662202375 0.6860119046875 0.5570436515625 0.72842261875 0.5543154765625 0.747519840625 0.5456349203124999 0.7904265875 0.5354662703125 0.84970238125 0.533978175 0.85342261875 0.5332341265625 0.8645833328125001 0.528273809375 0.884424603125 0.509424603125 0.9933035718750001 0.509424603125 0.999751984375 0.5982142859375 0.999751984375 0.6009424609375 0.9828869046875001
5 0.6884920640625001 0 0.6423472218749999 0.2650783734375 0.65463368125 0.26952232187499997 0.6651785718750001 0.2748015875 0.688244046875 0.28224206406249996 0.6917162703125 0.283978175 0.6949404765625 0.2641369046875 0.7021329359374999 0.20882936562499999 0.7053571421875 0.193204365625 0.7105654765625 0.1542658734375 0.715277778125 0.10540674531250001 0.7170138890625 0.0952380953125 0.718501984375 0.0917658734375 0.72197420625 0.062748015625 0.7242063484375 0.052827381250000006 0.72470238125 0.0386904765625 0.72842261875 0.021825396875 0.7299107140625 0 0.6884920640625001 0
5 0.5394345234375 0.20882936562499999 0.541170634375 0.21279761874999997 0.5538194437499999 0.22544642812500001 0.568700396875 0.23511904687500002 0.574652778125 0.2353670640625 0.580853175 0.237847221875 0.5853174609375 0.24107142812500001 0.591021825 0.24255952343749998 0.5952380953125 0.2457837296875 0.6078869046875 0.25049603125000003 0.6148313484375 0.25049603125000003 0.621527778125 0.24677579375 0.640625 0.2289186515625 0.6470734125 0.21924603125000003 0.6520337296875 0.2018849203125 0.6520337296875 0.1929563484375 0.62177579375 0.1108630953125 0.61904761875 0.10689484062500001 0.615079365625 0.09548611093750001 0.606646825 0.0796130953125 0.5922619046875 0.07118055625 0.5863095234375 0.06994047656249999 0.572420634375 0.06994047656249999 0.562748015625 0.071924603125 0.5478670640625001 0.078125 0.5362103171875 0.087549603125 0.533730159375 0.091269840625 0.5292658734375 0.09499007968749999 0.5272817453124999 0.100446428125 0.525049603125 0.10218253906250001 0.5243055562500001 0.10441468281249999 0.5243055562500001 0.11631944375 0.5262896828125 0.130704365625 0.5364583328125 0.193204365625 0.5394345234375 0.20882936562499999
0 0.47073412656249997 0 0.4702380953125 0.0047123015625 0.471478175 0.0513392859375 0.4895833328125 0.4548611109375 0.49032738125 0.45907738125 0.493799603125 0.46651785781250005 0.503472221875 0.4761904765625 0.5104166671875 0.4789186515625 0.52157738125 0.481398809375 0.5396825390625 0.48115079375 0.5543154765625 0.4761904765625 0.5602678578125 0.47247023749999995 0.5716765875 0.459325396875 0.5731646828125 0.4456845234375 0.5696924609375 0.41964285781250005 0.56572420625 0.400049603125 0.54737103125 0.2673611109375 0.5419146828125 0.23710317500000003 0.5399305562500001 0.21676587343749998 0.530505953125 0.1639384921875 0.527777778125 0.14161706406250002 0.525049603125 0.13095238125 0.5238095234375 0.1111111109375 0.5143849203124999 0.0543154765625 0.5081845234375 0.009920634375 0.50595238125 0 0.47073412656249997 0
0 0.2981150796875 0.499751984375 0.30803571406249997 0.49950396875 0.3105158734375 0.50049603125 0.31845238125 0.5009920640625001 0.327380953125 0.5136408734375 0.32862103125000003 0.514880953125 0.33134920625 0.515376984375 0.3358134921875 0.512152778125 0.3373015875 0.5091765875 0.3454861109375 0.5039682546875001 0.3576388890625 0.5074404765625 0.3635912703125 0.5022321421875 0.3645833328125 0.5 0.3737599203125 0.490575396875 0.3802083328125 0.48065476250000005 0.3841765875 0.478174603125 0.387648809375 0.47445436562500004 0.40029761875 0.45907738125 0.40178571406249997 0.455605159375 0.40823412656249997 0.44717261875 0.4164186515625 0.4392361109375 0.4764384921875 0.3675595234375 0.4794146828125 0.3611111109375 0.481894840625 0.36036706406249996 0.48363095312500004 0.35838293593750004 0.484126984375 0.3487103171875 0.481646825 0.2946428578125 0.4796626984375 0.29017857187499996 0.47222222187499996 0.28025793593750004 0.466021825 0.2775297625 0.4595734125 0.28075396874999997 0.4580853171875 0.283730159375 0.4546130953125 0.2867063484375 0.44122023749999995 0.30381944375000003 0.43948412656249997 0.3072916671875 0.42782738125 0.3206845234375 0.400049603125 0.3581349203125 0.377728175 0.38467261875 0.360119046875 0.4074900796875 0.35887896874999997 0.41046627031250005 0.3546626984375 0.4144345234375 0.30034722187499996 0.48239087343750003 0.29588293593750004 0.4858630953125 0.28993055624999997 0.49429563437499996 0.2894345234375 0.49801587343750003 0.2904265875 0.4985119046875 0.2926587296875 0.49801587343750003 0.2981150796875 0.499751984375
0 0.1264880953125 0.7638888890625 0.12822420625 0.771329365625 0.13343253906250002 0.778521825 0.14161706406250002 0.780505953125 0.1480654765625 0.7854662703125 0.1550099203125 0.7886904765625 0.1703869046875 0.793402778125 0.17261904687500002 0.7901785718750001 0.1760912703125 0.7904265875 0.1820436515625 0.7879464281249999 0.18998015937499999 0.780505953125 0.1929563484375 0.7792658734375 0.2581845234375 0.724950396875 0.2609126984375 0.7209821421875 0.268353175 0.7165178578125 0.2728174609375 0.7113095234375 0.275545634375 0.7100694437499999 0.3167162703125 0.6755952375 0.3196924609375 0.671875 0.3239087296875 0.6698908734375 0.325644840625 0.6664186515625 0.32862103125000003 0.6651785718750001 0.33705357187499996 0.65625 0.3519345234375 0.64657738125 0.3546626984375 0.6428571421875 0.3578869046875 0.64112103125 0.365079365625 0.6339285718750001 0.3695436515625 0.6316964281249999 0.3980654765625 0.6071428578125 0.40203372968749995 0.6024305562500001 0.4045138890625 0.6014384921875 0.41046627031250005 0.5957341265625 0.409226190625 0.5833333328125 0.403273809375 0.5642361109375 0.3988095234375 0.55654761875 0.3519345234375 0.5084325390625 0.3484623015625 0.5064484125 0.346230159375 0.505704365625 0.34375 0.506200396875 0.337185515625 0.5095091765624999 0.33482142812500004 0.5133928578125 0.3296202875 0.5164739578125 0.31965352187499996 0.50422569375 0.3184526296875 0.501103421875 0.30555555624999997 0.500248015625 0.29365079375 0.4982638890625 0.2832341265625 0.499751984375 0.2673611109375 0.4982638890625 0.2234623015625 0.497023809375 0.193700396875 0.4950396828125 0.1574900796875 0.4945436515625 0.14136904687500002 0.49280753906249997 0.1292162703125 0.4923115078125 0.12748015937499999 0.493303571875 0.1262400796875 0.4952876984375 0.125 0.4952876984375 0.125 0.505704365625 0.12673611093749998 0.508716021875 0.1264880953125 0.5198412703125 0.125 0.5200892859375 0.125 0.5220734125 0.12673611093749998 0.52529761875 0.12673611093749998 0.5295758921875 0.125 0.5322420640625001 0.125 0.5391865078125 0.1264880953125 0.5394345234375 0.12673611093749998 0.5429067453124999 0.125 0.547123015625 0.125 0.5533234125 0.1264880953125 0.5535714281249999 0.1264880953125 0.562748015625 0.12748015937499999 0.5679563484375 0.12673611093749998 0.5701884921875 0.125 0.5706845234375 0.125 0.5882936515625 0.1264880953125 0.5885416671875 0.12673611093749998 0.59052579375 0.12673611093749998 0.6057787703125 0.125 0.608630953125 0.125 0.615575396875 0.1262400796875 0.615575396875 0.1292162703125 0.621527778125 0.1351686515625 0.622023809375 0.13814484062500001 0.6210317453124999 0.14409722187500001 0.6240079359374999 0.1617063484375 0.627480159375 0.1644345234375 0.6294642859375 0.16865079375 0.6304563484375 0.17013888906250002 0.6329365078125 0.1706349203125 0.637896825 0.168898809375 0.6421130953125 0.16592261875 0.643601190625 0.1644345234375 0.646825396875 0.1612103171875 0.6483134921875 0.1512896828125 0.6498015875 0.1485615078125 0.6547619046875 0.1426091265625 0.6582341265625 0.14087301562500001 0.661954365625 0.13814484062500001 0.6644345234375 0.134920634375 0.6639384921875 0.1302083328125 0.6671626984375 0.1272321421875 0.6770833328125 0.12673611093749998 0.6941964281249999 0.12748015937499999 0.696924603125 0.125 0.70634920625 0.125 0.708829365625 0.1264880953125 0.70907738125 0.1272321421875 0.7120535718750001 0.1264880953125 0.7202380953125 0.125 0.7204861109375 0.125 0.7251984125 0.1269841265625 0.7296626984375 0.1264880953125 0.733630953125 0.125 0.73387896875 0.125 0.7408234125 0.1264880953125 0.7410714281249999 0.1269841265625 0.743799603125 0.12673611093749998 0.7468998015625 0.125 0.74950396875 0.125 0.7571924609375 0.1269841265625 0.7601686515625 0.1264880953125 0.7638888890625
0 0.2852182546875 0.12549603125 0.28819444375000003 0.1393849203125 0.2884424609375 0.146329365625 0.296626984375 0.1820436515625 0.299355159375 0.200148809375 0.3040674609375 0.21626984062500001 0.30927579375 0.24801587343749998 0.3209325390625 0.2946428578125 0.325644840625 0.3010912703125 0.3358134921875 0.3105158734375 0.3573908734375 0.3204365078125 0.375248015625 0.3226686515625 0.393353175 0.322420634375 0.4045138890625 0.3204365078125 0.41815476250000005 0.314980159375 0.4208829359375 0.312748015625 0.421626984375 0.30927579375 0.4154265875 0.2579365078125 0.41468253906249997 0.2487599203125 0.4154265875 0.24404761874999997 0.424355159375 0.2380952375 0.435019840625 0.23263888906250002 0.4427083328125 0.2266865078125 0.4439484125 0.22445436562499999 0.444196428125 0.1738591265625 0.4422123015625 0.088045634375 0.44146825468750006 0.07911706406249999 0.43799603125 0.07118055625 0.43179563437499996 0.0639880953125 0.421875 0.056547618749999994 0.41046627031250005 0.05084325468749999 0.3985615078125 0.046875 0.3695436515625 0.0426587296875 0.3492063484375 0.0429067453125 0.325396825 0.046626984375 0.3020833328125 0.0553075390625 0.2983630953125 0.0587797625 0.29340277812500004 0.0607638890625 0.281994046875 0.07217261875 0.2772817453125 0.08358134843750001 0.27678571406249997 0.0917658734375 0.28125 0.10441468281249999 0.2824900796875 0.11805555625 0.2852182546875 0.12549603125
0 0.4795141375 0.20903769843750003 0.41561334375000003 0.244387153125 0.42309102187500003 0.3239233625 0.466258184375 0.274298115625 0.480873759375 0.29095312500000003 0.4795141375 0.20903769843750003
0 0.4842728171875 0.3572333828125 0.47339608125000004 0.3738883921875 0.46965699375 0.37626760937500003 0.48665203437500004 0.3922428078125 0.4842728171875 0.3572333828125
0 0.5960994546875 0.3065885421875 0.5984786703125 0.3004702375 0.6073159718750001 0.2967313984375 0.6161532734375 0.2977509921875 0.6273700390625 0.2916329359375 0.6273700390625 0.2902733140625 0.540355903125 0.215835565625 0.5583705359375 0.3398985609375 0.5801240078125 0.3191646828125 0.58590228125 0.3116870046875 0.5960994546875 0.3065885421875
1 0.7353670640625001 0.3035153765625 0.7490079359374999 0.31021180625 0.7539682546875001 0.31021180625 0.7457837296875 0.2978110125 0.7413194437499999 0.2938427578125 0.7393353171875 0.2901225203125 0.7269345234375 0.27524156718750004 0.71825396875 0.26631299531249997 0.7137951390625 0.26550520781250003 0.70771255 0.2676341765625 0.6949389874999999 0.27736631875 0.6946924609375 0.2841701390625 0.700148809375 0.289378471875 0.7120535718750001 0.295826884375 0.7353670640625001 0.3035153765625
1 0.766369046875 0.312748015625 0.7678571421875 0.3142361109375 0.7757936515625 0.31696428593750003 0.7797619046875 0.31944444375000003 0.794394840625 0.3239087296875 0.811755953125 0.327380953125 0.8147321421875 0.3268849203125 0.815476190625 0.325644840625 0.8144841265625 0.322420634375 0.800347221875 0.2951388890625 0.74677579375 0.18849206406250002 0.7447916671875 0.18650793593749998 0.7413194437499999 0.1852678578125 0.7333829359374999 0.1852678578125 0.7242063484375 0.18998015937499999 0.718005953125 0.1979166671875 0.7172619046875 0.20510912656250002 0.7242063484375 0.22445436562499999 0.759424603125 0.2953869046875 0.766369046875 0.312748015625
1 0.8139880953124999 0.41021825468750006 0.8169642859374999 0.419394840625 0.821924603125 0.4265873015625 0.8241567453125 0.435019840625 0.8291170640625 0.4427083328125 0.8427579359375 0.44444444375 0.849454365625 0.4429563484375 0.855902778125 0.440228175 0.86259920625 0.43303571406249997 0.8648313484375001 0.42782738125 0.8645833328125001 0.4236111109375 0.8353702875 0.3631455859375 0.830853175 0.37400793593750004 0.8296130953124999 0.3767361109375 0.8271329359375 0.3829365078125 0.82490079375 0.3854166671875 0.8113990578125 0.379603421875 0.8065689484374999 0.3769201390625 0.8033234125 0.375 0.8005952375 0.37599206406249996 0.799603175 0.3767361109375 0.800347221875 0.38095238125 0.8033234125 0.3883928578125 0.8139880953124999 0.41021825468750006
2 0.7693120046875 0.3545639875 0.7811842765625 0.36033978125 0.8036453375000001 0.370928571875 0.825785465625 0.384726190625 0.8447170140625 0.341408234375 0.8408665671875 0.3388412703125 0.8094208828125 0.3276108625 0.7965860609375001 0.3260064484375 0.749738590625 0.310925346875 0.5604238593749999 0.23231175624999997 0.6294114578125 0.291994046875 0.631978421875 0.2942400796875 0.7693120046875 0.3545639875
2 0.47818377968750003 0.2094005453125 0.4776609625 0.197898065625 0.444983134375 0.1843040671875 0.44524454375 0.21149206406249998 0.4601455859375 0.21855059531249998 0.47818377968750003 0.2094005453125
2 0.23304613125 0.1052028765625 0.23170808593749997 0.10804613125 0.2312063484375 0.11206026718749999 0.2303700390625 0.11640897812499999 0.23287896875 0.1220954859375 0.28807266875000004 0.1458454859375 0.282720734375 0.11707787656249999 0.24107440468750002 0.09968353125 0.2385654765625 0.10018526718750001 0.23689310468749997 0.10219221249999999 0.23304613125 0.1052028765625