3 0.692399553125 0.577715278125 0.695076140625 0.6109786703125 0.6820763890625 0.631625 0.65990079375 0.653418403125 0.6319900796875 0.67024131875 0.6082849703125001 0.67903521875 0.57846255 0.6851525296875 0.55628670625 0.6889759421874999 0.5482576890625 0.690123015625 0.543287203125 0.6970052078125 0.54863988125 0.72071006875 0.37811656718750003 0.763914434375 0.378498759375 0.9994357640624999 0.874751984375 0.999751984375 0.874751984375 0.44733730156249996 0.7753596234375 0.41101512968750004 0.7501252484375 0.41751488124999997 0.6885687 0.4370141375 0.681694196875 0.44619022812500003 0.6839880953125 0.47371875 0.692399553125 0.577715278125
3 0.8168591265625 0.3638970734375 0.8393000984375 0.293787203125 0.837393353125 0.293347221875 0.815832340625 0.36140352187499997 0.8168591265625 0.3638970734375
3 0.874751984375 0.3913251484375 0.8463405265624999 0.29349379999999997 0.8439938 0.29305381875 0.8745017359375 0.3974853671875 0.874751984375 0.3913251484375
3 0.8746485609375 0.244944940625 0.8533809531250001 0.317108134375 0.8549942953125 0.320628471875 0.874751984375 0.2515451390625 0.8746485609375 0.244944940625
3 0.874751984375 0.3128546625 0.8580744046875 0.33177554531250003 0.8593945937499999 0.3320689484375 0.874751984375 0.3153482140625 0.874751984375 0.3128546625
3 0.85132738125 0.33177554531250003 0.8526475687499999 0.32502852187500003 0.8520607640625 0.32238839218750004 0.8516207843749999 0.32502852187500003 0.850007440625 0.330748759375 0.85132738125 0.33177554531250003
3 0.7990228171875 0.41965178593749997 0.8070999499999999 0.3952998515625 0.8051711312500001 0.394696925 0.7974556046875 0.418928571875 0.7990228171875 0.41965178593749997
3 0.5509848703125 0.0004764390625 0.8025734124999999 0.1181703875 0.874751984375 0.0714739578125 0.8726178078125001 0 0.5509848703125 0.0004764390625
0 0.679959821875 0.190150296875 0.674731646875 0.1994446921875 0.6712462796875001 0.2035111609375 0.669697171875 0.2089327875 0.6677606640625 0.21028819375 0.6660181046875 0.21648462343750002 0.6654370046875 0.21977653749999998 0.6650498515625001 0.22539186562500002 0.6619516375 0.23275 0.6594342765625 0.2416572421875 0.6652435515625 0.2517264390625 0.7132651296875 0.30129712343750004 0.7889766859375 0.37700868125000003 0.8491974203125 0.43664831406250004 0.874751984375 0.44361929531250005 0.874751984375 0.42173834374999997 0.812212796875 0.3590004953125 0.765900296875 0.3132958828125 0.7593422624999999 0.3049494046875 0.7444377484375 0.2849771828125 0.7226768359375 0.25516765937499997 0.6958484625 0.2185022328125 0.7065798609375 0.211347965625 0.743543403125 0.1895873015625 0.874704365625 0.12579538750000002 0.874751984375 0.09598611093750001 0.8422123015625 0.1114868546875 0.755090278125 0.1502611609375 0.6857688484375 0.18376016875 0.679959821875 0.190150296875
4 0.4176612109375 0.1745580359375 0.4159861109375 0.1787462796875 0.41983903749999996 0.1844419640625 0.42385962343749994 0.1866197921875 0.42536731093749997 0.18544692499999998 0.4312306546875 0.1815939984375 0.43508358124999996 0.18142658750000001 0.43876909687500004 0.1831016859375 0.44178447343749994 0.18544692499999998 0.4441297125 0.1898025796875 0.44463219218749994 0.1960009921875 0.439941715625 0.203204365625 0.43776388906249997 0.20839756875 0.44446478125000005 0.21627108125 0.4468100203125 0.21677380937500002 0.4545161203125 0.21057539687500001 0.4545161203125 0.20856522812499997 0.4538459828125 0.2073923609375 0.449490575 0.20521478124999998 0.449825396875 0.2033720234375 0.45233829375 0.201529265625 0.4538459828125 0.203204365625 0.4545161203125 0.20688988125000002 0.4553536703125 0.2095701890625 0.5124786703125 0.16249652812499998 0.5124786703125 0.1596485609375 0.5113060515625001 0.1586436015625 0.508290675 0.1576383921875 0.508290675 0.1551254953125 0.5109709828125 0.15328273750000002 0.512311259375 0.154623015625 0.5129813984375 0.156298115625 0.513148809375 0.15830853125 0.51331646875 0.16132390937500002 0.5489985125 0.132007440625 0.5476584828125 0.1289920640625 0.5441403765625 0.128321925 0.542800346875 0.126144096875 0.5451455859375 0.1243013390625 0.5478258921875 0.12497147812500001 0.548663690625 0.12714930625 0.5489985125 0.1306674109375 0.56022271875 0.122123759375 0.5613953375 0.11776810468750001 0.54028745 0.0866088796875 0.5092958828125 0.0397028765625 0.50544295625 0.0380275296875 0.4957266859375 0.046571181249999996 0.49606150781249997 0.0492514875 0.497234375 0.05176438437500001 0.49857440468750003 0.0536071421875 0.497904265625 0.0554499015625 0.495894096875 0.0564548609375 0.494386409375 0.0541096234375 0.49488888906249995 0.051429315625000006 0.495056546875 0.0479114578125 0.45652628906250003 0.07990798593750001 0.4566939484375 0.0804107140625 0.45937425625 0.08158333281249999 0.46272470312499997 0.083091021875 0.46289211249999995 0.0866088796875 0.458033978125 0.0874466765625 0.45820163750000004 0.0840962296875 0.45568874062500003 0.08108085312499999 0.42235193437499996 0.109391865625 0.42251934531249996 0.11022966249999999 0.42553472187499997 0.113580109375 0.42620486093750004 0.117265625 0.42101165625 0.11676289687500001 0.4215141375 0.11156969218749999 0.41782886875 0.11341245 0.4156510421875 0.11676289687500001 0.4228544140625 0.126144096875 0.42519965312499997 0.12798685468749998 0.4315654765625 0.1231287203125 0.4340783734375 0.12245882968749999 0.44077926562499997 0.1227936515625 0.44446478125000005 0.1243013390625 0.4493229171875 0.12966220312500001 0.46489256718750005 0.1248603046875 0.45016046562499995 0.13033234062500001 0.45233829375 0.13703323437499998 0.45116567500000004 0.1457442953125 0.4439623015625 0.15177505 0.4176612109375 0.1745580359375
4 0.467178284375 0.1240113078125 0.4677502484375 0.12379885937499999 0.471603421875 0.1316723703125 0.4784717265625 0.13937847187500002 0.48433506875 0.1440689484375 0.49053348281250003 0.14641443437499999 0.4982393359375 0.148089534375 0.5069506453125 0.148759671875 0.5153266375000001 0.14641443437499999 0.525545634375 0.14189136875 0.5317438 0.13653050625000002 0.535429315625 0.1301646828125 0.5396173109375 0.1204484125 0.5421302078125 0.11022966249999999 0.5421302078125 0.09816790625 0.5379422125 0.0891217765625 0.5335865578125001 0.07990798593750001 0.5267182546875 0.0713643359375 0.5183420140624999 0.0660037203125 0.5064479171875 0.0623182046875 0.49421875000000004 0.06131299531249999 0.48450247968750004 0.06499851250000001 0.4784717265625 0.067846478125 0.47378125000000004 0.07303968281249999 0.4682529765625 0.0804107140625 0.4649025296875 0.0876140875 0.46322718281249997 0.0954875984375 0.4625572921875 0.10403124999999999 0.463394840625 0.1117373515625 0.46440004999999995 0.1191083828125 0.467178284375 0.1240113078125
4 0.54308978125 0.6951614578124999 0.5471510421875 0.6906490578125 0.5509866078125001 0.6870389390625 0.5656525296875 0.6852338796875 0.5821235125 0.682977678125 0.5780620046875 0.6710193453125 0.573549603125 0.66853745 0.5753546625 0.6635734125 0.57964136875 0.6617686015625 0.5812209828125 0.6656041671875 0.5803184531250001 0.668762896875 0.582800346875 0.6823005953125 0.6086381453125 0.67625 0.6409744546875 0.6633154765625 0.6674057546875 0.6425076890625 0.6856827875 0.6191693953125 0.69271255 0.5972368546875 0.6854017859375 0.508944940625 0.6789345234375 0.4417415671875 0.7492306546874999 0.37594444375 0.7528861609375 0.37200768906250004 0.73011011875 0.31914484062500004 0.6637504953125 0.2502547125 0.6581267359375 0.24238144843749998 0.6592514875 0.2311341765625 0.6637504953125 0.21932440468749997 0.6648752484375 0.21201339218749998 0.6676870046875 0.2038591265625 0.66937425625 0.20245312499999998 0.6724672625 0.1959858625 0.6710612593749999 0.18867509843750002 0.66290699375 0.1720853171875 0.5532447921875 0.2249479171875 0.4708576390625 0.2713435015625 0.43908358124999997 0.2913075390625 0.42108779687500003 0.30227380937500004 0.39831175625 0.3185825890625 0.38734548593749996 0.325612103125 0.4230672125 0.355698909375 0.44078199375000005 0.3472633921875 0.4638390375 0.3399526296875 0.4868963296875 0.3334853671875 0.5186701390625 0.3270181046875 0.5445391859375001 0.3244873515625 0.5723764874999999 0.325612103125 0.5920595234375 0.329548859375 0.597120784375 0.3337666171875 0.5979642859375 0.3357348703125 0.5839052578125 0.3444516375 0.54960069375 0.3576674109375 0.5107971234375001 0.3689146828125 0.47086880000000003 0.3745384421875 0.43797023749999997 0.3807244546875 0.408726934375 0.37903745 0.3974794140625 0.3773501984375 0.4045091765625 0.367227678125 0.414912946875 0.36104141875 0.42194270781250004 0.355980159375 0.38679439531250004 0.32673685468749997 0.3572700890625 0.3354536203125 0.3314067453125 0.3458576390625 0.300757440625 0.3587921625 0.28219915625 0.3711641859375 0.2681401296875 0.3812869546875 0.259704365625 0.387754215625 0.23411656718749999 0.43246255 0.22202579375 0.457769096875 0.21837028749999998 0.4602998515625 0.23833432499999999 0.525815971875 0.24817584374999999 0.5547780265625 0.25857986093749996 0.5826153281249999 0.2788251484375 0.6413829359375 0.30834945468749997 0.7192710812499999 0.3190344734375 0.742890625 0.33028199375 0.7681974203124999 0.34799652812500004 0.65825396875 0.374990328125 0.5952686015624999 0.40310887968750003 0.57839756875 0.3797705859375 0.4960104171875 0.3792080859375 0.4858876484375 0.365711309375 0.431619046875 0.43094618125000006 0.4124982640625 0.4840900296875 0.40068849218749997 0.4925255453125 0.45467609062500003 0.509677828125 0.5305959828125 0.5279548609375 0.626480159375 0.530485615625 0.643351190625 0.4989928078125 0.6422264390625 0.4742485125 0.635478175 0.4669377484375 0.6326661703124999 0.43966294687499996 0.6276049109375 0.41829290625000004 0.6180446421875 0.40563938437499997 0.6048288687500001 0.4045146328125 0.5888013390625 0.40423363125 0.5803658234375 0.395516865625 0.58430233125 0.3758338296875 0.596674603125 0.3668360609375 0.616919890625 0.35221428593750004 0.65178670625 0.3488400296875 0.660784721875 0.3322502484375 0.7608866562500001 0.33167584375 0.7718752484375 0.33799330312500003 0.769167659375 0.5448945937499999 0.7211088796875 0.5469253468749999 0.71885243125 0.54308978125 0.6951614578124999