3 0 0.42509920625 0.006200396875 0.42559523749999995 0.009920634375 0.424603175 0.013888889062500001 0.42633928593750003 0.015625 0.4273313484375 0.016369046875 0.430803571875 0.0233134921875 0.43427579375 0.02529761875 0.437748015625 0.09499007968749999 0.468998015625 0.099950396875 0.468998015625 0.103174603125 0.466269840625 0.1073908734375 0.4675099203125 0.10912698437499999 0.47073412656249997 0.1111111109375 0.471726190625 0.1135912703125 0.474950396875 0.11755952343750001 0.47594246093750003 0.12524801562500001 0.48363095312500004 0.1297123015625 0.484126984375 0.1515376984375 0.4918154765625 0.15798611093749998 0.49652777812500004 0.17237103125 0.48660714218749995 0.17212301562500001 0.481398809375 0.16741071406250002 0.4766865078125 0.15947420625 0.47271825468750006 0.15550595312499998 0.46825396875 0.1507936515625 0.46502976250000005 0.1453373015625 0.46279761875 0.143601190625 0.4595734125 0.15029761875 0.4541170640625 0.1540178578125 0.453373015625 0.1602182546875 0.4456845234375 0.1542658734375 0.4429563484375 0.1507936515625 0.4427083328125 0.14112103125 0.4392361109375 0.12946428593749998 0.43353174531249994 0.12375992031250001 0.42881944375 0.11582341249999999 0.42757936562500004 0.10391865156249999 0.4228670640625 0.0984623015625 0.4201388890625 0.085268353125 0.41762549531250004 0.0360500984375 0.3960607640625 0.0208333328125 0.3856646828125 0.0081845234375 0.3804563484375 0.0027281750000000002 0.3767361109375 0.0017361109374999999 0.375 0 0.375 0 0.42509920625
3 0.4918154765625 0.4392361109375 0.49404761875 0.44444444375 0.4982638890625 0.44742063437499996 0.50049603125 0.45734127031250005 0.509424603125 0.46651785781250005 0.512896825 0.4675099203125 0.5166170640625001 0.47098214218749995 0.5220734125 0.47222222187499996 0.5240575390625 0.4761904765625 0.5292658734375 0.47718253906249997 0.5322420640625001 0.481646825 0.5384424609375 0.48363095312500004 0.54737103125 0.491071428125 0.559027778125 0.4985119046875 0.559771825 0.5017361109375 0.5580357140625 0.5042162703125 0.5575396828125 0.5071924609375 0.56200396875 0.5079365078125 0.5639880953125 0.5054563484375 0.5739087296875 0.502728175 0.577876984375 0.5054563484375 0.5833333328125 0.5066964281249999 0.5882936515625 0.5064484125 0.5917658734375 0.5076884921875 0.593005953125 0.5114087296875 0.5992063484375 0.519097221875 0.6016865078125 0.5290178578125 0.6071428578125 0.5302579359374999 0.615575396875 0.5362103171875 0.6183035718750001 0.5394345234375 0.6264880953125 0.54365079375 0.6321924609375 0.5483630953125 0.6359126984375 0.549603175 0.6388888890625 0.552579365625 0.6426091265625 0.553075396875 0.653521825 0.559027778125 0.6577380953125 0.5644841265625 0.66592261875 0.56845238125 0.6736111109375 0.5741567453124999 0.6760912703125 0.57762896875 0.6822916671875 0.5803571421875 0.6855158734375 0.5835813484375 0.70907738125 0.5984623015625 0.7145337296875 0.599950396875 0.7209821421875 0.606398809375 0.759424603125 0.6289682546875001 0.7633928578125 0.6321924609375 0.7673611109375 0.63095238125 0.77529761875 0.622023809375 0.780505953125 0.6138392859375 0.7827380953125 0.6083829359374999 0.7832341265625 0.603670634375 0.7795138890625 0.5979662703125 0.77529761875 0.59424603125 0.7693452375 0.5927579359374999 0.7589285718750001 0.5863095234375 0.752480159375 0.5818452375 0.7480158734375 0.5771329359374999 0.735119046875 0.5706845234375 0.7018849203124999 0.5451388890625 0.6364087296875 0.509920634375 0.6267361109375 0.5019841265625 0.60342261875 0.4908234125 0.59970238125 0.48809523749999995 0.599454365625 0.48511904687499996 0.5922619046875 0.4789186515625 0.5835813484375 0.47470238125 0.5801091265625 0.4739583328125 0.568700396875 0.466021825 0.5647321421875 0.46502976250000005 0.5602678578125 0.459325396875 0.54737103125 0.45262896875 0.5419146828125 0.44866071406249997 0.5329861109375 0.4456845234375 0.51612103125 0.437251984375 0.5146329359374999 0.43402777812500004 0.5114087296875 0.4310515875 0.503472221875 0.4293154765625 0.500248015625 0.4270833328125 0.5 0.42534722187499996 0.497271825 0.422123015625 0.49156746093750003 0.419146825 0.47842261875 0.415178571875 0.47296627031250005 0.4206349203125 0.47222222187499996 0.42237103125 0.47718253906249997 0.424355159375 0.47842261875 0.428075396875 0.4918154765625 0.4392361109375
3 0.747519840625 0.531001984375 0.7517361109375 0.5322420640625001 0.7564484125 0.528273809375 0.7673611109375 0.5119047625 0.771825396875 0.5039682546875001 0.7730654765625 0.4982638890625 0.7710813484375 0.49578372968749995 0.7591765875 0.4898313484375 0.7519841265625 0.4987599203125 0.7480158734375 0.506200396875 0.737103175 0.5119047625 0.7280538187500001 0.5033100203124999 0.731646825 0.51884920625 0.7366071421875 0.5248015875 0.747519840625 0.531001984375
3 0.48784722187499996 0.34027777812500004 0.5173611109375 0.35838293593750004 0.5850694437499999 0.393105159375 0.5860615078125 0.3943452375 0.5917658734375 0.39508928593750003 0.59375 0.3988095234375 0.5957341265625 0.40029761875 0.6076388890625 0.406001984375 0.615079365625 0.40674603125 0.6180555562500001 0.41046627031250005 0.622519840625 0.4117063484375 0.6369047625 0.418898809375 0.640873015625 0.42237103125 0.646825396875 0.424355159375 0.677579365625 0.44196428593750003 0.68154761875 0.4424603171875 0.6855158734375 0.4451884921875 0.686755953125 0.44444444375 0.68700396875 0.439980159375 0.684523809375 0.4362599203125 0.6805555562500001 0.43402777812500004 0.6800595234375 0.4310515875 0.62450396875 0.3695436515625 0.622023809375 0.3678075390625 0.6202876984375 0.3645833328125 0.615079365625 0.359126984375 0.599950396875 0.35069444375000003 0.5957341265625 0.349454365625 0.593005953125 0.346478175 0.568700396875 0.33134920625 0.54092261875 0.3164682546875 0.5322420640625001 0.313244046875 0.5292658734375 0.3102678578125 0.516369046875 0.3040674609375 0.4982638890625 0.2926587296875 0.49007936562500004 0.2891865078125 0.4856150796875 0.2886904765625 0.48363095312500004 0.28993055624999997 0.4761904765625 0.30034722187499996 0.47197420625 0.3110119046875 0.471478175 0.328869046875 0.47842261875 0.3358134921875 0.48487103125 0.337549603125 0.48784722187499996 0.34027777812500004
3 0.7199900796875001 0.4632936515625 0.728670634375 0.4670138890625 0.7321428578125 0.4632936515625 0.7418154765625 0.4481646828125 0.7522321421875 0.4295634921875 0.7547123015625 0.428075396875 0.750744046875 0.42509920625 0.740079365625 0.4208829359375 0.724454365625 0.4320436515625 0.709325396875 0.44469246093750003 0.7016369046875 0.44965277812500004 0.7008928578125 0.4516369046875 0.7043650796875001 0.45510912656249997 0.7110615078125 0.45758928593750003 0.7199900796875001 0.4632936515625
3 0.3988095234375 0.237847221875 0.40029761875 0.240575396875 0.415674603125 0.247023809375 0.4270833328125 0.2542162703125 0.44196428593750003 0.2616567453125 0.4479166671875 0.263144840625 0.4585813484375 0.268353175 0.46006944375 0.2671130953125 0.46006944375 0.2641369046875 0.455853175 0.2614087296875 0.4548611109375 0.2581845234375 0.450644840625 0.2579365078125 0.44965277812500004 0.2552083328125 0.4518849203125 0.2522321421875 0.4484126984375 0.24404761874999997 0.4484126984375 0.23958333281250002 0.45734127031250005 0.2296626984375 0.46800595312500004 0.2299107140625 0.4742063484375 0.234623015625 0.481398809375 0.2353670640625 0.48387896875 0.23710317500000003 0.4858630953125 0.2408234125 0.4950396828125 0.240575396875 0.4920634921875 0.23710317500000003 0.4920634921875 0.2356150796875 0.49404761875 0.234623015625 0.49007936562500004 0.23511904687500002 0.487103175 0.2304067453125 0.47842261875 0.2279265875 0.47569444375 0.22544642812500001 0.47222222187499996 0.22470238125000003 0.45386904687499996 0.21552579375 0.44742063437499996 0.2110615078125 0.43427579375 0.206597221875 0.4126984125 0.1956845234375 0.4052579359375 0.1929563484375 0.40054563437499996 0.1897321421875 0.3960813484375 0.1894841265625 0.3945932546875 0.190476190625 0.3943452375 0.193700396875 0.3953373015625 0.1954365078125 0.3970734125 0.2070932546875 0.3988095234375 0.237847221875
3 0.09375 0.18799603125 0.10987103125 0.1994047625 0.12251984062500001 0.20585317500000003 0.130704365625 0.2123015875 0.15277777812499999 0.22544642812500001 0.165178571875 0.23635912656250002 0.1852678578125 0.24751984062500001 0.19097222187500001 0.25322420625 0.202876984375 0.25967261875 0.2123015875 0.2671130953125 0.2209821421875 0.271329365625 0.2331349203125 0.2792658734375 0.2571924609375 0.299603175 0.2720734125 0.3077876984375 0.27529761875 0.312251984375 0.28794642812500004 0.3189484125 0.2946428578125 0.32490079375 0.296875 0.3234126984375 0.2986111109375 0.3107638890625 0.3045634921875 0.29637896874999997 0.30381944375000003 0.2926587296875 0.26240079375 0.26884920625 0.250744046875 0.2616567453125 0.24801587343749998 0.25892857187499996 0.24280753906250002 0.25669642812500004 0.2328869046875 0.250248015625 0.2242063484375 0.24255952343749998 0.2142857140625 0.237847221875 0.2095734125 0.2333829359375 0.1991567453125 0.22941468281250002 0.1889880953125 0.222222221875 0.1855158734375 0.2177579359375 0.18055555625 0.2177579359375 0.17509920625 0.21378968281250002 0.1703869046875 0.20833333281250002 0.13219246093749998 0.184771825 0.12475198437499999 0.1822916671875 0.12276785781249999 0.17881944375 0.1202876984375 0.178075396875 0.11904761875 0.1760912703125 0.11507936562500001 0.17361111093749998 0.1113591265625 0.17261904687500002 0.099454365625 0.165178571875 0.094494046875 0.16468253906250002 0.093501984375 0.1614583328125 0.08854166718749999 0.1612103171875 0.083829365625 0.16344246093749998 0.0828373015625 0.1644345234375 0.0823412703125 0.169146825 0.07936507968749999 0.1738591265625 0.0796130953125 0.1773313484375 0.08407738125 0.1820436515625 0.09250992031250001 0.18576388906250002 0.09375 0.18799603125
3 0.2095734125 0.23239087343749998 0.2165178578125 0.2385912703125 0.23239087343749998 0.24479166718749998 0.30672098281250004 0.293681546875 0.310058284375 0.29095089218750003 0.22767857187499999 0.2356150796875 0.22445436562499999 0.22594246093749998 0.22073412656250002 0.224950396875 0.2199900796875 0.2229662703125 0.21626984062500001 0.21949404687500002 0.2053571421875 0.212549603125 0.19717261875 0.20907738125000003 0.1929563484375 0.20833333281250002 0.1887400796875 0.209325396875 0.184771825 0.2150297625 0.184771825 0.2175099203125 0.1929563484375 0.222222221875 0.197420634375 0.2266865078125 0.2095734125 0.23239087343749998
3 0.118799603125 0.297123015625 0.1269841265625 0.30902777812500004 0.13368055625 0.3137400796875 0.1428571421875 0.3179563484375 0.1522817453125 0.325644840625 0.16319444375 0.3318452375 0.18303571406250002 0.346726190625 0.1929563484375 0.349950396875 0.196924603125 0.3477182546875 0.2008928578125 0.3373015875 0.20386904687500002 0.3328373015625 0.2175099203125 0.318204365625 0.22048611093749998 0.3164682546875 0.221726190625 0.3137400796875 0.1383928578125 0.2601686515625 0.12847222187500001 0.26661706406249996 0.1170634921875 0.2775297625 0.11507936562500001 0.28447420625 0.11483134843750001 0.287450396875 0.11631944375 0.2904265875 0.11656746093749999 0.2953869046875 0.118799603125 0.297123015625
3 0.012896825 0.2232142859375 0.015625 0.2279265875 0.0210813484375 0.2331349203125 0.0515873015625 0.2552083328125 0.05456349218749999 0.2554563484375 0.0515873015625 0.2435515875 0.051835317187499994 0.23958333281250002 0.057539682812500006 0.23115079375 0.0689484125 0.22073412656250002 0.06944444375 0.21701388906250002 0.0667162703125 0.2142857140625 0.0580357140625 0.2095734125 0.052827381250000006 0.2046130953125 0.0295138890625 0.190476190625 0.02529761875 0.19072420625 0.015625 0.1966765875 0.0111607140625 0.20114087343749998 0.0079365078125 0.202876984375 0.005704365625 0.2053571421875 0.006944443749999999 0.2142857140625 0.008928571875000001 0.21949404687500002 0.012896825 0.2232142859375
3 0.0803571421875 0.215277778125 0.08506944375 0.21354166718749998 0.0892857140625 0.21130952343749998 0.0982142859375 0.2041170640625 0.10912698437499999 0.19965277812499999 0.077876984375 0.1783234125 0.0644841265625 0.1706349203125 0.058283729687499994 0.1703869046875 0.05481150781250001 0.17137896875 0.0488591265625 0.17534722187500001 0.0446428578125 0.18055555625 0.04092261875 0.1820436515625 0.0396825390625 0.1835317453125 0.0389384921875 0.1855158734375 0.040674603125 0.193700396875 0.071924603125 0.21626984062500001 0.0803571421875 0.215277778125
3 0 0.2647373515625 0.188209821875 0.41015500937500005 0.183665675 0.3984154265625 0.1832869546875 0.3923563984375 0.189724703125 0.3832678578125 0.181393353125 0.3825104171875 0.1832869546875 0.376830109375 0.1919967765625 0.364712053125 0.0988385421875 0.2946540171875 0.0056803078125 0.22611061562499998 0 0.2211877484375 0 0.2647373515625
3 0.1447619046875 0.24888938437500002 0.140048859375 0.257305803125 0.21411309531249997 0.30847743125 0.22286607187500002 0.3125171125 0.23195585312500003 0.31588368125 0.24138219218749998 0.3212703375 0.24946180624999997 0.32160689531250003 0.2572048609375 0.318240328125 0.256868303125 0.30780406718750003 0.248115328125 0.2913080359375 0.1659712296875 0.23811631875 0.158228175 0.24013616093749998 0.152168403125 0.24215625 0.1447619046875 0.24888938437500002
3 0.0839568453125 0.139955853125 0.0931341765625 0.14607415625 0.11930704375000001 0.1613700390625 0.13086383906250001 0.16884796562499998 0.1376619546875 0.1732666171875 0.156356646875 0.182444196875 0.181169890625 0.19740005 0.21482043593750003 0.21949380000000002 0.22195858125 0.22017361093750001 0.2253576390625 0.20929662656249998 0.11794742031250001 0.154571925 0.115228175 0.148793403125 0.11012946406249999 0.1283990578125 0.0802177578125 0.1253400296875 0.0802177578125 0.131118303125 0.0839568453125 0.139955853125
3 0.2297762890625 0.173606646875 0.22603745000000003 0.1882224703125 0.2355548109375 0.1963802078125 0.2515302578125 0.18856250000000002 0.257988590625 0.19026190468749998 0.383073909375 0.2687802578125 0.3861329359375 0.276597965625 0.3878325890625 0.2799970234375 0.405167659375 0.29155381875 0.409246528125 0.2925736609375 0.41026636875 0.28339608125 0.4157048609375 0.2697998515625 0.42454241093749995 0.25756324375 0.2556091265625 0.1681681546875 0.2454119546875 0.16476909687500002 0.240993303125 0.1640892859375 0.2297762890625 0.173606646875
3 0.524597965625 0.3733439984375 0.510358134375 0.3647998515625 0.4687775296875 0.33745932500000003 0.429475446875 0.3112579359375 0.38447743125 0.2785062 0.37906622031250004 0.2804997515625 0.36710466249999996 0.286195684375 0.365680803125 0.2907524796875 0.480454365625 0.34856646874999997 0.4841567453125 0.3559712296875 0.5263067953125 0.3773311015625 0.5405466265625 0.3827423109375 0.5533625984375 0.388722965625 0.5764313 0.39100148749999997 0.5436795640625001 0.3724895828125 0.538268353125 0.37533755 0.5365595234375 0.3801790671875 0.524597965625 0.3733439984375
3 0.4687775296875 0.365084821875 0.46165773750000005 0.3827423109375 0.45681597187499995 0.398690971875 0.4613727671875 0.40524131875 0.4787455359375 0.41179166718750004 0.4864350203125 0.410367559375 0.4895677078125 0.40524131875 0.4989662703125 0.39584300625 0.5123516859375 0.3907165171875 0.52431324375 0.3810334828125 0.4864350203125 0.35910391875 0.480454365625 0.3573950890625 0.4787455359375 0.3582495046875 0.4687775296875 0.365084821875
3 0.339341765625 0.5234764390625 0.35708209375 0.5343936015625 0.383465278125 0.5484950390625001 0.41530704375000005 0.58033680625 0.4762611609375 0.62809920625 0.6532103171875 0.76683829375 0.6618529265624999 0.7581954359374999 0.6836872515625 0.7299928078125 0.4885431546875 0.5880696921874999 0.44851339218749997 0.5607767859375 0.445329365625 0.558957340625 0.43350247968750005 0.5489499015625 0.417581596875 0.5389424609375 0.3871044140625 0.5239313 0.36345064531250004 0.50755555625 0.35753720312500004 0.51073983125 0.3370674609375 0.5175629953125 0.339341765625 0.5234764390625
3 0.29075471249999996 0.5569955359375001 0.29725545625 0.561427828125 0.3111431046875 0.564382440625 0.3138025796875 0.56083680625 0.3126205359375 0.5484265875000001 0.308779265625 0.5395620046875 0.3049379953125 0.518287203125 0.3013921125 0.5215376984375 0.2931188 0.535425346875 0.280117559375 0.5490173609375 0.2824813984375 0.553154265625 0.283072171875 0.553154265625 0.29075471249999996 0.5569955359375001
3 0.23587202343749997 0.5167078375 0.2474067453125 0.5240052078125 0.24881919687499998 0.514824653125 0.2537626484375 0.49952356093750006 0.2462299109375 0.5025838296875 0.24010937499999999 0.5030545640625 0.23563665625 0.49787574375 0.24152182500000002 0.4865763890625 0.24010937499999999 0.4830453875 0.22904538749999998 0.476689484375 0.22669146874999999 0.478101934375 0.22127728124999999 0.48398710312500004 0.212802828125 0.49928819375 0.2177462796875 0.49928819375 0.2269268359375 0.5070563 0.23587202343749997 0.5167078375
3 0 0.874751984375 0.3775384421875 0.8742477671875 0.15648561562500002 0.7065525796875 0.1398953375 0.72224603125 0.1170280265625 0.7137266859375 0.1040248015625 0.7065525796875 0.091469990625 0.701171875 0 0.7827775296875 0 0.874751984375
3 0.7435756453125 0.1338521828125 0.7722564484375 0.15368080312500002 0.7789841265625 0.161824653125 0.783233134375 0.1798829359375 0.786773809375 0.185194196875 0.79668824375 0.1880267859375 0.8023536703125 0.1784665171875 0.81864136875 0.144474703125 0.796334078125 0.13420610156249999 0.803415921875 0.125 0.7704861109375 0.1257080859375 0.7163112593750001 0.125 0.7255173609375001 0.1274786703125 0.7435756453125 0.1338521828125
3 0.8837929062500001 0.139871528125 0.9142440468749999 0.1473072921875 0.947527778125 0.1558053078125 0.9535473703124999 0.1561594734375 0.9577963796875 0.1487237109375 0.9574422125 0.1448286203125 0.9553177078124999 0.141287946875 0.9595667156250001 0.1359766859375 0.9567341265625 0.1338521828125 0.9163685515625 0.125 0.8575905265625 0.1260622515625 0.8646723703125 0.128894840625 0.87352430625 0.13349801562500002 0.8837929062500001 0.139871528125
3 0.57680233125 0.13810119062499998 0.587070684375 0.1405796125 0.6316852671875 0.158283978125 0.6412455359375 0.16217881875 0.64726488125 0.15686755937500002 0.6500974703125 0.14341245 0.652576140625 0.1257080859375 0.5658256453125 0.1267703375 0.5721991562500001 0.13101934531249998 0.5732614093749999 0.134914434375 0.57680233125 0.13810119062499998
3 0.747824653125 0.20360664687500002 0.8455518359375 0.23689037656249998 0.849092509375 0.2312251984375 0.8590069437500001 0.21245858125 0.78146255 0.186964534375 0.780400296875 0.19156770781250002 0.772610615625 0.19687896875 0.747824653125 0.20360664687500002
3 0.69258755 0.195816715625 0.6982529765625001 0.2050228171875 0.7163112593750001 0.2276842765625 0.7981046625 0.261322171875 0.805186259375 0.272298859375 0.87175396875 0.298146825 0.878481646875 0.2953142359375 0.8866254953125001 0.28115079375 0.895831596875 0.2666334328125 0.8951235125 0.2599057546875 0.8830845734375 0.2563650796875 0.759863590625 0.20785565468749997 0.7449920640625 0.20537698437500002 0.73436954375 0.2057311515625 0.7248092765624999 0.2057311515625 0.7088754953125 0.2025443953125 0.69258755 0.195816715625
3 0.49775694374999996 0.14087549531250002 0.522669146875 0.1482026296875 0.5544201390625 0.16187996093749998 0.553198909375 0.1567509921875 0.5507564484375 0.14795833281249998 0.5490468749999999 0.1359908234375 0.5522219734375 0.1308616078125 0.56589930625 0.125 0.45770188437500003 0.1252442953125 0.4620982140625 0.129884671875 0.47992757968750005 0.1352579359375 0.49775694374999996 0.14087549531250002
3 0.7222519843749999 0.7265409218750001 0.7261612109375 0.7297393359375001 0.728293403125 0.734477678125 0.7259241078125 0.7751096234375 0.7259241078125 0.7790188484375 0.7266349203125 0.7834017859375 0.7290042156250001 0.78896949375 0.7316103671875 0.7929970234375 0.7357564484375 0.797143353125 0.7403762406250001 0.7989201390625 0.74570709375 0.798446428125 0.74961631875 0.7969062499999999 0.7526961812499999 0.7941817953125 0.7551837796875 0.7861264875 0.7582638890625 0.673115328125 0.7573162203125 0.6695615078125 0.7557762890624999 0.6648231640625 0.7516299609375 0.6612693453125 0.7465362109375 0.6587817453125 0.741087053125 0.6584263390625 0.74002108125 0.6590186015625 0.7352824906250001 0.6622170140625 0.731491815625 0.6680215781250001 0.7301887406249999 0.7053365578124999 0.7317286703125 0.70592881875 0.7335057046875 0.706758184375 0.7372963796875001 0.705810515625 0.73871800625 0.6707462796875 0.7393102671875 0.667429315625 0.74250868125 0.6656525296875 0.7477209828125 0.6654154265625001 0.7510376984375 0.666481646875 0.7519853671875001 0.6716939484375 0.7478392859375 0.7871927078125001 0.747365575 0.7899171625 0.7440486109375 0.7919310515625 0.74061334375 0.792641865625 0.7377703375 0.7908648312500001 0.735993303125 0.7875478671875 0.7336240078125 0.7820987109375 0.7336240078125 0.77558358125 0.7345716765625 0.733530009375 0.733150296875 0.729976190625 0.730544146875 0.7255932546875 0.7274642859375 0.7218025796875 0.71822420625 0.7183673109375001 0.6629032734375 0.708771825 0.672735615625 0.716590278125 0.7196458328124999 0.725474703125 0.7222519843749999 0.7265409218750001
3 0.0122462796875 0.5810649796875 0 0.5873990578125 0.0004223703125 0.6482078375 0.044339534375 0.6114692453125 0.0122462796875 0.5810649796875
0 0.5173611109375 0.5820932546875001 0.530505953125 0.5870535718750001 0.537450396875 0.5882936515625 0.5458829359374999 0.57862103125 0.5510912703125 0.56572420625 0.5553075390625 0.5605158734375 0.5587797625 0.5481150796875001 0.5582837296875 0.54637896875 0.5612599203124999 0.5421626984375 0.563244046875 0.5352182546875001 0.5669642859375 0.5302579359374999 0.5691964281249999 0.5248015875 0.5689484125 0.52157738125 0.5699404765625 0.51884920625 0.568204365625 0.515376984375 0.55654761875 0.5101686515625 0.5389384921875 0.500248015625 0.5205853171875 0.493799603125 0.5136408734375 0.4895833328125 0.49950396875 0.4831349203125 0.4583333328125 0.46676587343750003 0.44717261875 0.4699900796875 0.44146825468750006 0.4766865078125 0.43973214218749995 0.48040674531249994 0.43551587343750003 0.484126984375 0.43328372968749995 0.4898313484375 0.43055555625 0.4925595234375 0.42906746093750003 0.49925595312500004 0.419146825 0.525545634375 0.41815476250000005 0.53125 0.41989087343750003 0.534226190625 0.486855159375 0.568204365625 0.5173611109375 0.5820932546875001
0 0.3072916671875 0.3385416671875 0.3107638890625 0.34027777812500004 0.3179563484375 0.3417658734375 0.322420634375 0.3449900796875 0.328869046875 0.346230159375 0.3363095234375 0.3511904765625 0.34424603125000003 0.3541666671875 0.3484623015625 0.3578869046875 0.4231150796875 0.390625 0.430803571875 0.393601190625 0.44196428593750003 0.3953373015625 0.44444444375 0.3988095234375 0.44717261875 0.400049603125 0.4513888890625 0.40054563437499996 0.4546130953125 0.3988095234375 0.4548611109375 0.3955853171875 0.462053571875 0.3772321421875 0.4761904765625 0.3529265875 0.4764384921875 0.3489583328125 0.4751984125 0.3477182546875 0.47073412656249997 0.3452380953125 0.46812996093750003 0.3449900796875 0.45684523749999995 0.34027777812500004 0.44742063437499996 0.333829365625 0.4201388890625 0.3189484125 0.4007936515625 0.3102678578125 0.3980654765625 0.30803571406249997 0.365079365625 0.2921626984375 0.3529265875 0.2876984125 0.3320932546875 0.2772817453125 0.3263888890625 0.275545634375 0.32217261875 0.27529761875 0.31845238125 0.27678571406249997 0.312251984375 0.284226190625 0.3085317453125 0.294394840625 0.302579365625 0.3053075390625 0.30034722187499996 0.31572420625 0.30009920625 0.3229166671875 0.30133928593750003 0.32862103125000003 0.303075396875 0.3330853171875 0.3072916671875 0.3385416671875
0 0.2366071421875 0.24479166718749998 0.306299603125 0.29092261875 0.3087797625 0.2891865078125 0.3137400796875 0.28025793593750004 0.321924603125 0.27430555624999997 0.32762896874999997 0.27455357187499996 0.356646825 0.2884424609375 0.365575396875 0.2889384921875 0.368799603125 0.290674603125 0.3710317453125 0.28571428593750003 0.3727678578125 0.28447420625 0.3712797625 0.2827380953125 0.37549603125000003 0.2770337296875 0.3767361109375 0.2762896828125 0.380704365625 0.27678571406249997 0.38194444375000003 0.27529761875 0.3824404765625 0.2728174609375 0.3735119046875 0.26612103125000003 0.34424603125000003 0.24751984062500001 0.2757936515625 0.20114087343749998 0.2571924609375 0.19072420625 0.2517361109375 0.19072420625 0.24330357187499999 0.1956845234375 0.23115079375 0.2078373015625 0.22544642812500001 0.21825396874999997 0.22544642812500001 0.22718253906250002 0.22767857187499999 0.23487103125000003 0.2321428578125 0.23710317500000003 0.2366071421875 0.24479166718749998
0 0.112103175 0.14087301562500001 0.11904761875 0.153273809375 0.1755952375 0.1822916671875 0.18501984062500001 0.1852678578125 0.18923611093749998 0.1889880953125 0.20386904687500002 0.19469246093749998 0.20982142812500001 0.1994047625 0.21676587343749998 0.20262896874999997 0.2197420640625 0.200148809375 0.2209821421875 0.194196428125 0.2202380953125 0.1912202375 0.222222221875 0.1837797625 0.22718253906250002 0.1765873015625 0.22767857187499999 0.1731150796875 0.2299107140625 0.17162698437499999 0.2353670640625 0.1639384921875 0.24330357187499999 0.159226190625 0.24330357187499999 0.1584821421875 0.23115079375 0.1522817453125 0.22371031718749998 0.150049603125 0.22048611093749998 0.1460813484375 0.1810515875 0.1272321421875 0.1798115078125 0.125 0.11061507968749999 0.125 0.110119046875 0.1329365078125 0.112103175 0.14087301562500001
0 0.73387896875 0.4704861109375 0.7385912703125 0.471726190625 0.74404761875 0.475446428125 0.7482638890625 0.4761904765625 0.7490079359374999 0.477678571875 0.756200396875 0.48239087343750003 0.7604166671875 0.4895833328125 0.7723214281249999 0.4952876984375 0.77529761875 0.4990079359375 0.8353174609374999 0.528769840625 0.85342261875 0.5396825390625 0.8764880953124999 0.5488591265625 0.880704365625 0.5478670640625001 0.8869047625 0.5429067453124999 0.896329365625 0.5324900796875001 0.9020337296875001 0.5238095234375 0.90575396875 0.51612103125 0.9084821421875 0.5074404765625 0.9082341265625 0.500744046875 0.9025297625 0.49553571406249997 0.8573908734375 0.471726190625 0.8524305562500001 0.4702380953125 0.8457341265625 0.466021825 0.83407738125 0.466269840625 0.7956349203124999 0.44915674531249994 0.759424603125 0.4298115078125 0.75595238125 0.428571428125 0.753472221875 0.42881944375 0.7514880953125 0.43303571406249997 0.7487599203124999 0.4360119046875 0.740575396875 0.4513888890625 0.7304067453124999 0.46651785781250005 0.731646825 0.468998015625 0.73387896875 0.4704861109375
0 0.7829861109375 0.440476190625 0.7946428578125 0.44444444375 0.80654761875 0.4521329359375 0.8142361109375 0.45386904687499996 0.821924603125 0.4583333328125 0.8245701890625 0.4583333328125 0.831597221875 0.4623015875 0.8385416671874999 0.4640376984375 0.8417658734375 0.462549603125 0.85887896875 0.43973214218749995 0.86259920625 0.43179563437499996 0.8660714281249999 0.42782738125 0.86904761875 0.421626984375 0.8735119046875001 0.4109623015625 0.87549603125 0.403273809375 0.875 0.40178571406249997 0.8373015875 0.3834325390625 0.8320932546875 0.38169642812500004 0.8261408734375 0.377976190625 0.7864583328125 0.360119046875 0.7829861109375 0.36284722187499996 0.777777778125 0.375744046875 0.7705853171875 0.38616071406249997 0.766369046875 0.39012896874999997 0.76240079375 0.39732142812500004 0.75967261875 0.40054563437499996 0.7571924609375 0.40178571406249997 0.752480159375 0.408978175 0.7477678578125 0.41195436562500004 0.7428075390625 0.418898809375 0.743799603125 0.4201388890625 0.753472221875 0.42410714218749995 0.7589285718750001 0.428075396875 0.7829861109375 0.440476190625
0 0.7410714281249999 0.313244046875 0.7423115078125 0.3162202375 0.76240079375 0.32465277812500004 0.778273809375 0.3335813484375 0.7824900796875001 0.3373015875 0.784722221875 0.341021825 0.786954365625 0.35267857187499996 0.7881944437499999 0.3546626984375 0.8023313484375001 0.359623015625 0.8043154765624999 0.358630953125 0.806795634375 0.3544146828125 0.8110119046875001 0.35044642812500004 0.82217261875 0.328125 0.825148809375 0.31919642812500004 0.827380953125 0.3167162703125 0.8301091265625 0.30803571406249997 0.828869046875 0.3020833328125 0.8023313484375001 0.2919146828125 0.7363591265625 0.2693452375 0.7358630953125 0.2757936515625 0.737103175 0.2876984125 0.740575396875 0.303075396875 0.7410714281249999 0.313244046875
0 0.724950396875 0.2522321421875 0.7361111109375 0.2693452375 0.7884424609375 0.2876984125 0.794146825 0.2891865078125 0.79637896875 0.28794642812500004 0.80282738125 0.27256944375000003 0.802579365625 0.268601190625 0.7991071421875 0.2641369046875 0.7333829359374999 0.23759920625 0.721478175 0.234623015625 0.7202380953125 0.234623015625 0.7209821421875 0.240575396875 0.7227182546875001 0.24280753906250002 0.724950396875 0.2522321421875
0 0.9042658734375 0.3167162703125 0.9074900796875 0.3196924609375 0.9196428578125 0.325396825 0.9332837296875001 0.3296130953125 0.9355158734375 0.33134920625 0.9511408734375 0.3373015875 0.9598214281249999 0.33779761875 0.962549603125 0.34027777812500004 0.966021825 0.34027777812500004 0.968998015625 0.343005953125 0.978174603125 0.34722222187499996 0.9893353171875001 0.3501984125 0.993799603125 0.35243055624999997 0.999751984375 0.35342261875 0.999751984375 0.287450396875 0.9923115078125001 0.2852182546875 0.98387896875 0.280505953125 0.96924603125 0.2762896828125 0.9548611109375 0.27008928593750003 0.9322916671874999 0.262648809375 0.9273313484375001 0.26215277812500004 0.921626984375 0.2591765875 0.91592261875 0.2574404765625 0.90947420625 0.2571924609375 0.903521825 0.2537202375 0.9015376984374999 0.2552083328125 0.9022817453125 0.2601686515625 0.8864087296875001 0.294394840625 0.8802083328125001 0.3020833328125 0.8799603171875001 0.30357142812500004 0.8797123015625001 0.30803571406249997 0.8831845234375001 0.3107638890625 0.8869047625 0.3110119046875 0.9042658734375 0.3167162703125
0 0.8678075390625001 0.24156746093749998 0.8737599203125 0.24305555625 0.874751984375 0.2462797625 0.8799603171875001 0.25 0.8995535718750001 0.25322420625 0.9040178578125 0.25669642812500004 0.908978175 0.256200396875 0.93154761875 0.2616567453125 0.955853175 0.2698412703125 0.9704861109375 0.2760416671875 0.9861111109375 0.2797619046875 0.990575396875 0.2728174609375 0.9955357140625001 0.2614087296875 0.997519840625 0.252976190625 0.9955357140625001 0.246527778125 0.9913194437499999 0.24280753906250002 0.987103175 0.2423115078125 0.981894840625 0.23958333281250002 0.9551091265625 0.23189484062500001 0.9518849203125 0.2321428578125 0.9511408734375 0.234375 0.9454365078125001 0.23933531718749998 0.9427083328125001 0.24007936562499999 0.939980159375 0.2385912703125 0.9332837296875001 0.2380952375 0.9233630953124999 0.23239087343749998 0.906994046875 0.22941468281250002 0.8613591265625 0.2140376984375 0.859623015625 0.215277778125 0.855902778125 0.22594246093749998 0.8519345234375001 0.23189484062500001 0.849950396875 0.2383432546875 0.8504464281249999 0.24032738125000003 0.85342261875 0.2423115078125 0.8678075390625001 0.24156746093749998
0 0.8048115078125001 0.1314484125 0.803075396875 0.134920634375 0.8085317453125 0.134920634375 0.822420634375 0.14112103125 0.8162202375 0.1547619046875 0.8110119046875001 0.1698908734375 0.8050595234375001 0.180803571875 0.8010912703124999 0.19072420625 0.83779761875 0.20560515937499999 0.84325396875 0.20634920625 0.84697420625 0.20833333281250002 0.90029761875 0.2264384921875 0.9079861109375 0.22867063437500001 0.922619046875 0.230902778125 0.9260912703124999 0.23239087343749998 0.928075396875 0.234623015625 0.9355158734375 0.23759920625 0.943204365625 0.2383432546875 0.952380953125 0.2296626984375 0.956597221875 0.22048611093749998 0.9608134921874999 0.21626984062500001 0.971230159375 0.1939484125 0.9734623015625001 0.18501984062500001 0.9709821421875 0.17906746093749998 0.9543650796875 0.174851190625 0.943204365625 0.17088293593749998 0.94072420625 0.17088293593749998 0.9360119046875001 0.16865079375 0.9352678578125 0.16741071406250002 0.925347221875 0.1654265875 0.9149305562500001 0.1614583328125 0.9042658734375 0.15947420625 0.8819444437499999 0.15178571406250002 0.8630952375 0.14756944375 0.8556547625 0.143353175 0.8459821421875 0.13988095312499998 0.8142361109375 0.125 0.8070436515624999 0.125 0.8045634921874999 0.1292162703125 0.8048115078125001 0.1314484125
1 0.8013392859374999 0.3606150796875 0.815228175 0.3700396828125 0.8231646828124999 0.3727678578125 0.834325396875 0.3802083328125 0.88467261875 0.4047619046875 0.8918650796875 0.40699404687499996 0.9040178578125 0.4139384921875 0.908978175 0.41493055625 0.9112103171875001 0.4164186515625 0.915674603125 0.415178571875 0.9179067453125 0.412946428125 0.9273313484375001 0.39930555624999997 0.928075396875 0.3958333328125 0.9196428578125 0.389880953125 0.8970734125 0.3797123015625 0.8762400796875 0.36805555624999997 0.8712797625 0.36383928593750003 0.8325892859374999 0.346478175 0.825644840625 0.341021825 0.818204365625 0.3382936515625 0.8137400796875 0.34474206406249996 0.8112599203125 0.3511904765625 0.8038194437499999 0.359375 0.8013392859374999 0.3606150796875
1 0.825396825 0.330853175 0.831597221875 0.3345734125 0.834325396875 0.3397817453125 0.8328373015625001 0.34325396874999997 0.8353174609374999 0.3459821421875 0.86259920625 0.3571428578125 0.88095238125 0.36631944375000003 0.88467261875 0.36631944375000003 0.8861607140625001 0.36532738125 0.89657738125 0.3516865078125 0.8983134921874999 0.3457341265625 0.8953373015625001 0.3425099203125 0.8301091265625 0.311755953125 0.825148809375 0.3201884921875 0.821924603125 0.331101190625 0.82217261875 0.3335813484375 0.8236607140625001 0.331101190625 0.825396825 0.330853175
1 0.8783921125 0.307818453125 0.8766267359375 0.3056609625 0.8721150796874999 0.30487624062499996 0.8715267859375 0.30173759843750003 0.867407490625 0.300168403125 0.809148809375 0.2762373515625 0.804440971875 0.277806546875 0.865053571875 0.3056609625 0.8750575390625001 0.311545634375 0.8776076390625001 0.31056473281249997 0.8783921125 0.307818453125
1 0.8322953875 0.34430381875 0.8354337796875001 0.33783060468750004 0.8295491078125 0.33429985156250003 0.8211143359375 0.3305729171875 0.816798859375 0.33684995 0.8295491078125 0.34430381875 0.8322953875 0.34430381875
1 0.7065483625 0.46273387968749996 0.7118670640625 0.46422966250000003 0.716853175 0.4683849203125 0.7210084328125 0.4745344734375 0.7249975203125001 0.4805181046875 0.7235014875 0.48749875937500003 0.7273244046875 0.49464558593749997 0.7291525296875 0.49996428593750003 0.7361334328125 0.5071111109374999 0.7392914187499999 0.5079422124999999 0.745440971875 0.5019588296874999 0.7487651296875 0.49231870000000005 0.755247271875 0.48301116093749996 0.7520892859375 0.4811827875 0.69541245 0.4525952375 0.6952462796875001 0.45492212343749994 0.7007311515625 0.45924355156249996 0.7065483625 0.46273387968749996