5 0.6546875 0.9051686515625 0.5746902281249999 0.9004642859375 0.5558673109375001 0.9081088796874999 0.5376326890625001 0.903992559375 0.3376396328125 0.8934077374999999 0.32881646875000003 0.88752728125 0.307640625 0.88752728125 0.2941118546875 0.9086969249999999 0.29528819375 0.925162203125 0.3064642859375 0.9369231156250001 0.32234598281250004 0.9328067953125 0.3346986609375 0.92457415625 0.6446877484375 0.9380992062500001 0.6546875 0.9257502484375 0.658216765625 0.9204578375000001 0.6546875 0.9051686515625
5 0.4982638890625 0.9553571421875 0.5114087296875 0.956101190625 0.5193452375 0.9551091265625 0.5322420640625001 0.949652778125 0.5362103171875 0.943204365625 0.5354662703125 0.935019840625 0.5332341265625 0.9325396828124999 0.527777778125 0.9303075390625001 0.5116567453124999 0.9300595234375001 0.5047123015625 0.9283234125 0.4987599203125 0.9295634921874999 0.4895833328125 0.9293154765624999 0.48859127031250005 0.9300595234375001 0.48809523749999995 0.9330357140625001 0.4895833328125 0.943204365625 0.4920634921875 0.9508928578125 0.4982638890625 0.9553571421875
5 0.5716765875 0.7266865078125 0.5744047625 0.7276785718750001 0.58407738125 0.72470238125 0.5949900796875001 0.719494046875 0.6039186515625 0.718501984375 0.6148313484375 0.7145337296875 0.6168154765625 0.712549603125 0.6185515875 0.7068452375 0.6158234125 0.6924603171875 0.6130952375 0.6875 0.610119046875 0.6857638890625 0.603670634375 0.6889880953125 0.5984623015625 0.6941964281249999 0.5949900796875001 0.6949404765625 0.5927579359374999 0.696924603125 0.5830853171875 0.69345238125 0.5771329359374999 0.6927083328125 0.5701884921875 0.6951884921875 0.564980159375 0.6989087296875 0.5642361109375 0.700396825 0.5644841265625 0.705605159375 0.5704365078125 0.72470238125 0.5716765875 0.7266865078125
5 0.375248015625 0.6964285718750001 0.384424603125 0.697420634375 0.4310515875 0.6728670640625001 0.434523809375 0.668898809375 0.44742063437499996 0.661954365625 0.4451884921875 0.6584821421875 0.43973214218749995 0.656001984375 0.41592261875 0.6525297625 0.40997023749999995 0.6550099203124999 0.40674603125 0.6582341265625 0.3960813484375 0.6646825390625 0.381200396875 0.67237103125 0.377976190625 0.675347221875 0.3670634921875 0.681299603125 0.365575396875 0.6832837296875 0.36532738125 0.6855158734375 0.3702876984375 0.688244046875 0.372519840625 0.693204365625 0.375248015625 0.6964285718750001
5 0.29637896874999997 0.55927579375 0.3015873015625 0.559027778125 0.3060515875 0.5572916671875 0.312251984375 0.5523313484375 0.3142361109375 0.5486111109375 0.3179563484375 0.546626984375 0.3234126984375 0.5414186515625 0.32465277812500004 0.5332341265625 0.325644840625 0.531994046875 0.33407738125 0.5265376984375 0.3395337296875 0.52529761875 0.34697420625 0.5195932546875001 0.3519345234375 0.5176091265625 0.36259920625 0.5104166671875 0.36383928593750003 0.5104166671875 0.3645833328125 0.50967261875 0.36284722187499996 0.505704365625 0.35491071406249997 0.5014880953125 0.3519345234375 0.5009920640625001 0.3492063484375 0.5017361109375 0.293898809375 0.5364583328125 0.286954365625 0.543898809375 0.2854662703125 0.5481150796875001 0.2852182546875 0.55282738125 0.287450396875 0.55654761875 0.2931547625 0.5560515875 0.29637896874999997 0.55927579375
5 0.6875 0.534226190625 0.6954365078125 0.5332341265625 0.7008928578125 0.5292658734375 0.700396825 0.525049603125 0.696924603125 0.5223214281249999 0.6951884921875 0.5178571421875 0.6946924609375 0.50967261875 0.690228175 0.5017361109375 0.6855158734375 0.49801587343750003 0.681795634375 0.49677579375 0.6770833328125 0.49131944375 0.6640989578125 0.4893358140625 0.6546875 0.4993325890625 0.652777778125 0.5079365078125 0.6512896828125 0.50967261875 0.6510416671875 0.5141369046875 0.644097221875 0.5173611109375 0.6416170640625001 0.521329365625 0.6445932546875001 0.525049603125 0.653273809375 0.5275297625 0.6875 0.534226190625
5 0.466269840625 0.4362599203125 0.4737103171875 0.43303571406249997 0.4895833328125 0.4298115078125 0.4925595234375 0.4273313484375 0.49578372968749995 0.42261904687499996 0.50049603125 0.4206349203125 0.5049603171875 0.4171626984375 0.5091765875 0.41195436562500004 0.5275297625 0.39955357187499996 0.53174603125 0.3955853171875 0.5394345234375 0.39112103125000003 0.5545634921875 0.3789682546875 0.5570436515625 0.37822420625 0.5602678578125 0.375 0.5691964281249999 0.3697916671875 0.571924603125 0.3665674609375 0.57490079375 0.3658234125 0.57762896875 0.3611111109375 0.577380953125 0.356894840625 0.57490079375 0.3511904765625 0.5711805562500001 0.346726190625 0.568700396875 0.3452380953125 0.560019840625 0.3454861109375 0.5538194437499999 0.3489583328125 0.547619046875 0.35342261875 0.5448908734375 0.35838293593750004 0.536954365625 0.3613591265625 0.5248015875 0.368799603125 0.52157738125 0.372271825 0.5114087296875 0.37822420625 0.48115079375 0.40029761875 0.47470238125 0.40550595312500004 0.47271825468750006 0.40823412656249997 0.45758928593750003 0.4166666671875 0.4541170640625 0.42137896875 0.4518849203125 0.4270833328125 0.4449404765625 0.4310515875 0.44122023749999995 0.43551587343750003 0.440476190625 0.4384920640625 0.4392361109375 0.4392361109375 0.44593253906249997 0.439980159375 0.466269840625 0.4362599203125
5 0.42534722187499996 0.3643353171875 0.4310515875 0.3645833328125 0.43377976250000005 0.36284722187499996 0.4357638890625 0.35887896874999997 0.43824404687499996 0.3425099203125 0.434523809375 0.33407738125 0.434523809375 0.32713293593750004 0.43303571406249997 0.3266369046875 0.42782738125 0.32862103125000003 0.42113095312500004 0.3333333328125 0.41493055625 0.3358134921875 0.41195436562500004 0.3400297625 0.40997023749999995 0.346478175 0.4077380953125 0.3573908734375 0.41046627031250005 0.36036706406249996 0.41344246093750003 0.361855159375 0.42534722187499996 0.3643353171875
5 0.437748015625 0.35987103125000003 0.42782738125 0.372519840625 0.40302579375 0.39756944375000003 0.393353175 0.40674603125 0.390873015625 0.4079861109375 0.37450396874999997 0.424851190625 0.36631944375000003 0.43154761875 0.3588154765625 0.43869618125 0.3792162703125 0.4327876984375 0.390625 0.42385912656249997 0.40252976250000005 0.41765872968749995 0.408978175 0.41071428593750003 0.4166666671875 0.40674603125 0.421875 0.40277777812500004 0.4283234125 0.40029761875 0.468501984375 0.374751984375 0.47247023749999995 0.3732638890625 0.48704613124999996 0.36813070468750003 0.47842261875 0.3573908734375 0.48015872968749995 0.3516865078125 0.47991071406249997 0.349454365625 0.47594246093750003 0.3452380953125 0.468998015625 0.3390376984375 0.46800595312500004 0.3400297625 0.46428571406249997 0.3385416671875 0.4640376984375 0.33705357187499996 0.46031746093750003 0.33407738125 0.4580853171875 0.33482142812500004 0.4543650796875 0.3330853171875 0.44890872968749995 0.338045634375 0.44618055625 0.34275793593750004 0.43973214218749995 0.3484623015625 0.43824404687499996 0.353174603125 0.437748015625 0.35987103125000003
5 0.3226686515625 0.31200396874999997 0.325396825 0.3050595234375 0.32862103125000003 0.3033234125 0.3301091265625 0.299355159375 0.334325396875 0.29365079375 0.3420138890625 0.27455357187499996 0.349454365625 0.2638888890625 0.35615079375 0.24801587343749998 0.362351190625 0.2296626984375 0.3635912703125 0.22842261874999997 0.362351190625 0.22544642812500001 0.3630952375 0.22371031718749998 0.365079365625 0.2232142859375 0.3665674609375 0.22147817500000003 0.365079365625 0.21304563437500001 0.36036706406249996 0.20882936562499999 0.3571428578125 0.2073412703125 0.343005953125 0.2053571421875 0.34027777812500004 0.20634920625 0.3385416671875 0.20882936562499999 0.33407738125 0.22445436562499999 0.3353174609375 0.22693452343749998 0.337549603125 0.22842261874999997 0.3373015875 0.23363095312499998 0.325644840625 0.2740575390625 0.3216765875 0.2929067453125 0.31696428593750003 0.30654761875 0.31597222187499996 0.31349206406249996 0.31572420625 0.31845238125 0.3167162703125 0.31944444375000003 0.31919642812500004 0.3139880953125 0.3226686515625 0.31200396874999997
5 0.48660714218749995 0.3015873015625 0.48784722187499996 0.297619046875 0.4923115078125 0.29637896874999997 0.49677579375 0.2929067453125 0.509920634375 0.28819444375000003 0.512152778125 0.2862103171875 0.5451388890625 0.27157738125 0.5523313484375 0.2673611109375 0.5538194437499999 0.26463293593750004 0.562251984375 0.2609126984375 0.568204365625 0.25967261875 0.5716765875 0.256200396875 0.574652778125 0.255704365625 0.576512896875 0.2535962296875 0.5803571421875 0.252728175 0.5833333328125 0.250744046875 0.5863095234375 0.250744046875 0.6014384921875 0.2462797625 0.6108630953125 0.24107142812500001 0.6272321421875 0.2353670640625 0.6388888890625 0.22941468281250002 0.6448412703125 0.22842261874999997 0.65625 0.2232142859375 0.65947420625 0.2242063484375 0.662450396875 0.2234623015625 0.6641865078125 0.22197420625 0.6666666671875 0.2165178578125 0.6785714281249999 0.21378968281250002 0.6830357140625 0.21378968281250002 0.684771825 0.20907738125000003 0.684523809375 0.20114087343749998 0.6800595234375 0.1887400796875 0.6758432546875001 0.18154761875 0.671130953125 0.1765873015625 0.6681547625 0.17534722187500001 0.6520337296875 0.18501984062500001 0.6498015875 0.18849206406250002 0.6478174609375 0.18799603125 0.6455853171875 0.194196428125 0.6426091265625 0.19717261875 0.6160714281249999 0.20833333281250002 0.5925099203124999 0.2209821421875 0.5850694437499999 0.22371031718749998 0.5520833328125 0.24007936562499999 0.544394840625 0.24503968281250002 0.531498015625 0.25049603125000003 0.515873015625 0.259920634375 0.5039682546875001 0.263144840625 0.500744046875 0.2676091265625 0.4952876984375 0.271329365625 0.4923115078125 0.278273809375 0.486855159375 0.2832341265625 0.48040674531249994 0.29737103125000003 0.47867063437499996 0.2986111109375 0.4794146828125 0.30009920625 0.48660714218749995 0.3015873015625
5 0.5044642859375 0.48635912656249997 0.5114087296875 0.49032738125 0.52529761875 0.49404761875 0.53075396875 0.49404761875 0.53075396875 0.4898313484375 0.5233134921875 0.4623015875 0.521825396875 0.46006944375 0.503472221875 0.46031746093750003 0.4985119046875 0.4608134921875 0.49627976250000005 0.462549603125 0.49603174531249994 0.46651785781250005 0.497519840625 0.46800595312500004 0.5017361109375 0.477678571875 0.5044642859375 0.48635912656249997
5 0.6267361109375 0.6966765875 0.628472221875 0.7011408734375 0.6364087296875 0.706597221875 0.64657738125 0.7175099203124999 0.6517857140625 0.7204861109375 0.659722221875 0.7299107140625 0.6736111109375 0.737103175 0.67782738125 0.7420634921875 0.6961805562500001 0.7569444437499999 0.700644840625 0.7619047625 0.7085813484375 0.765873015625 0.712549603125 0.77157738125 0.71552579375 0.7730654765625 0.71825396875 0.7760416671875 0.7207341265625 0.7767857140625 0.7237103171875 0.780505953125 0.7331349203124999 0.783730159375 0.7356150796875001 0.7891865078125 0.744295634375 0.7946428578125 0.747519840625 0.799851190625 0.750248015625 0.800347221875 0.759424603125 0.8087797625 0.7678571421875 0.81299603125 0.771329365625 0.8169642859374999 0.7822420640625001 0.8241567453125 0.787450396875 0.8293650796875 0.790674603125 0.831101190625 0.7958829359374999 0.8365575390625001 0.802579365625 0.84052579375 0.8058035718750001 0.844494046875 0.8087797625 0.8459821421875 0.8144841265625 0.8514384921874999 0.8268849203125 0.8648313484375001 0.8296130953124999 0.8663194437499999 0.8318452375 0.872271825 0.831101190625 0.8767361109375 0.8333333328125001 0.8792162703124999 0.8370535718750001 0.880704365625 0.840773809375 0.8836805562500001 0.8484623015625001 0.8926091265625 0.855902778125 0.8975694437499999 0.8616071421875 0.8990575390625001 0.8702876984374999 0.8960813484375001 0.8732638890625 0.8883928578125 0.874751984375 0.888144840625 0.874751984375 0.8509424609374999 0.872271825 0.84970238125 0.8700396828124999 0.8452380953124999 0.8675595234375001 0.843501984375 0.8648313484375001 0.844494046875 0.862847221875 0.84375 0.85342261875 0.844494046875 0.846230159375 0.8373015875 0.8325892859374999 0.828373015625 0.815476190625 0.8142361109375 0.8050595234375001 0.8077876984374999 0.7946428578125 0.7983630953125 0.7904265875 0.797123015625 0.7884424609375 0.7946428578125 0.7827380953125 0.790674603125 0.7795138890625 0.7864583328125 0.7542162703125 0.7673611109375 0.7435515875 0.7619047625 0.7331349203124999 0.7517361109375 0.724454365625 0.7460317453124999 0.7209821421875 0.7450396828125 0.7165178578125 0.740079365625 0.6837797625 0.71924603125 0.6453373015625 0.688244046875 0.627976190625 0.6760912703125 0.6185515875 0.671875 0.6173115078125 0.6736111109375 0.6165674609375 0.6857638890625 0.6180555562500001 0.690476190625 0.6212797625 0.6939484125 0.6267361109375 0.6966765875
5 0.2729360125 0.21229861093750002 0.26234821406250003 0.20288988125000001 0.24293700468749999 0.20347792656250002 0.243525296875 0.22053124999999998 0.24999553593749999 0.22876388906249998 0.192938740625 0.49871081406249995 0.20470312499999999 0.5028271328125 0.21176165624999999 0.4893020828125 0.221761409375 0.46342807500000005 0.26543625937500004 0.231756696875 0.2752889390625 0.2317041171875 0.27764186562500004 0.2187671125 0.2729360125 0.21229861093750002
5 0.3929317953125 0.1811490578125 0.4017549609375 0.179972965625 0.40351959375 0.17115228124999998 0.3858732640625 0.1705642359375 0.3617564484375 0.2428938484375 0.3858732640625 0.2064350203125 0.38175570468750003 0.1999665171875 0.3929317953125 0.1811490578125
5 0.40881374062500003 0.1917338796875 0.39234375 0.18702951406249999 0.38469692499999997 0.1958501984375 0.3864615578125 0.207023065625 0.26058358125000003 0.4105037203125 0.2599952875 0.41697222187499994 0.20764409687500002 0.5016510421875 0.22470238125000003 0.50811954375 0.276465278125 0.42344072343750006 0.4051374015625 0.2258745046875 0.41175471249999995 0.2223122515625 0.42175446406250006 0.20290674531250003 0.40881374062500003 0.1917338796875
5 0.36984449375 0.28837227187500003 0.331757440625 0.34462574375 0.3582271828125 0.3334528765625 0.36984449375 0.28837227187500003
5 0.2988174609375 0.45754761874999994 0.3211696421875 0.4534313 0.3446981640625 0.37226388906249996 0.331757440625 0.369928571875 0.324110615625 0.368164434375 0.2988174609375 0.45754761874999994
5 0.3264635421875 0.4699303078125 0.2235260421875 0.568133928125 0.22529067500000002 0.57871875 0.2299962796875 0.58636334375 0.23940773750000002 0.5851872515625 0.3335220734375 0.497568453125 0.3264635421875 0.49521627031250004 0.318816715625 0.48639558593750004 0.3264635421875 0.4699303078125
5 0.3105818453125 0.48521949375 0.3094052578125 0.4805151296875 0.2946999015625 0.484043403125 0.2823474703125 0.49109995 0.276465278125 0.504625 0.283523809375 0.5099174109375 0.3105818453125 0.48521949375
5 0.276465278125 0.48874776718749996 0.27999454375 0.4816912203125 0.26823040625 0.48521949375 0.26117162656250004 0.5216783234375 0.26940674531250003 0.521090278125 0.2741123515625 0.5081532734375 0.276465278125 0.48874776718749996
5 0.3182286703125 0.358789434375 0.2882296625 0.4074858625 0.27881820468749996 0.45640525781249996 0.2958764875 0.451112846875 0.3211696421875 0.3634938 0.3182286703125 0.358789434375
5 0.257054315625 0.4622857140625 0.243525296875 0.4816912203125 0.319993303125 0.47522271875 0.3370513390625 0.4681661703125 0.3335220734375 0.45522916718750006 0.257054315625 0.4622857140625
5 0.5052807546875 0.8028318453125 0.48528149843749996 0.672285465625 0.4588120046875 0.6617006453125 0.47351736093749996 0.7793100203125001 0.5052807546875 0.8028318453125
5 0.519398065625 0.89812896875 0.5124866078125 0.8559995046875001 0.4805758921875 0.825211309375 0.49292832343750004 0.8969528765625 0.519398065625 0.89812896875
5 0.37646180625 0.8692978671875 0.387637896875 0.8910555562500001 0.39940228125 0.8928196921874999 0.4094017859375 0.886351190625 0.42351909687499995 0.8698859125 0.4141076390625 0.8498923609375 0.40704910781250003 0.849304315625 0.311758184375 0.6734615578125001 0.2829357640625 0.641119046875 0.284112103125 0.632886409375 0.257054315625 0.570553571875 0.23999603125000002 0.5817264390625 0.38469692499999997 0.8645935015624999 0.37646180625 0.8692978671875
5 0.37352083281250004 0.8928365578124999 0.3823439984375 0.8810756453125 0.3788147328125 0.864022321875 0.37646180625 0.8546135906250001 0.3617564484375 0.8557896828124999 0.2411723703125 0.5840786203125 0.229408234375 0.589832340625 0.3411688984375 0.8657864578125001 0.3311693953125 0.8740190968749999 0.343521825 0.89636483125 0.37352083281250004 0.8928365578124999
5 0.53116245 0.8828229171875 0.554102678125 0.9034045140625 0.5652787703125 0.9063447421875 0.5723373015625 0.895171875 0.5846899796875 0.87753050625 0.5864546125000001 0.8639717265625 0.562337796875 0.8433732640624999 0.5505734125 0.8474895828125 0.30822891874999997 0.6369689984375 0.29293526718749996 0.6305004953125 0.2829357640625 0.6369689984375 0.2829357640625 0.6452353671875 0.5364563484375 0.8728261406250001 0.53116245 0.8828229171875
5 0.3266693953125 0.5955763890625 0.312714534375 0.5920885421875 0.3037986109375 0.5920885421875 0.28906845312499996 0.6002266859375001 0.28674255937500004 0.61185243125 0.288680803125 0.6238658234375001 0.3049615578125 0.6292911703125 0.31852901718750004 0.625028521875 0.5937532234375 0.69517113125 0.6018936015625 0.6943960812500001 0.6073204359375 0.6847078375 0.6104216265625 0.6719193953125 0.5877447921875001 0.6639295640625 0.56080381875 0.658355903125 0.3255064484375 0.6017767859375 0.3266693953125 0.5955763890625
5 0.35705753906250004 0.599398809375 0.6703395343749999 0.6850458828125 0.683408234375 0.6883120046875 0.68377108125 0.6995622515625 0.7175314984375001 0.7119012890625 0.7287849703125 0.706820684375 0.7404015375 0.6839570937499999 0.7425796124999999 0.6679890875 0.7345932546875 0.6531096234375 0.724065971875 0.6473030750000001 0.704826140625 0.6443998015625 0.6942986109375 0.644762896875 0.6881272328125 0.6535181046874999 0.3574203875 0.5732693453125 0.348344990625 0.5819791671875 0.34870808593749997 0.5932294140625001 0.35705753906250004 0.599398809375
5 0.7084561015624999 0.6153462296875001 0.7084561015624999 0.6008296125 0.693935515625 0.5910310015625 0.6638053078125 0.5866760906249999 0.6598120046875 0.5932085812500001 0.33418749999999997 0.5253442453125 0.32910540625 0.527884671875 0.3247490078125 0.5351428578124999 0.3276532734375 0.5453043156249999 0.33200942499999997 0.5485704359375 0.6478325890625001 0.6226044140625 0.652188740625 0.6255076890625 0.655455853125 0.6389352671874999 0.6924833828125 0.6494598218750001 0.704826140625 0.6331287203125 0.7084561015624999 0.6153462296875001
5 0.5806748515625 0.626596478125 0.57150868125 0.606780009375 0.5396540171875001 0.5986522812499999 0.5472775296875 0.6182495046875001 0.5806748515625 0.626596478125
5 0.693802828125 0.5902681046875 0.714027034375 0.596652778125 0.7134947921875 0.6115505953125 0.7252033734375 0.6147428078125 0.725735615625 0.626980159375 0.752878471875 0.6344290671875 0.76511954375 0.595056546875 0.76778050625 0.582819196875 0.7379764390625 0.57377430625 0.7310577875 0.5849474203125 0.7246711312499999 0.579626984375 0.332430059375 0.469490328125 0.3217857140625 0.48172767812500006 0.3239146828125 0.49183680625 0.693802828125 0.5902681046875
5 0.7933266375 0.6046336812499999 0.8023745046874999 0.60144146875 0.8087609125 0.5556842765625001 0.7842790171875 0.5487673609375 0.7800213296875 0.5594084828125 0.4298251484375 0.47108655781250003 0.3606374015625 0.45352852187500003 0.34999305625 0.4583172125 0.3478643359375 0.4748110125 0.369152778125 0.4801314484375 0.7305255453124999 0.5769665171875 0.7645873015625 0.5812229656250001 0.76778050625 0.5977170140625 0.7933266375 0.6046336812499999
5 0.4354134421875 0.4652033734375 0.8244613093750001 0.4327475203125 0.8356376484375 0.44392088281250003 0.8606517859375 0.4444528765625 0.8643772328124999 0.43327976250000005 0.8659739578125001 0.40827281718749997 0.8558618546875 0.38752256875 0.8287189984375001 0.39284300625 0.8223323406249999 0.4029521328125 0.5367998515625 0.43221552656249995 0.391106646875 0.4458616078125 0.3896431046875 0.4572224703125 0.40933482187500003 0.466799603125 0.4354134421875 0.4652033734375
5 0.5083266375 0.43381175625 0.5061976687499999 0.4212467765625 0.4944890875 0.42795907812499995 0.487037946875 0.43381175625 0.5083266375 0.43381175625
5 0.5493070437500001 0.47212003906250005 0.5594188984375 0.4598826890625 0.5296150796875 0.4598826890625 0.52163194375 0.4662673609375 0.5493070437500001 0.47212003906250005
5 0.3597946421875 0.4491014390625 0.3816897328125 0.4577291671875 0.3871235125 0.4478234125 0.40086755937499996 0.4439888390625 0.444337796875 0.42098189531249997 0.55141493125 0.34844593281249997 0.5606842765625 0.343013640625 0.5750679562500001 0.3497239578125 0.69716790625 0.2806765875 0.7102728171875 0.28898487031250003 0.7320079359375 0.2784399796875 0.7342452875000001 0.270131696875 0.7272135421875 0.2512787703125 0.713149553125 0.230828125 0.6888573906250001 0.243290178125 0.6878985609375 0.2579890875 0.47244146875000004 0.377857390625 0.34011334375 0.4516716265625 0.33499925625000004 0.4561450890625 0.33915451406249997 0.46988541718750004 0.3449077375 0.4708439984375 0.3479682546875 0.464439484375 0.3521235125 0.4542140375 0.3597946421875 0.4491014390625
5 0.43914781718749996 0.2952604171875 0.3299208828125 0.3464759421875 0.3202549609375 0.35517286718749996 0.3205771328125 0.362581596875 0.33282093281249997 0.36966790625 0.4327036203125 0.32550545625 0.43205927656250004 0.32135143906249997 0.42432638906250003 0.31523115156250003 0.43914781718749996 0.2952604171875
5 0.49488888906249995 0 0.43012599218750003 0.29975148749999997 0.45106919687499997 0.2878333328125 0.51132118125 0.0065939984375 0.5068102671875 0 0.49488888906249995 0
5 0.44172544687500004 0.3297239578125 0.452358134375 0.3335892859375 0.4633129953125 0.33262301562499996 0.46943477187499993 0.332944940625 0.47748983125000005 0.31297420625 0.47459002968749997 0.3058876484375 0.656634671875 0.000803075 0.6282807546875 0 0.45525793593749997 0.287508928125 0.45139136874999997 0.293325396875 0.4484915671875 0.2946138390625 0.43979216250000003 0.2949360125 0.4259375 0.31716170625 0.44172544687500004 0.3297239578125