0 0.4623015875 0.7676091265625 0.46800595312500004 0.769097221875 0.4742063484375 0.7728174609375 0.48660714218749995 0.7760416671875 0.49156746093750003 0.7795138890625 0.49776785781250005 0.7800099203124999 0.500744046875 0.781498015625 0.5022321421875 0.7834821421875 0.5081845234375 0.784722221875 0.513144840625 0.786954365625 0.5178571421875 0.787450396875 0.5324900796875001 0.79365079375 0.543898809375 0.8055555562500001 0.5491071421875 0.8060515875 0.550347221875 0.80927579375 0.5553075390625 0.8125 0.559771825 0.8177083328125001 0.5605158734375 0.8206845234375001 0.565972221875 0.8241567453125 0.5709325390625 0.8296130953124999 0.57217261875 0.8323412703124999 0.5763888890625 0.8353174609374999 0.5766369046875 0.838045634375 0.5848214281249999 0.84697420625 0.58779761875 0.8521825390625001 0.59424603125 0.858630953125 0.5952380953125 0.861855159375 0.6006944437499999 0.8675595234375001 0.6021825390625 0.8705357140625001 0.606894840625 0.872271825 0.6195436515625 0.87177579375 0.622023809375 0.8727678578125 0.6326884921875 0.8732638890625 0.7013888890625 0.8732638890625 0.7165178578125 0.872271825 0.71825396875 0.8707837296875001 0.7291666671875 0.8487103171875001 0.7420634921875 0.825644840625 0.7452876984375 0.8177083328125001 0.7554563484375 0.80009920625 0.7554563484375 0.796875 0.752480159375 0.790674603125 0.7408234125 0.7738095234375 0.7363591265625 0.765376984375 0.7142857140625 0.730902778125 0.7083333328125 0.71924603125 0.6986607140625 0.70907738125 0.6939484125 0.6986607140625 0.6733630953125 0.6681547625 0.6701388890625 0.6607142859375 0.6646825390625 0.652777778125 0.659722221875 0.6475694437499999 0.6550099203124999 0.6443452375 0.65029761875 0.643105159375 0.6386408734375 0.641369046875 0.5865575390625 0.6383928578125 0.5486111109375 0.634920634375 0.5329861109375 0.6351686515625 0.5290178578125 0.6396329359374999 0.52529761875 0.6421130953125 0.5203373015625 0.6493055562500001 0.515873015625 0.65302579375 0.44915674531249994 0.735119046875 0.44097222187499996 0.747271825 0.44122023749999995 0.7517361109375 0.44940476250000005 0.7619047625 0.4585813484375 0.7646329359374999 0.4623015875 0.7676091265625
0 0.446924603125 0.674355159375 0.44940476250000005 0.678075396875 0.45238095312500004 0.681299603125 0.46279761875 0.688244046875 0.4704861109375 0.6892361109375 0.4699900796875 0.6860119046875 0.4742063484375 0.68154761875 0.4789186515625 0.6741071421875 0.48487103125 0.668898809375 0.4858630953125 0.6666666671875 0.5076884921875 0.6421130953125 0.5101686515625 0.6361607140625 0.502976190625 0.6292162703125 0.49776785781250005 0.6262400796875001 0.4947916671875 0.6232638890625 0.49007936562500004 0.6200396828125 0.48635912656249997 0.6197916671875 0.4605654765625 0.646329365625 0.446924603125 0.66220238125 0.4449404765625 0.66592261875 0.44618055625 0.6681547625 0.44593253906249997 0.67137896875 0.446924603125 0.674355159375
0 0.3821924609375 0.5302579359374999 0.3883928578125 0.5364583328125 0.3926091265625 0.544394840625 0.396329365625 0.5453869046875 0.400049603125 0.5478670640625001 0.40228174531249994 0.546875 0.40252976250000005 0.5399305562500001 0.3985615078125 0.5267857140625 0.3851686515625 0.487103175 0.3824404765625 0.481894840625 0.380704365625 0.475446428125 0.3769841265625 0.46924603125 0.3474702375 0.48363095312500004 0.34275793593750004 0.48759920625 0.337549603125 0.4890873015625 0.3333333328125 0.4925595234375 0.333829365625 0.49553571406249997 0.3695436515625 0.5203373015625 0.3821924609375 0.5302579359374999
0 0.25967261875 0.46502976250000005 0.2676091265625 0.462053571875 0.303075396875 0.44469246093750003 0.30902777812500004 0.439980159375 0.2790178578125 0.419394840625 0.24727182499999997 0.42509920625 0.24330357187499999 0.4273313484375 0.2435515875 0.43402777812500004 0.2519841265625 0.46875 0.25595238125 0.4677579359375 0.25967261875 0.46502976250000005
0 0.3735119046875 0.41046627031250005 0.3730158734375 0.4072420640625 0.36904761875 0.4007936515625 0.34275793593750004 0.406498015625 0.34052579375 0.4079861109375 0.3454861109375 0.4231150796875 0.356398809375 0.419394840625 0.3735119046875 0.41046627031250005
0 0.2234623015625 0.486855159375 0.2462797625 0.4833829359375 0.26884920625 0.48363095312500004 0.294146825 0.4858630953125 0.302579365625 0.4856150796875 0.3048115078125 0.487103175 0.31944444375000003 0.49032738125 0.32217261875 0.4920634921875 0.330853175 0.4935515875 0.3452380953125 0.48511904687499996 0.35243055624999997 0.48214285781250005 0.3616071421875 0.4766865078125 0.36532738125 0.47569444375 0.3712797625 0.47197420625 0.374751984375 0.471726190625 0.3797123015625 0.46552579375 0.3829365078125 0.4635416671875 0.3841765875 0.4613095234375 0.3854166671875 0.4608134921875 0.3883928578125 0.462053571875 0.389880953125 0.4595734125 0.39508928593750003 0.4585813484375 0.3953373015625 0.45709325468750006 0.38740079375 0.440476190625 0.38740079375 0.4362599203125 0.384424603125 0.43328372968749995 0.3824404765625 0.42782738125 0.37946428593750003 0.424355159375 0.3735119046875 0.41220238125 0.3727678578125 0.4114583328125 0.3700396828125 0.4117063484375 0.3658234125 0.415178571875 0.3544146828125 0.41865079375 0.3452380953125 0.4231150796875 0.3400297625 0.4270833328125 0.33134920625 0.43030753906249997 0.31696428593750003 0.43824404687499996 0.259920634375 0.46478174531249994 0.25322420625 0.46825396875 0.2462797625 0.4734623015625 0.2289186515625 0.48090277812500004 0.22445436562499999 0.48363095312500004 0.2234623015625 0.4856150796875 0.218501984375 0.48660714218749995 0.2234623015625 0.486855159375
0 0.2571924609375 0.303075396875 0.25967261875 0.31572420625 0.2633928578125 0.3206845234375 0.26612103125000003 0.322420634375 0.2673611109375 0.3293650796875 0.26909722187499996 0.334325396875 0.271329365625 0.3373015875 0.286954365625 0.33159722187499996 0.2986111109375 0.32465277812500004 0.31845238125 0.31597222187499996 0.327876984375 0.3189484125 0.3335813484375 0.3226686515625 0.3417658734375 0.3258928578125 0.34325396874999997 0.3234126984375 0.3425099203125 0.318700396875 0.34052579375 0.314980159375 0.3373015875 0.31349206406249996 0.3358134921875 0.3087797625 0.3363095234375 0.30357142812500004 0.33779761875 0.3008432546875 0.3459821421875 0.2916666671875 0.3539186515625 0.2889384921875 0.361855159375 0.283978175 0.3665674609375 0.2827380953125 0.36904761875 0.280505953125 0.37549603125000003 0.2668650796875 0.3854166671875 0.2522321421875 0.3851686515625 0.249751984375 0.3730158734375 0.25 0.2601686515625 0.268105159375 0.2549603171875 0.2693452375 0.2537202375 0.27157738125 0.2547123015625 0.2762896828125 0.2542162703125 0.2876984125 0.25669642812500004 0.2931547625 0.2571924609375 0.303075396875
0 0.34697420625 0.328373015625 0.35342261875 0.33482142812500004 0.356646825 0.3358134921875 0.359623015625 0.33506944375000003 0.3630952375 0.3060515875 0.3685515875 0.28447420625 0.365079365625 0.2834821421875 0.346726190625 0.2921626984375 0.3415178578125 0.29637896874999997 0.3365575390625 0.30381944375000003 0.3360615078125 0.3085317453125 0.3387896828125 0.3139880953125 0.3420138890625 0.3172123015625 0.34697420625 0.328373015625
0 0.365079365625 0.24727182499999997 0.36904761875 0.2487599203125 0.3886408734375 0.24727182499999997 0.3980654765625 0.2408234125 0.40823412656249997 0.23239087343749998 0.41046627031250005 0.22941468281250002 0.435019840625 0.21825396874999997 0.44345238125 0.215773809375 0.4456845234375 0.2145337296875 0.4481646828125 0.21130952343749998 0.408730159375 0.209325396875 0.3613591265625 0.20833333281250002 0.3581349203125 0.2110615078125 0.3581349203125 0.21701388906250002 0.356646825 0.21924603125000003 0.3551587296875 0.22544642812500001 0.35491071406249997 0.2289186515625 0.3571428578125 0.234375 0.361855159375 0.2435515875 0.365079365625 0.24727182499999997
0 0.3573908734375 0.23487103125000003 0.3556547625 0.2299107140625 0.3554067453125 0.2227182546875 0.35887896874999997 0.2110615078125 0.356646825 0.20833333281250002 0.340773809375 0.20064484062500001 0.337549603125 0.19990079375 0.3328373015625 0.20138888906250002 0.3241567453125 0.2085813484375 0.32465277812500004 0.21701388906250002 0.328125 0.221726190625 0.353174603125 0.2353670640625 0.3573908734375 0.23487103125000003
0 0.8417658734375 0.25099206406249996 0.853670634375 0.249751984375 0.859375 0.246527778125 0.8603670640625 0.2435515875 0.8638392859374999 0.240575396875 0.865575396875 0.23685515937499999 0.865575396875 0.234375 0.8638392859374999 0.2321428578125 0.856398809375 0.22470238125000003 0.85342261875 0.2229662703125 0.81802728125 0.222222221875 0.8105158734375 0.22123015937499999 0.8005952375 0.2227182546875 0.809523809375 0.246527778125 0.8115079359375 0.25 0.8139880953124999 0.2512400796875 0.8417658734375 0.25099206406249996
0 0.546130953125 0.30282738125 0.552579365625 0.3112599203125 0.5610119046875 0.312748015625 0.562748015625 0.3172123015625 0.5664682546875001 0.3189484125 0.56845238125 0.3226686515625 0.5736607140625 0.3244047625 0.5761408734375 0.32762896874999997 0.578125 0.32862103125000003 0.5823412703125 0.328373015625 0.591021825 0.33159722187499996 0.596230159375 0.330605159375 0.599454365625 0.3320932546875 0.6083829359374999 0.32862103125000003 0.615079365625 0.3298611109375 0.6173115078125 0.32862103125000003 0.6071428578125 0.30803571406249997 0.591269840625 0.2904265875 0.577876984375 0.278521825 0.5716765875 0.27529761875 0.5689484125 0.271825396875 0.5639880953125 0.2698412703125 0.5605158734375 0.265873015625 0.5560515875 0.265376984375 0.5486111109375 0.2609126984375 0.5453869046875 0.2579365078125 0.5448908734375 0.25595238125 0.5431547625 0.2609126984375 0.5421626984375 0.27232142812500004 0.5404265875 0.278769840625 0.54092261875 0.2834821421875 0.546130953125 0.30282738125
0 0.41931448437499996 0.516768353125 0.42666021875000004 0.532071925 0.416866071875 0.5424781750000001 0.40645957343749994 0.5485994546875 0.4040111609375 0.5614543656250001 0.411356646875 0.572472965625 0.417478175 0.5945099203125 0.41931448437499996 0.63368675625 0.42788442499999996 0.663681546875 0.5141959328125 0.597570684375 0.5239900796875 0.5834913187499999 0.50868675625 0.56267881875 0.4958318453125 0.5565572921874999 0.45359424531250003 0.5283990578125 0.4131932046875 0.483712796875 0.4046232640625 0.49656770781250004 0.4144174109375 0.5057497515625 0.41931448437499996 0.516768353125
5 0.65625 0.643105159375 0.659722221875 0.6453373015625 0.6671626984375 0.6540178578125 0.675347221875 0.66865079375 0.68154761875 0.674851190625 0.6857638890625 0.674355159375 0.8164682546875 0.5364583328125 0.8204365078125001 0.530505953125 0.8373015875 0.51512896875 0.8489583328125001 0.5009920640625001 0.8501984125 0.49801587343750003 0.8539186515624999 0.49553571406249997 0.856894840625 0.49156746093750003 0.8697916671874999 0.48040674531249994 0.91220238125 0.43402777812500004 0.9179067453125 0.42534722187499996 0.922123015625 0.421875 0.9335317453125 0.4079861109375 0.937748015625 0.4050099203125 0.9389880953124999 0.4010416671875 0.94345238125 0.3985615078125 0.94717261875 0.393601190625 0.9521329359375 0.3891369046875 0.95362103125 0.3851686515625 0.9570932546875 0.3804563484375 0.96279761875 0.375248015625 0.965277778125 0.36904761875 0.9707341265625 0.36383928593750003 0.97197420625 0.3606150796875 0.97470238125 0.3578869046875 0.9734623015625001 0.35491071406249997 0.9637896828124999 0.34722222187499996 0.94345238125 0.3353174609375 0.9335317453125 0.33134920625 0.9305555562500001 0.33159722187499996 0.9236111109375 0.33506944375000003 0.911954365625 0.3425099203125 0.9045138890625 0.3487103171875 0.878472221875 0.37450396874999997 0.8737599203125 0.377976190625 0.8680555562500001 0.3841765875 0.86532738125 0.3854166671875 0.837549603125 0.41220238125 0.8350694437499999 0.41592261875 0.82490079375 0.42509920625 0.7643849203124999 0.48883928593750003 0.7537202375 0.5017361109375 0.7485119046875 0.506200396875 0.7269345234375 0.5302579359374999 0.700148809375 0.561755953125 0.6959325390625 0.565476190625 0.669146825 0.5979662703125 0.66592261875 0.599950396875 0.65575396875 0.61259920625 0.6545138890625 0.615575396875 0.6366567453124999 0.6359126984375 0.634920634375 0.6388888890625 0.6366567453124999 0.640625 0.650545634375 0.6416170640625001 0.65625 0.643105159375
5 0.07762896875 0.70362103125 0.09375 0.7323908734375 0.1078869046875 0.7477678578125 0.10912698437499999 0.750248015625 0.11334325468749999 0.7537202375 0.118799603125 0.762152778125 0.122271825 0.76512896875 0.1235119046875 0.768353175 0.130704365625 0.7757936515625 0.134424603125 0.7775297625 0.1418650796875 0.7854662703125 0.15451388906250002 0.7929067453124999 0.1574900796875 0.79737103125 0.1956845234375 0.8206845234375001 0.20039682499999997 0.8214285718750001 0.20486111093749998 0.8241567453125 0.2123015875 0.8241567453125 0.21626984062500001 0.8258928578125 0.2202380953125 0.822420634375 0.22693452343749998 0.8236607140625001 0.23115079375 0.8261408734375 0.22916666718749998 0.8293650796875 0.23611111093749998 0.831597221875 0.2519841265625 0.8320932546875 0.27008928593750003 0.8303571421875 0.30357142812500004 0.8211805562500001 0.3072916671875 0.8189484125 0.3102678578125 0.81845238125 0.3142361109375 0.814980159375 0.3263888890625 0.8105158734375 0.3335813484375 0.8060515875 0.334325396875 0.8045634921874999 0.3417658734375 0.80009920625 0.359375 0.7859623015625 0.3702876984375 0.7743055562500001 0.380704365625 0.759424603125 0.38368055624999997 0.75322420625 0.3864087296875 0.750248015625 0.3893849203125 0.7418154765625 0.39657738125 0.7276785718750001 0.40848214218749995 0.6922123015625 0.41046627031250005 0.6800595234375 0.41046627031250005 0.6738591265625 0.4126984125 0.6646825390625 0.4141865078125 0.6626984125 0.41765872968749995 0.6391369046875 0.4166666671875 0.6021825390625 0.41344246093750003 0.5828373015625 0.40848214218749995 0.5706845234375 0.40625 0.562251984375 0.3980654765625 0.5483630953125 0.3926091265625 0.5456349203124999 0.3883928578125 0.537450396875 0.372023809375 0.5228174609375 0.3697916671875 0.5220734125 0.3670634921875 0.518353175 0.3581349203125 0.5116567453124999 0.3521825390625 0.5091765875 0.34697420625 0.5042162703125 0.32862103125000003 0.4945436515625 0.299851190625 0.487103175 0.2705853171875 0.484375 0.249751984375 0.48363095312500004 0.23263888906250002 0.486855159375 0.2242063484375 0.4861111109375 0.197420634375 0.493799603125 0.181299603125 0.499751984375 0.1577380953125 0.5114087296875 0.15376984062500001 0.515625 0.146825396875 0.51884920625 0.12574404687500002 0.534722221875 0.1111111109375 0.549355159375 0.093501984375 0.5714285718750001 0.084821428125 0.5860615078125 0.0761408734375 0.606894840625 0.07018849218749999 0.630704365625 0.0689484125 0.6423611109375 0.069196428125 0.668402778125 0.0739087296875 0.6917162703125 0.075644840625 0.6946924609375 0.07762896875 0.70362103125
5 0.367278521875 0.3599040171875 0.3682705859375 0.38024131875 0.3724868546875 0.386441715625 0.37347891875 0.39214608125 0.37546304531249997 0.39487425625 0.3747189984375 0.39785044687500004 0.376703125 0.4100032234375 0.382407490625 0.42066790625 0.38339955312499996 0.42711631875 0.3997686015625 0.45787028750000003 0.40299280781249996 0.46258258906250005 0.4059689984375 0.464566715625 0.408201140625 0.47002306562499996 0.42308209375 0.48589608125000006 0.4275463796875 0.48837624062499996 0.4290344734375 0.491600446875 0.4431713796875 0.5054893359375 0.4446594734375 0.5092095734375001 0.4525959828125 0.5119377484375 0.4558201890625 0.5211143359375 0.48414360156249997 0.5422452875 0.485830109375 0.544427828125 0.4900463796875 0.5464119546874999 0.4937666171875 0.550876240625 0.5026951890625 0.5523643359375 0.504183284375 0.5531083828125001 0.5056713796875 0.5560845734375001 0.51459995 0.560548859375 0.517576140625 0.5595567953125 0.5341932046875 0.56774131875 0.5408896328125 0.5687333828125001 0.542873759375 0.570717509375 0.5495701890625 0.5714615578125 0.5550265375000001 0.5736937 0.573627728125 0.5751817953125 0.592972965625 0.5741897328125 0.608101934375 0.5712135421875 0.6093420140625 0.570717509375 0.610334078125 0.5684853671875 0.629183284375 0.5620369546874999 0.6316634421875 0.5607968750000001 0.63538368125 0.5568286203125 0.6400959828125 0.5560845734375001 0.6408400296875 0.5533563984375001 0.6433201890625 0.550876240625 0.6470404265624999 0.5491401296875 0.686226934375 0.5087135421875 0.6909392359375001 0.5005290171875 0.68969915625 0.49618874062499996 0.6914352671875 0.49408060468750004 0.6759938671875 0.43857010937499996 0.6996197921875 0.48837624062499996 0.701851934375 0.4881282234375 0.704084078125 0.48639211250000003 0.78022495 0.3971063984375 0.7819610609375001 0.3938821921875 0.7894015375000001 0.3874337796875 0.791881696875 0.382721478125 0.79584995 0.37900124062499996 0.8052745531250001 0.3626321921875 0.8122189984375 0.34527108125 0.8169313 0.3217095734375 0.817179315625 0.3095567953125 0.8189154265624999 0.295915921875 0.81370709375 0.2554893359375 0.8050265375000001 0.232423859375 0.795105903125 0.2125825890625 0.7881614578125 0.201421875 0.77328050625 0.1838127484375 0.7690642359375001 0.1813325890625 0.7655920140625 0.175876240625 0.7479828875 0.160251240625 0.729381696875 0.14884250937500001 0.7216932046875 0.1466103671875 0.717972965625 0.1438821921875 0.6944114578125 0.13569766875 0.6807705859375 0.1342095734375 0.6753142359375001 0.13222544687499999 0.667873759375 0.13123338281250002 0.652248759375 0.1317294140625 0.636127728125 0.13470560468749998 0.627447171875 0.1369377484375 0.6227348703125 0.139665921875 0.6125662203125 0.14214608125 0.596197171875 0.1505786203125 0.57288368125 0.1600032234375 0.5686674109375 0.1629794140625 0.5654432046875 0.16347544687499999 0.5637070937499999 0.1654595734375 0.5594908234375 0.1664516375 0.5495701890625 0.1721560015625 0.54584995 0.1724040171875 0.5384094734375 0.1751321921875 0.49847891874999994 0.19373338281250002 0.49029439531249996 0.19571750937500001 0.470701140625 0.20563814531250002 0.4684689984375 0.20836631875 0.454580109375 0.21208655781250002 0.45110788749999997 0.21134250937500001 0.4476356640625 0.2123345734375 0.4463955859375 0.213574653125 0.44837971249999997 0.21630282812499999 0.4468916171875 0.217046875 0.43300272812499996 0.2192790171875 0.4310186015625 0.22027108125 0.43052256875 0.22200719218749998 0.4225860609375 0.22572743125 0.421097965625 0.2282075890625 0.4091932046875 0.2304397328125 0.398528521875 0.2418484625 0.39555233125 0.24259250937500001 0.3943122515625 0.24556870000000003 0.377447171875 0.2659060015625 0.376703125 0.2730984625 0.37323090312499996 0.2778107640625 0.3727348703125 0.2817790171875 0.36777455312499996 0.294923859375 0.3675265375 0.305092509375 0.36331026718750004 0.336342509375 0.36331026718750004 0.34328695468750003 0.3650463796875 0.3566798109375 0.367278521875 0.3599040171875