3 0.2466750984375 0.5773053078125 0.25412276718750004 0.5766068953125 0.40586731093750006 0.478111359375 0.4014454359375 0.4615791171875 0.27971676562500003 0.421153521875 0.1755662203125 0.387028521875 0.0339526296875 0.4492983625 0.24271875 0.5742782734375 0.2466750984375 0.5773053078125
0 0.79145858125 0.383440971875 0.7843816968749999 0.4463767359375 0.9994392359375001 0.519539434375 0.999751984375 0.3468596234375 0.8995771328125001 0.32522569375 0.79145858125 0.383440971875
0 0.999751984375 0.6515627484375 0.999751984375 0.519601934375 0.783722965625 0.44590178593749996 0.726805059375 0.49840451406249997 0.7239791671875 0.555877728125 0.7976498015625 0.5817251984375 0.999751984375 0.6515627484375
0 0.6159818953125 0.61531646875 0.6175384421875 0.650095734375 0.999751984375 0.8383080359375 0.9996044140624999 0.6734997515625001 0.681875 0.555190971875 0.6159818953125 0.61531646875
3 0.327380953125 0.6210317453124999 0.343998015625 0.6351686515625 0.3457341265625 0.637896825 0.349950396875 0.6396329359374999 0.3697916671875 0.653521825 0.372519840625 0.6545138890625 0.3767361109375 0.658730159375 0.380704365625 0.6604662703125 0.3834325390625 0.6629464281249999 0.43799603125 0.6959325390625 0.4389880953125 0.6976686515625 0.47073412656249997 0.7150297625 0.4761904765625 0.7103174609375 0.47867063437499996 0.709325396875 0.481398809375 0.7053571421875 0.487351190625 0.7043650796875001 0.5074404765625 0.6897321421875 0.612351190625 0.618799603125 0.6133432546875001 0.615575396875 0.63467261875 0.5949900796875001 0.6354166671875 0.59325396875 0.6391369046875 0.5900297625 0.6423611109375 0.5887896828125 0.6545138890625 0.577380953125 0.6774801593750001 0.5578266375 0.6766870046875 0.553700396875 0.6426091265625 0.537450396875 0.6230158734375 0.5262896828125 0.610119046875 0.52157738125 0.6071428578125 0.51884920625 0.596478175 0.5146329359374999 0.5922619046875 0.5111607140625 0.568204365625 0.49925595312500004 0.5555555562500001 0.49404761875 0.5136408734375 0.471726190625 0.5044642859375 0.4699900796875 0.5017361109375 0.4704861109375 0.49776785781250005 0.4734623015625 0.46527777812500004 0.48834325468750006 0.4610615078125 0.49156746093750003 0.4543650796875 0.49404761875 0.44196428593750003 0.5014880953125 0.43154761875 0.505704365625 0.4273313484375 0.5089285718750001 0.42137896875 0.5109126984375 0.41765872968749995 0.5141369046875 0.4050099203125 0.5210813484375 0.3854166671875 0.5300099203124999 0.38095238125 0.5332341265625 0.3767361109375 0.53447420625 0.372271825 0.5379464281249999 0.328373015625 0.5585317453124999 0.30009920625 0.5741567453124999 0.2981150796875 0.577380953125 0.29588293593750004 0.5830853171875 0.29588293593750004 0.5860615078125 0.2983630953125 0.59052579375 0.327380953125 0.6210317453124999
3 0.7265634921874999 0.49803323437499997 0.78418353125 0.4442286703125 0.784861359375 0.435637896875 0.72633755 0.42433432499999996 0.6499627968749999 0.4923814484375 0.6504146828125 0.4962244546875 0.7254337796875 0.5190575390625 0.7265634921874999 0.49803323437499997
3 0.6018916171875001 0.29161805625000004 0.5688903765625 0.288515625 0.5496212796875 0.2871860125 0.4406505453125 0.38678819375 0.45969816406249997 0.44653224218750004 0.6231825390625 0.49927108125 0.726173115625 0.375765625 0.7226011906250001 0.31732266875000004 0.7203861609375 0.30757266875 0.6018916171875001 0.29161805625000004
3 0.217294890625 0.40066493124999997 0.39190228125000004 0.4578365578125 0.401690971875 0.46154216249999996 0.4032782734375 0.46445386875 0.4091014390625 0.46471006875 0.44084821406249997 0.34533755 0.422329365625 0.33924975156250003 0.238194940625 0.30352579375 0.217294890625 0.40066493124999997
3 0.55127108125 0.28438169687500003 0.5435376984375 0.2278821921875 0.5406163187499999 0.21876959375 0.5378668156249999 0.2163625984375 0.52858680625 0.214643353125 0.31548363125 0.20982911718750002 0.2982986109375 0.2216924609375 0.286269096875 0.2335560515625 0.2723556546875 0.246794890625 0.26187276718749997 0.26416021875 0.2527646328125 0.27855828437499996 0.24382837343750002 0.303316715625 0.4309739578125 0.340731646875 0.44145684531249996 0.3455458828125 0.4163611109375 0.44633779687499997 0.442998015625 0.4563100203125 0.4603549109375 0.44616592187500004 0.43938913749999997 0.3868487109375 0.55127108125 0.28438169687500003
3 0 0.335377728125 0.0003501984375 0.38305307499999997 0.11894370000000001 0.339679315625 0.10676190468749999 0.3153040671875 0.07021651718750001 0.3056254953125 0 0.335377728125
3 0.11500247968749999 0.2486302078125 0.1329169140625 0.24181944375 0.0505106640625 0.22174553593750002 0 0.2403856640625 0.0014250984374999998 0.3328685515625 0.0949384921875 0.2923623515625 0.09135540625 0.2830424109375 0.12395982187500001 0.2747978671875 0.11500247968749999 0.2486302078125
3 0.21711458281249998 0.349669890625 0.145137896875 0.3280952375 0.15835540625 0.366517609375 0.21998090312500002 0.38551612031250004 0.2292963796875 0.3432177578125 0.21711458281249998 0.349669890625
3 0.2386118546875 0.3006071421875 0.241478175 0.302040921875 0.24398635937500002 0.29809771875 0.251152034375 0.2794578375 0.256884671875 0.27085491093749997 0.252226934375 0.2353670640625 0.181644096875 0.23070709374999998 0.11679389843750002 0.24858382968749998 0.14689012968749998 0.3274454359375 0.2149650296875 0.3482822421875 0.2292963796875 0.3407547125 0.2386118546875 0.3006071421875
3 0.092788690625 0.2834010421875 0.10246255 0.3113608625 0.14474032812499998 0.32820858125 0.125751240625 0.27551488125 0.092788690625 0.2834010421875
3 0.13282043593749998 0.655140625 0.14107837343750002 0.6525587796875 0.1462395828125 0.6463623515625 0.147271825 0.636034721875 0.143658978125 0.629321925 0.037337550000000004 0.544120784375 0.0290796125 0.5472189984375 0.04920858125 0.5823320937500001 0.13282043593749998 0.655140625
3 0.13337202343750001 0.656985615625 0.149466765625 0.670404265625 0.15453348281249998 0.670404265625 0.1587061015625 0.6659313 0.16079241093750002 0.6575818453125 0.159004215625 0.6519164187500001 0.1494427078125 0.6454139390625 0.147082340625 0.64803993125 0.141717509375 0.651319940625 0.13337202343750001 0.656985615625