3 0.3464350203125 0.480912946875 0.3314010421875 0.4707814984375 0.336303571875 0.4577083328125 0.34708878906249996 0.443981646875 0.356566715625 0.4377720734375 0.3660446421875 0.4446354171875 0.385980903125 0.42894766874999996 0.3954588296875 0.42273809531250006 0.41833655781249995 0.3975724203125 0.42585367031250004 0.3733874015625 0.349049603125 0.32011483125 0.34185937499999997 0.328285465625 0.340225446875 0.33547569374999997 0.337283978125 0.34593402812499996 0.23988988125000002 0.44267435468749994 0.3196354171875 0.499215278125 0.326171875 0.50444444375 0.3464350203125 0.480912946875
3 0.338264384375 0.342665675 0.341205853125 0.3246904765625 0.349049603125 0.319134425 0.3585275296875 0.3263244046875 0.35918130000000004 0.3230563 0.3614689984375 0.298217509375 0.3206158234375 0.2688033234375 0.299698909375 0.286451884375 0.326171875 0.30475396875 0.329440228125 0.3246904765625 0.30492807499999997 0.340051090625 0.26701636875 0.31292460312500003 0.1996904765625 0.372080109375 0.210148809375 0.410972221875 0.2447924109375 0.4358110125 0.338264384375 0.342665675
1 0.5711805562500001 0.716021825 0.58134920625 0.7177579359374999 0.59970238125 0.7234623015625 0.6207837296875 0.72842261875 0.631200396875 0.7321428578125 0.9045138890625 0.8008432546875 0.9154265875 0.8043154765624999 0.924603175 0.8058035718750001 0.93154761875 0.8085317453125 0.9494047625 0.8115079359375 0.962549603125 0.8162202375 0.9709821421875 0.8174603171875001 0.9776785718750001 0.8204365078125001 0.999751984375 0.824652778125 0.999751984375 0.3893849203125 0.9945436515624999 0.3893849203125 0.9887566968750001 0.39112103125000003 0.9707341265625 0.390625 0.8921130953124999 0.39930555624999997 0.8226686515624999 0.4052579359375 0.703125 0.41741071406249997 0.6966765875 0.41840277812500004 0.69345238125 0.4201388890625 0.6889880953125 0.42509920625 0.6860119046875 0.43303571406249997 0.67237103125 0.45386904687499996 0.6416170640625001 0.5111607140625 0.64112103125 0.51612103125 0.644097221875 0.518601190625 0.6483134921875 0.525545634375 0.6483134921875 0.53125 0.6426091265625 0.543898809375 0.6388888890625 0.5481150796875001 0.6356646828125 0.556795634375 0.6321924609375 0.560019840625 0.6304563484375 0.5664682546875001 0.62177579375 0.5830853171875 0.62177579375 0.5868055562500001 0.6205357140625 0.5892857140625 0.615079365625 0.5952380953125 0.6113591265625 0.603670634375 0.6081349203124999 0.60615079375 0.6049107140625 0.606894840625 0.605902778125 0.611855159375 0.603174603125 0.6158234125 0.590773809375 0.6185515875 0.590277778125 0.62177579375 0.58407738125 0.6232638890625 0.581597221875 0.62822420625 0.57862103125 0.6302083328125 0.56200396875 0.6629464281249999 0.55654761875 0.671626984375 0.547619046875 0.6922123015625 0.5429067453124999 0.69990079375 0.5416666671875 0.70362103125 0.547619046875 0.709325396875 0.55282738125 0.7095734125 0.5711805562500001 0.716021825
1 0.15178571406250002 0.7619047625 0.1599702375 0.784722221875 0.165178571875 0.8038194437499999 0.169146825 0.81200396875 0.1698908734375 0.8177083328125001 0.1758432546875 0.82862103125 0.1793154765625 0.8330853171875001 0.18824404687500002 0.8382936515624999 0.19345238125 0.8387896828124999 0.20262896874999997 0.8365575390625001 0.2380952375 0.82217261875 0.24305555625 0.8189484125 0.2477678578125 0.8179563484375001 0.250744046875 0.815972221875 0.268105159375 0.80927579375 0.27529761875 0.8053075390625001 0.2790178578125 0.8048115078125001 0.29637896874999997 0.7956349203124999 0.302579365625 0.79365079375 0.30654761875 0.79092261875 0.322420634375 0.783978175 0.33258928593750003 0.781994046875 0.43526785781250005 0.7358630953125 0.44196428593750003 0.731894840625 0.45089285781250005 0.7289186515625 0.4548611109375 0.7259424609375 0.4635416671875 0.7227182546875001 0.466021825 0.7207341265625 0.49032738125 0.7115575390625 0.5074404765625 0.703373015625 0.5136408734375 0.69717261875 0.52157738125 0.6949404765625 0.5262896828125 0.6922123015625 0.528521825 0.6892361109375 0.5297619046875 0.6860119046875 0.5292658734375 0.668402778125 0.5230654765625 0.6418650796875001 0.5178571421875 0.6287202375 0.505704365625 0.6073908734375 0.4950396828125 0.59697420625 0.490575396875 0.5949900796875001 0.48660714218749995 0.5952380953125 0.47743055625 0.5984623015625 0.4704861109375 0.5987103171875 0.46279761875 0.6009424609375 0.46031746093750003 0.6041666671875 0.450644840625 0.6051587296875 0.42584325468750006 0.615575396875 0.40277777812500004 0.6232638890625 0.17212301562500001 0.7100694437499999 0.15674603125 0.718005953125 0.150049603125 0.724950396875 0.1483134921875 0.7296626984375 0.1480654765625 0.736855159375 0.14930555625 0.747519840625 0.1522817453125 0.7554563484375 0.15178571406250002 0.7619047625
1 0.5332341265625 0.596230159375 0.5416666671875 0.6004464281249999 0.5639880953125 0.615575396875 0.5689484125 0.6173115078125 0.5758928578125 0.62177579375 0.5798611109375 0.6227678578125 0.58779761875 0.6170634921875 0.6016865078125 0.61259920625 0.6071428578125 0.6078869046875 0.6116071421875 0.5974702375 0.6160714281249999 0.591269840625 0.6460813484375 0.53075396875 0.6455853171875 0.5262896828125 0.63467261875 0.5074404765625 0.6168154765625 0.4950396828125 0.6026785718750001 0.48883928593750003 0.5801091265625 0.48660714218749995 0.57762896875 0.487103175 0.575396825 0.48834325468750006 0.57217261875 0.49280753906249997 0.53174603125 0.56200396875 0.527777778125 0.5711805562500001 0.5200892859375 0.5833333328125 0.521329365625 0.5870535718750001 0.5332341265625 0.596230159375
1 0.50322420625 0.46552579375 0.51612103125 0.4925595234375 0.514880953125 0.4982638890625 0.515873015625 0.5104166671875 0.5176091265625 0.5116567453124999 0.521825396875 0.5091765875 0.531001984375 0.49603174531249994 0.57862103125 0.43973214218749995 0.5848214281249999 0.43154761875 0.5863095234375 0.42782738125 0.580605159375 0.421875 0.5456349203124999 0.3953373015625 0.541170634375 0.3923611109375 0.536954365625 0.3918650796875 0.5228174609375 0.40625 0.4895833328125 0.44345238125 0.48784722187499996 0.4456845234375 0.4893353171875 0.44866071406249997 0.4987599203125 0.45882936562500004 0.50322420625 0.46552579375
1 0.528769840625 0.38194444375000003 0.5740575390625 0.3824404765625 0.5855654765625 0.38368055624999997 0.5882936515625 0.389880953125 0.5885416671875 0.3970734125 0.5925099203124999 0.4201388890625 0.5949900796875001 0.42509920625 0.5987103171875 0.42609127031250005 0.646329365625 0.42633928593750003 0.66220238125 0.42410714218749995 0.669146825 0.419394840625 0.6741071421875 0.4139384921875 0.671130953125 0.3998015875 0.671626984375 0.3970734125 0.6733630953125 0.3958333328125 0.6773313484375 0.39657738125 0.688244046875 0.3958333328125 0.689980159375 0.39384920625 0.693204365625 0.393353175 0.7008928578125 0.3888888890625 0.70262896875 0.38715277812500004 0.7041170640625001 0.38194444375000003 0.703125 0.372519840625 0.700644840625 0.3678075390625 0.6959325390625 0.346478175 0.693700396875 0.34052579375 0.6892361109375 0.3365575390625 0.67509920625 0.33506944375000003 0.627579365625 0.33407738125 0.56845238125 0.330853175 0.5560515875 0.3318452375 0.525049603125 0.3296130953125 0.5223214281249999 0.33159722187499996 0.5210813484375 0.3387896828125 0.518601190625 0.34375 0.518353175 0.35887896874999997 0.521825396875 0.37847222187499996 0.52529761875 0.381200396875 0.528769840625 0.38194444375000003
1 0.48635912656249997 0.3697916671875 0.49776785781250005 0.374255953125 0.5017361109375 0.37450396874999997 0.5111607140625 0.3578869046875 0.509920634375 0.35491071406249997 0.49429563437499996 0.3457341265625 0.4898313484375 0.3449900796875 0.487103175 0.3479662703125 0.4751984125 0.36904761875 0.4739583328125 0.3695436515625 0.477678571875 0.3702876984375 0.48635912656249997 0.3697916671875
0 0.34375 0.4635416671875 0.3425099203125 0.46651785781250005 0.3474702375 0.47743055625 0.3459821421875 0.48511904687499996 0.3454861109375 0.4982638890625 0.33928571406249997 0.5384424609375 0.3387896828125 0.5523313484375 0.3395337296875 0.563244046875 0.3425099203125 0.580605159375 0.3489583328125 0.5949900796875001 0.3556547625 0.6039186515625 0.3633432546875 0.6111111109375 0.37053571406249997 0.6158234125 0.388144840625 0.6232638890625 0.396825396875 0.6237599203124999 0.41840277812500004 0.6165674609375 0.44444444375 0.60615079375 0.4637896828125 0.596478175 0.48511904687499996 0.568700396875 0.486855159375 0.563244046875 0.4982638890625 0.5510912703125 0.50595238125 0.5396825390625 0.51240079375 0.5240575390625 0.5146329359374999 0.5074404765625 0.512648809375 0.48759920625 0.5049603171875 0.468998015625 0.4945436515625 0.4548611109375 0.4890873015625 0.450644840625 0.48214285781250005 0.4427083328125 0.4605654765625 0.4298115078125 0.4392361109375 0.42410714218749995 0.4236111109375 0.4233630953125 0.408730159375 0.424603175 0.3923611109375 0.42906746093750003 0.3789682546875 0.4360119046875 0.37450396874999997 0.43973214218749995 0.3668154765625 0.443700396875 0.3551587296875 0.444196428125 0.35342261875 0.44320436562500004 0.349454365625 0.4451884921875 0.3457341265625 0.44866071406249997 0.33928571406249997 0.45734127031250005 0.33680555624999997 0.4632936515625 0.33779761875 0.46453372968749995 0.341021825 0.462053571875 0.34375 0.4635416671875
0 0.3611827875 0.2945084328125 0.36201984062500003 0.3079017859375 0.4135002484375 0.3137611609375 0.41182589218750004 0.3041349203125 0.385039434375 0.21038194375 0.3888063 0.19489608125 0.416011409375 0.1936403765625 0.4515873015625 0.316690971875 0.611887896875 0.33301413750000003 0.69141021875 0.33343253906250003 0.6960141375 0.33887351250000003 0.7784665171875 0.3468258921875 0.78809300625 0.3363623515625 0.7893484625 0.3313400296875 0.7860002484375 0.32757316406250003 0.7830704359375 0.32296924531250004 0.784326140625 0.3175280265625 0.7592137890624999 0.22210119062499997 0.7583767359375 0.2212641375 0.7546098703124999 0.21666021875000002 0.755865328125 0.2116376484375 0.75377256875 0.2053596234375 0.28293253906250004 0.13881175625 0.27456175625 0.2706517859375 0.3000758921875 0.28530059531249996 0.32016592187500004 0.265629215625 0.3611827875 0.2945084328125
5 0.4147447921875 0.194496528125 0.38859970312500003 0.194943453125 0.38547122968749997 0.20924503906249997 0.3926220234375 0.2338258921875 0.43843154687499997 0.39136631875 0.45809622968749997 0.3895786203125 0.46211855156250004 0.382204365625 0.46815203437499997 0.3723720234375 0.4147447921875 0.194496528125
5 0.3287497515625 0.3241696421875 0.3246703875 0.30545238124999996 0.3234704859375 0.3035327375 0.181412203125 0.2082673609375 0.15717584375 0.21954563437500002 0.16749429531249999 0.24090228125 0.18045238125000002 0.249301090625 0.3061932046875 0.33832738125 0.3287497515625 0.3241696421875
5 0.0478670640625 0.393105159375 0.051091270312500006 0.3985615078125 0.06125992031250001 0.409226190625 0.062251984375 0.4171626984375 0.06423611093750001 0.42237103125 0.0758928578125 0.43526785781250005 0.0803571421875 0.4375 0.08407738125 0.4427083328125 0.088045634375 0.44618055625 0.09250992031250001 0.44717261875 0.10218253906250001 0.4516369046875 0.118303571875 0.453125 0.127728175 0.453125 0.1356646828125 0.4516369046875 0.1515376984375 0.4466765875 0.1641865078125 0.43973214218749995 0.1731150796875 0.430803571875 0.17881944375 0.421875 0.1827876984375 0.40848214218749995 0.1837797625 0.39508928593750003 0.18154761875 0.384424603125 0.179398065625 0.38227505 0.1783234125 0.3792162703125 0.1760912703125 0.35838293593750004 0.17013888906250002 0.346478175 0.161954365625 0.33680555624999997 0.15451388906250002 0.33159722187499996 0.1426091265625 0.325644840625 0.13095238125 0.322420634375 0.11631944375 0.3204365078125 0.099454365625 0.32142857187499996 0.08333333281250001 0.325396825 0.07118055625 0.330853175 0.056547618749999994 0.3420138890625 0.0486111109375 0.35243055624999997 0.044394840625 0.3643353171875 0.0426587296875 0.375248015625 0.044146825 0.377976190625 0.043898809375 0.381200396875 0.0478670640625 0.393105159375
2 0 0.665674603125 0.0019841265625 0.66592261875 0.0034722218749999997 0.6698908734375 0.021329365625 0.684771825 0.0647321421875 0.716021825 0.1014384921875 0.7450396828125 0.11507936562500001 0.75322420625 0.11929563437499999 0.7542162703125 0.131696428125 0.7430555562500001 0.1364087296875 0.7353670640625001 0.143601190625 0.7326388890625 0.1507936515625 0.719494046875 0.15699404687500002 0.713045634375 0.1599702375 0.70634920625 0.17212301562500001 0.6929563484375 0.1733630953125 0.690228175 0.1835317453125 0.677579365625 0.1875 0.674603175 0.19097222187500001 0.6681547625 0.20882936562499999 0.6483134921875 0.21279761874999997 0.6421130953125 0.2175099203125 0.6386408734375 0.22073412656250002 0.6316964281249999 0.23611111093749998 0.612847221875 0.250744046875 0.5974702375 0.2604166671875 0.584325396875 0.2795138890625 0.562748015625 0.283978175 0.5558035718750001 0.3082837296875 0.5275297625 0.3139880953125 0.5193452375 0.318700396875 0.515625 0.3231646828125 0.5079365078125 0.3229166671875 0.505704365625 0.3199404765625 0.5009920640625001 0.311755953125 0.4945436515625 0.306795634375 0.4918154765625 0.3040674609375 0.48883928593750003 0.2676091265625 0.4632936515625 0.2542162703125 0.45238095312500004 0.23363095312499998 0.4387400796875 0.2150297625 0.42410714218749995 0.20510912656250002 0.41865079375 0.20238095312499998 0.419394840625 0.197420634375 0.4231150796875 0.18576388906250002 0.43526785781250005 0.099950396875 0.5327380953125 0.0111607140625 0.6302083328125 0.0022321421875000002 0.6428571421875 0 0.643353175 0 0.665674603125
2 0.491071428125 0.42261904687499996 0.49925595312500004 0.40997023749999995 0.506200396875 0.40178571406249997 0.5081845234375 0.396329365625 0.5084325390625 0.39012896874999997 0.50595238125 0.3824404765625 0.49950396875 0.37400793593750004 0.48660714218749995 0.368799603125 0.47842261875 0.36830357187499996 0.4697420640625 0.3712797625 0.46676587343750003 0.375248015625 0.46527777812500004 0.3799603171875 0.4610615078125 0.3831845234375 0.437251984375 0.421626984375 0.43948412656249997 0.4236111109375 0.45758928593750003 0.428571428125 0.47842261875 0.4389880953125 0.491071428125 0.42261904687499996