0 0 0.7746374015625 0.7248449906250001 0.75444146875 0.709137153125 0.6983415171875 0 0.7146103671875 0 0.7746374015625
0 0 0.713488590625 0.709137153125 0.69778050625 0.711380953125 0.7090004953125 0.8224588296875 0.7039513890625 0.83984995 0.6798286203125 0.8224588296875 0.6343876484375001 0 0.6517785218750001 0 0.713488590625
0 0.5324109625 0.6366314484375 0.529605903125 0.6040935015625 0.000022321875 0.6169965281249999 0 0.651217509375 0.5324109625 0.6394365078125 0.5324109625 0.6366314484375
0 0.1415580359375 0.5095580359375 0.1161974203125 0.46298685468749995 0.00046106093749999995 0.4685200890625 0 0.616072171875 0.1106641859375 0.6137668656249999 0.1415580359375 0.5095580359375
0 0 0.46809027812500004 0.115654265625 0.46289211249999995 0.1299499015625 0.48931696406249997 0.20229340312500002 0.49018328437500003 0.23608258906250001 0.47805381875 0.762423115625 0.44816344218750004 0.7715200890625 0.420872271875 0.7550587796875 0.3814513890625 0.597154265625 0.3920203375 0 0.4197626484375 0 0.46809027812500004
0 0.112891865625 0.613705853125 0.53028125 0.60238665625 0.5314357640625 0.62078050625 0.999472965625 0.615120784375 0.9847579359375 0.5910674609375001 0.1194005453125 0.5905014875 0.112891865625 0.613705853125
0 0.8392606640625001 0.6796552578124999 0.8222953875 0.7052760421875 0.712887896875 0.7073534218749999 0.7208439984375 0.7353978171875 0.999751984375 0.72881944375 0.9995634921875001 0.6554193953125 0.8319898312499999 0.6571505453125 0.8392606640625001 0.6796552578124999
0 0 0.874751984375 0.10691319375 0.8733983140625 0.302641865625 0.8664072421875 0.999751984375 0.8344471718750001 0.999751984375 0.7448923609375 0.7254270828125 0.7548797125 0 0.7727584328125 0 0.874751984375
0 0.8312611609375 0.6575927578125 0.9992832343750001 0.6553107640625 0.999751984375 0.6196522812499999 0.9992832343750001 0.6159439484375 0.532022321875 0.6216493062499999 0.5328779765625 0.64019146875 0.8232738093749999 0.6344861109375 0.8312611609375 0.6575927578125
0 0.49267460312500005 0.5850984625 0.796349703125 0.5815079359374999 0.969196925 0.579199653125 0.968684028125 0.575352678125 0.9532961312499999 0.546628471875 0.677852678125 0.5491932046875 0.64502505 0.5499625499999999 0.15601984062500002 0.582394840625 0.1490416671875 0.5689652781250001 0.1527192453125 0.5545124015625 0.12734771875 0.5545124015625 0.118344990625 0.5890500984375 0.23750843281249998 0.5890500984375 0.49267460312500005 0.5850984625
0 0.6916140875 0.5459243546875 0.93229290625 0.5306515375 0.9673149796875 0.5274915671875 0.9985190968750001 0.48601810468749995 0.9627068453125001 0.4375662203125 0.6866111109374999 0.45349752031249996 0.236860615625 0.47903993125 0.1626029265625 0.513535465625 0.149305059375 0.5685704359375 0.156283234375 0.5825265374999999 0.6916140875 0.5459243546875
3 0.9971892359375 0.459633184375 0.999751984375 0.264162946875 0.8755310015625 0.26445486093750004 0.8667785218749999 0.266788690625 0.8568591265625001 0.282834821875 0.8256423609375 0.3531455859375 0.7979263390625 0.4278328375 0.8052199906249999 0.44592113125 0.9633467265625001 0.4374603171875 0.98639459375 0.4701359125 0.9971892359375 0.459633184375
3 0.549990575 0.146491071875 0.5393963296875001 0.22155853125 0.5484771828125 0.25969766875 0.999751984375 0.2606118546875 0.999751984375 0.14831324375 0.549990575 0.146491071875