3 0.9183063 0.24930381875 0.964159721875 0.1879771828125 0.9623008437499999 0.1755880453125 0.999751984375 0.17434895781249998 0.999751984375 0.125 0.31601636875 0.125 0.3178752484375 0.1638182046875 0.9183063 0.24930381875
3 0.8083201890625 0.2901884921875 0.8269094734375001 0.2654099703125 0.8188541671875 0.2331979171875 0.5270037203125 0.1916939484375 0.8194737109375 0.38868303593750003 0.85665228125 0.3422232140625 0.7668043156250001 0.2827549609375 0.8083201890625 0.2901884921875
3 0.5759553578125 0.228295634375 0.5288625984374999 0.19050843281250002 0.45636483125 0.184313740625 0.4712361109375 0.2009858625 0.800884671875 0.5194427078125 0.8151364093750001 0.5138675593750001 0.8442594250000001 0.4878501984375 0.5759553578125 0.228295634375
3 0.7804365078125 0.6315654765625001 0.8015042156250001 0.6148400296875 0.810179315625 0.604928571875 0.450168403125 0.18116319375 0.3640384421875 0.1669806546875 0.35846180625 0.19546403750000002 0.726527778125 0.6148400296875 0.7736205359375 0.619795634375 0.7804365078125 0.6315654765625001
3 0 0.30357142812500004 0.0054563484374999995 0.306299603125 0.0404265875 0.31150793593750004 0.059027778125 0.31299603125000003 0.0731646828125 0.31597222187499996 0.08779761875 0.3147321421875 0.1230158734375 0.291170634375 0.12549603125 0.2849702375 0.12450396875 0.27232142812500004 0.12053571406250001 0.24751984062500001 0.109375 0.18849206406250002 0.0957341265625 0.125 0.0042162703125 0.125 0 0.1269841265625 0 0.30357142812500004
3 0.099950396875 0.13814484062500001 0.10119047656249999 0.1498015875 0.10689484062500001 0.17261904687500002 0.10912698437499999 0.1889880953125 0.12202380937499999 0.2457837296875 0.1230158734375 0.2485119046875 0.12673611093749998 0.252728175 0.1302083328125 0.2517361109375 0.13467261875 0.2522321421875 0.1393849203125 0.250744046875 0.1558779765625 0.25099206406249996 0.17633928593749998 0.2537202375 0.1894841265625 0.2539682546875 0.1922123015625 0.2552083328125 0.2175099203125 0.2571924609375 0.2197420640625 0.2581845234375 0.294394840625 0.2638888890625 0.303075396875 0.26215277812500004 0.31299603125000003 0.25868055624999997 0.318204365625 0.2552083328125 0.31845238125 0.2462797625 0.3164682546875 0.24032738125000003 0.3179563484375 0.237847221875 0.3167162703125 0.231398809375 0.3172123015625 0.22569444375 0.3137400796875 0.22073412656250002 0.31696428593750003 0.2142857140625 0.314980159375 0.2095734125 0.3164682546875 0.20262896874999997 0.31597222187499996 0.19990079375 0.3174603171875 0.1820436515625 0.31597222187499996 0.1741071421875 0.3174603171875 0.1706349203125 0.31597222187499996 0.1458333328125 0.31597222187499996 0.125 0.09895833281250001 0.125 0.0974702375 0.1297123015625 0.099950396875 0.13814484062500001
3 0 0.7013888890625 0.068204365625 0.705605159375 0.07018849218749999 0.7018849203124999 0.07118055625 0.6944444437499999 0.078125 0.671130953125 0.081597221875 0.653521825 0.08779761875 0.63095238125 0.08829365156249999 0.624255953125 0.080605159375 0.615575396875 0.0302579359375 0.5763888890625 0.013640873437500001 0.5667162703125 0.0034722218749999997 0.565476190625 0 0.565476190625 0 0.7013888890625
3 0.80304613125 0.7906438484375 0.817366815625 0.7781946921875 0.8248385421875 0.7707251984375 0.35101165624999997 0.208433284375 0.3385587796875 0.2845314984375 0.78000868125 0.8080726687500001 0.80304613125 0.7906438484375
2 0.532095734375 0.7016999015625001 0.55791170625 0.690512896875 0.586022321875 0.6809037703125 0.6162844734374999 0.670720734375 0.6142765375 0.66340625 0.5779908234375 0.675883928125 0.5353943453125 0.6920905265624999 0.497244046875 0.7078670640625 0.50054290625 0.71016170625 0.5062797625 0.71259995 0.532095734375 0.7016999015625001
2 0.5381192953125 0.73339608125 0.5425654765625 0.7365515874999999 0.5462943953125 0.7384159218749999 0.557051090625 0.7441527781249999 0.5485892859375 0.7349737109375 0.5392668656249999 0.72938045625 0.5292271828125 0.7242172625000001 0.522199653125 0.7212053578125001 0.5161758437499999 0.71977108125 0.52033506875 0.725794890625 0.5269325390625 0.72866319375 0.5381192953125 0.73339608125
1 0.622349703125 0.671828125 0.6260575390625001 0.66997420625 0.6267529765625001 0.66858358125 0.6295337296875 0.6688152281249999 0.636138640625 0.6651071421875 0.63671800625 0.6620942453125 0.63532738125 0.6580384421875001 0.634052828125 0.6568797125 0.6317353671875 0.6553732640625001 0.6274481640625 0.6557209828125 0.622581596875 0.658501984375 0.6216545140624999 0.65792261875 0.6192212296874999 0.658501984375 0.61701959375 0.6594290671875 0.6159766859375 0.6608196921875 0.6152814984375 0.6613990578125 0.614176090625 0.6620525796875001 0.61701959375 0.6682358625 0.6184099703125 0.671596478125 0.621190971875 0.6703216765625 0.622349703125 0.671828125
2 0.6151470734375 0.81411631875 0.6124072421875 0.8114704859374999 0.6124072421875 0.8110927578125 0.5993687999999999 0.802872271875 0.60692733125 0.812698909375 0.6125962296874999 0.8177068453125 0.6148638390625 0.816100446875 0.6151470734375 0.81411631875
1 0.6178871531250001 0.8269665171874999 0.62043824375 0.8293286203125 0.6228000984375 0.83197420625 0.6245952375 0.8315019843749999 0.6262958828125 0.8306515375 0.6279967765625 0.8282891859375001 0.6273353171875 0.8258325890625 0.6245952375 0.8232814984375001 0.6237450390625 0.82195858125 0.623178075 0.8191240078125 0.6212884421875 0.817234375 0.6182651296875 0.8156279765625 0.6176036703125 0.81836805625 0.614296875 0.8212973703124999 0.6136354171875 0.8229980156250001 0.6151470734375 0.826021578125 0.6178871531250001 0.8269665171874999