3 0.146825396875 0.2306547625 0.14930555625 0.23487103125000003 0.1584821421875 0.24305555625 0.16592261875 0.2517361109375 0.17286706406250002 0.25595238125 0.178571428125 0.2584325390625 0.18402777812499999 0.259424603125 0.1951884921875 0.2581845234375 0.20634920625 0.2522321421875 0.21205357187499999 0.2462797625 0.215773809375 0.240575396875 0.21825396874999997 0.23164682499999997 0.21825396874999997 0.22544642812500001 0.2165178578125 0.2175099203125 0.21180555625 0.2085813484375 0.2046130953125 0.2018849203125 0.18154761875 0.1852678578125 0.1765873015625 0.18303571406250002 0.168898809375 0.18154761875 0.16220238125 0.18055555625 0.15575396875 0.181299603125 0.1498015875 0.1835317453125 0.143601190625 0.18774801562500001 0.1386408734375 0.19444444375 0.1366567453125 0.19990079375 0.1356646828125 0.2053571421875 0.1359126984375 0.21205357187499999 0.1386408734375 0.22147817500000003 0.146825396875 0.2306547625
3 0.334325396875 0.8727678578125 0.3365575390625 0.874751984375 0.42137896875 0.874751984375 0.421626984375 0.8732638890625 0.4268353171875 0.8705357140625001 0.42584325468750006 0.8680555562500001 0.42633928593750003 0.86532738125 0.43303571406249997 0.84697420625 0.4357638890625 0.843998015625 0.4295634921875 0.8400297625 0.421875 0.83779761875 0.41964285781250005 0.8355654765624999 0.3767361109375 0.8236607140625001 0.3648313484375 0.8216765875 0.3539186515625 0.8167162703124999 0.34424603125000003 0.81572420625 0.333829365625 0.8167162703124999 0.33159722187499996 0.818204365625 0.3293650796875 0.8231646828124999 0.321924603125 0.8616071421875 0.32142857187499996 0.8645833328125001 0.3231646828125 0.8680555562500001 0.32713293593750004 0.8710317453125 0.334325396875 0.8727678578125
3 0.3201530265625 0.8169077375 0.34858680625 0.811742559375 0.5787390875 0.8225892859374999 0.7271118546875 0.8277544640625001 0.903918403125 0.8308534218749999 0.9995595234374999 0.83188665625 0.999751984375 0.7869501484375 0.7760322421875 0.783851190625 0.29382886875 0.7843675593749999 0.0008573906250000001 0.7844451890624999 0 0.8189737109375 0.3020587796875 0.8189737109375 0.3201530265625 0.8169077375
3 0.558809028125 0.783912203125 0.7610178578125 0.7842348703125 0.8827522328124999 0.7826217765625 0.9996431046875 0.7842348703125 0.999751984375 0.734552828125 0.9187095734374999 0.7364885906249999 0.6288196921875 0.740037203125 0.4428799609375 0.742295634375 0.2761750984375 0.74586334375 0.156055059375 0.7481217765625 0.0821103671875 0.7481217765625 0.0005357140625 0.7499114578125 0 0.785847965625 0.24444097187499997 0.78294444375 0.558809028125 0.783912203125
3 0 0.7041245046875 0.1960806046875 0.6770838296874999 0.3237420640625 0.6596346718749999 0.8088427578124999 0.5973157234375 0.999751984375 0.5732192453125 0.999584821875 0.5436297125 0.8486366562500001 0.5644025296875 0.49340451406249997 0.6121803078125 0 0.682808284375 0 0.7041245046875
3 0 0.613959325 0.000009425 0.6342760421875 0.220793403125 0.5794174109375 0.3251899796875 0.5535109125 0.28118824375 0.5431483140625 0 0.613959325
3 0.1232991078125 0.499215278125 0.2108712796875 0.52253125 0.33036681562500003 0.55405084375 0.4175076890625 0.5786619546875 0.4748829359375 0.5920468750000001 0.5262185015624999 0.606295634375 0.5464938 0.604568453125 0.48394196406249995 0.58729761875 0.326915675 0.5462787703124999 0.2169109625 0.516486359375 0.10690625000000001 0.48626215312500004 0.0011743546875 0.45253422656250003 0 0.459923859375 0.063335565625 0.4793536703125 0.1232991078125 0.499215278125
3 0 0.5960915171875001 0.0008923609375000001 0.6129337796875001 0.0835032234375 0.5783732640625 0.20446949375 0.5219377484375001 0.184472221875 0.5157036203125 0 0.5960915171875001
3 0.2623420140625 0.5373591265625 0.21316865156249998 0.54851488125 0.12137847187499999 0.568201884375 0.0745 0.5809982640625 0.0322110609375 0.6046222718750001 0.0948249015625 0.589201140625 0.21284077343750002 0.5596708828125 0.2826669140625 0.5419526296875 0.2623420140625 0.5373591265625
3 0.0314813984375 0.4774275796875 0.033661457812500004 0.47233606093749997 0 0.46021354218750005 0.0000052078125 0.5212001484375001 0.009680059375 0.5077341265624999 0.014282490625 0.5026426093749999 0.026152034375 0.49027752968750005 0.0314813984375 0.4774275796875
3 0.999751984375 0.66819915625 0.999751984375 0.6607651296875 0.9491592265625 0.6466267359375 0.8802919140625001 0.6542234625 0.9450582843750001 0.6726594734375 0.999751984375 0.66819915625
3 0.8250327375 0.6783092765625 0.7734496531249999 0.6642780265625 0.7519479171875 0.6661175593750001 0.8009682546875 0.67979613125 0.8250327375 0.6783092765625
3 0.2564228671875 0.48638368125 0.093673859375 0.4492033734375 0 0.426627728125 0.0006646828125 0.43822073437500003 0.0780845734375 0.4549997515625 0.1997008921875 0.4839818953125 0.3015052078125 0.5074724703125 0.446282490625 0.5413358140625 0.6539982640625001 0.589373015625 0.6918576390625 0.5849226187500001 0.561097221875 0.554415178125 0.403644096875 0.519941715625 0.2564228671875 0.48638368125
3 0.41519072343749996 0.4894342765625 0.5432140375000001 0.51299305625 0.775148809375 0.5583869046875 0.7774451890625 0.5494806546875 0.5523005953125 0.506920634375 0.466341765625 0.490032490625 0.33523164687499996 0.46572147812500003 0.2195314984375 0.44437946406249995 0.1572348703125 0.4320220734375 0.1543224203125 0.43800694375000004 0.27835590312499997 0.4624275796875 0.41519072343749996 0.4894342765625
3 0.6918854171875 0.5141423609375 0.7837775296875 0.5322423109375001 0.78894444375 0.52103745 0.6924962796874999 0.502075396875 0.5495463796875 0.47679290625000004 0.16897891874999998 0.40726537656249995 0.16468204375 0.41426760937499996 0.2435942453125 0.42996230156250004 0.3670248015625 0.4526592265625 0.5407033734375 0.4859866078125 0.6918854171875 0.5141423609375
3 0.28914062500000004 0.46547941406250004 0.268615328125 0.4609794140625 0.2299077375 0.477453125 0.2543454859375 0.4850446421875 0.26920188437500003 0.478001240625 0.28914062500000004 0.46547941406250004
3 0.2795310015625 0.489594990625 0.3223717765625 0.47232738124999996 0.29715525781249996 0.466262153125 0.255518353125 0.4844575890625 0.2795310015625 0.489594990625
3 0.44443923593749995 0.52491790625 0.507637896875 0.5091240078125 0.46175297656250003 0.49852579375 0.396896825 0.516189484375 0.44443923593749995 0.52491790625
3 0.453398809375 0.496831596875 0.380883928125 0.51252430625 0.39582787656249996 0.5162023812500001 0.4595233140625 0.4992834828125 0.453398809375 0.496831596875
3 0.9995932546875 0.3638876484375 0.7992512406250001 0.4157720734375 0.5516614578125 0.4765009921875 0.6048588796875001 0.4866741078125 0.8124727187499999 0.4356403765625 0.9995932546875 0.38961731093749996 0.9995932546875 0.3638876484375
3 0.93011954375 0.1948794640625 0.9258658234375 0.1875471234375 0.8091232640625 0.23840104218749997 0.650079365625 0.310069940625 0.50520386875 0.37577207343749996 0.42400868125 0.41267113125000005 0.3547599203125 0.44097371093750004 0.3810141375 0.44515128906249996 0.4993541671875 0.3942842265625 0.726142609375 0.2918142359375 0.93011954375 0.20102926562499998 0.93011954375 0.1948794640625
3 0.4334811515625 0.40313591249999997 0.55803199375 0.3484099703125 0.6725987109375 0.29715749062499996 0.7923335812500001 0.24548040625 0.9420282734375001 0.17953993125 0.999751984375 0.1554213796875 0.9996567453124999 0.1449094734375 0.9691421124999999 0.1582626484375 0.8511999015624999 0.2088338296875 0.7259806546875 0.2637083328125 0.592728175 0.32204141875 0.43359127031250005 0.3913204359375 0.32824454375 0.4360213296875 0.34534375 0.438649553125 0.3481825390625 0.43623462343749997 0.3513048109375 0.4377971234375 0.39388318437500003 0.4200404265625 0.4334811515625 0.40313591249999997
3 0.4256071421875 0.4527837296875 0.4258908734375 0.44937425624999994 0.4256071421875 0.4461071421875 0.42136904687500004 0.44545808593749997 0.42007192499999996 0.446959325 0.41993005937500005 0.45249950468750005 0.4256071421875 0.4527837296875
3 0.4462829859375 0.42073586250000006 0.433980903125 0.44042485156250005 0.44788988124999995 0.43658953437500003 0.4462829859375 0.42073586250000006
3 0.43426463281250005 0.438578125 0.44405778749999997 0.4196850203125 0.4328678078125 0.425335565625 0.43426463281250005 0.438578125
3 0.395092509375 0.3862224703125 0.407440228125 0.3873588796875 0.41993005937500005 0.389773809375 0.4204977671875 0.3902001484375 0.41709151718750004 0.3984392359375 0.41964608124999997 0.3955982140625 0.4223427578125 0.3900580359375 0.4256071421875 0.3903420140625 0.426884425 0.38693278750000004 0.4241877484375 0.38181894843749997 0.4223427578125 0.38096651718749996 0.3940989578125 0.3786937 0.3919702375 0.379972221875 0.3855833328125 0.3995756453125 0.383170634375 0.40653621093750003 0.38572519843749997 0.40852505 0.38629290625 0.411366071875 0.39281398749999996 0.40773090312500004 0.38686061562499996 0.40696255 0.38771230156250003 0.3985813484375 0.3915443953125 0.388353421875 0.395092509375 0.3862224703125
3 0.42958110156249996 0.3846599703125 0.4309513890625 0.3920161203125 0.4430642359375 0.3870749015625 0.44207068437499997 0.38196081406250004 0.42958110156249996 0.3846599703125
3 0.6178571421875 0.31047346249999996 0.5675193453125 0.315914434375 0.46020238124999996 0.32788442500000003 0.3506428578125 0.3386572421875 0.34890352187499996 0.340289434375 0.3487946421875 0.3427924109375 0.3487946421875 0.3454040171875 0.34998586249999997 0.3473048109375 0.3999114578125 0.3428740078125 0.5229345234375 0.330686259375 0.5889851187499999 0.32328670625 0.6178571421875 0.31047346249999996
3 0.604328125 0.41473883906250003 0.6025962296875 0.40260367031250005 0.554387896875 0.454321925 0.559006696875 0.46530133906250004 0.5709866078125 0.4716577375 0.592878471875 0.46631944374999995 0.6294427078125 0.42644047656249995 0.62294766875 0.421528521875 0.6141431046875 0.4179169140625 0.604328125 0.41473883906250003
3 0.6143169640624999 0.4452705859375 0.5940803578125 0.4661681546875 0.6184732140625 0.4603896328125 0.6143169640624999 0.4452705859375
3 0.5193142359375 0.40531249999999996 0.5334350203125 0.379590278125 0.5002619046875 0.394477678125 0.49304513906249997 0.406323909375 0.5193142359375 0.40531249999999996
3 0.5017053578125 0.4177366078125 0.509355159375 0.41889236093750004 0.5302837296875 0.4116688984375 0.5312911703125 0.38680158750000004 0.5201803078125 0.4058903765625 0.50329290625 0.40704613125 0.5017053578125 0.4177366078125
3 0.5369432046875 0.344898809375 0.532448909375 0.33484995 0.507623015625 0.34337351250000003 0.5118087796874999 0.3572420640625 0.5369432046875 0.344898809375
3 0.49968452343749997 0.3335498515625 0.49910714218749996 0.3393283734375 0.504158978125 0.3439513890625 0.558429315625 0.327482390625 0.49968452343749997 0.3335498515625
3 0.641711309375 0.3513911203125 0.636370784375 0.3415674609375 0.6190505953125001 0.349946428125 0.6215282734375001 0.3548385421875 0.62525694375 0.35442485156250003 0.6278549109375 0.3581810515625 0.641711309375 0.3513911203125
3 0.3604685015625 0.5998095234374999 0.3820091765625 0.5977884421875 0.3865865578125 0.575689484375 0.365315228125 0.5766329359375 0.358314484375 0.5934764390625 0.3604685015625 0.5998095234374999
3 0.32589632968750004 0.5950947421875 0.3229451890625 0.5977532234375 0.325502728125 0.6019868546875 0.328060515625 0.602873015625 0.32929067500000003 0.602034721875 0.33337252031250003 0.5978516859375 0.3307165171875 0.59460243125 0.3287490078125 0.5933224203125 0.32589632968750004 0.5950947421875
3 0.339668403125 0.5970639875 0.3430131453125 0.5970639875 0.35452256875 0.5953901296875 0.3577688484375 0.5848549109375 0.3562931546875 0.581212053125 0.35216170625 0.581212053125 0.3451770828125 0.5826889875 0.34547222187500004 0.5847564484375 0.35422743125 0.5833779765625 0.35127628906249997 0.5916485609375 0.342029265625 0.592633184375 0.3443901296875 0.5849533734375 0.340947171875 0.5833779765625 0.3377993546875 0.5937162703125 0.339668403125 0.5970639875
3 0.3042368546875 0.6213415171875 0.30090575468749997 0.620815228125 0.2998536703125 0.6199377484374999 0.29108755 0.6197624015625001 0.2835022328125 0.6418447421875 0.30870783749999997 0.6386267359375 0.3115131453125 0.6254655265625 0.3042368546875 0.6213415171875
3 0.287230159375 0.6318705359375001 0.2882822421875 0.62757118125 0.29021081406250004 0.6221312 0.2730287703125 0.6172177578125 0.2717137890625 0.6192358625 0.2624213796875 0.6165158734375 0.2610188484375 0.6182705859375 0.25891493125 0.6194990078125 0.26996056562500004 0.6374861109375 0.2736423609375 0.6380124015625 0.27311631875 0.6370473703124999 0.27390525781249997 0.6336254953125 0.287230159375 0.6318705359375001
3 0.1913903765625 0.8223139875 0.16975421562499998 0.8219880953125 0.184556546875 0.874751984375 0.206991815625 0.874751984375 0.197579365625 0.84234920625 0.1913903765625 0.8223139875
3 0.2180803578125 0.8506733625 0.2289112109375 0.874751984375 0.23742113125 0.8727413187499999 0.23767906718749998 0.8653851687499999 0.23290823437500002 0.858158234375 0.2304583328125 0.8458983140624999 0.2254298109375 0.8346708828124999 0.2189828875 0.8366066468750001 0.21279389843750002 0.8402199906250001 0.2180803578125 0.8506733625
3 0.0814350203125 0.8637802578124999 0.101657490625 0.8614965281250001 0.10370188437500001 0.8436004468749999 0.1031525296875 0.8422797624999999 0.08340228125 0.8447212296875 0.0814350203125 0.8637802578124999
3 0.1733936015625 0.8367103171875 0.16856051562500002 0.821454365625 0.1357904265625 0.8210458828125 0.14932192500000002 0.8631289687500001 0.15341121093750001 0.8599662703125001 0.15155233125 0.8534546125 0.1733936015625 0.8367103171875
3 0.12348437500000001 0.854384671875 0.12051016875000001 0.8714079859374999 0.129618303125 0.874751984375 0.13102157812499998 0.874382440625 0.13612425625 0.8727103171874999 0.1392842265625 0.857082340625 0.12785243125 0.8517800093749999 0.12348437500000001 0.854384671875
3 0.0630890375 0.8212552078125 0.088601190625 0.8447217265625 0.0892080859375 0.8302986109375 0.1031634421875 0.8211892359374999 0.0630890375 0.8212552078125
4 0.4251061515625 0.8225297625 0.419418403125 0.8200900296875 0.41535590312500004 0.827408978125 0.4164935515625 0.8322884421875001 0.43079365156250005 0.8397700890625 0.44298115156250006 0.8342400796874999 0.4468812 0.8241560015625 0.4251061515625 0.8225297625
4 0.4541937 0.873234375 0.4618311015625 0.874751984375 0.4749938 0.8636381453125 0.4641061515625 0.8543673109375 0.4541937 0.8585962296874999 0.45126860156250004 0.8672165171874999 0.4541937 0.873234375
4 0.293869046875 0.8230806046874999 0.28665302656249997 0.8260285218750001 0.23290128906250002 0.8440109124999999 0.231428571875 0.8457797625 0.232017609375 0.8546235125000001 0.23481572343749998 0.859782490625 0.2905255453125 0.8373437499999999 0.29269097187500004 0.835756696875 0.2966671625 0.826176090625 0.293869046875 0.8230806046874999
4 0.46999355156249994 0.40792361093749996 0.46498536718750005 0.41207192499999995 0.457905009375 0.4243442453125 0.445298115625 0.457185515625 0.5064325390625 0.46807514843750003 0.5169868546874999 0.4690220734375 0.5252562000000001 0.44837028749999996 0.5295736609375 0.43160391875000004 0.5280193453125 0.4227884421875 0.46999355156249994 0.40792361093749996
4 0.6406984125 0.39144990156250004 0.6375153765625 0.3751458328125 0.62553199375 0.3552807546875 0.59538665625 0.3698983140625 0.5313509421875 0.4006329359375 0.5309764390625 0.4115024796875 0.511503471875 0.41881125937499997 0.5292911703125001 0.42405853125000004 0.5302274312499999 0.4328665671875 0.527793403125 0.4424243546875 0.5276061515625 0.44504786718749995 0.5878970734375 0.41693725156249994 0.6019399796875 0.40213219218749996 0.6043740078125001 0.40887872031250005 0.6406984125 0.39144990156250004
5 0.65396478125 0.4408978171875 0.6763606156249999 0.444616815625 0.7006763390625 0.43954538750000005 0.655701884375 0.4316245046875 0.65396478125 0.4408978171875
5 0.7053087796875 0.4202259421875 0.71283680625 0.43027207343749996 0.7317529765625 0.42041914687500004 0.722101934375 0.40902058593749996 0.7053087796875 0.4202259421875
3 0.296525296875 0.8602249499999999 0.29147891875 0.8585411703125001 0.2885734125 0.85471478125 0.2816922125 0.8602249499999999 0.2800099203125 0.874612103125 0.3350615078125 0.874751984375 0.31090005 0.8651227671875 0.296525296875 0.8602249499999999
4 0.5318015875000001 0.8583782234375 0.5370235609375 0.873871528125 0.552689484375 0.8727514875000001 0.57171255 0.8587514875 0.57171255 0.8552048609374999 0.5691016859375 0.8501649312499999 0.5506381453125 0.8484848703125 0.54295238125 0.8281845234375 0.53105555625 0.8242182546875 0.5278849203125 0.8300049609375 0.5318015875000001 0.8583782234375
3 0.6677953875 0.8746247515625001 0.6715019843750001 0.8737814984375 0.66846949375 0.8629895828124999 0.64252430625 0.8263980656250001 0.628877728125 0.8275783734375001 0.5493576390625 0.874751984375 0.6677953875 0.8746247515625001
3 0.7733720234375 0.8287926593750001 0.6695984625 0.8269689984375 0.7291381453125 0.84764608125 0.782049603125 0.8516708828124999 0.7845892859375 0.8376897328125 0.7733720234375 0.8287926593750001
3 0.686173859375 0.8692529765625 0.696748015625 0.8512606640625 0.668184028125 0.838325396875 0.6633162203125 0.85357738125 0.686173859375 0.8692529765625
3 0.729349703125 0.874751984375 0.725898065625 0.8575478671875001 0.7073385421875 0.8506116078125 0.7075500984375 0.874751984375 0.729349703125 0.874751984375
3 0.7835310015625 0.8586614578124999 0.7790865578124999 0.8624744546875001 0.7831078875 0.8660756453125 0.7909387406249999 0.870100446875 0.7807797625 0.8715833328124999 0.774641865625 0.8645927578125001 0.7621547625 0.8741252484375 0.7955949906249999 0.8741252484375 0.8046956843749999 0.865228175 0.7835310015625 0.8586614578124999
3 0.813633928125 0.8575478671875001 0.8497762890624999 0.8313348218750001 0.8176061515624999 0.8302755453125 0.79876959375 0.84658680625 0.813633928125 0.8575478671875001
3 0.79644146875 0.8474340281250001 0.7887708328125 0.8546899796874999 0.8082936515625001 0.8633216765625 0.811680059375 0.8609915671874999 0.79644146875 0.8474340281250001
3 0.9157400796875 0.8683993062500001 0.9178499499999999 0.8739665171875 0.9562105656250001 0.8718546625 0.94777108125 0.858992559375 0.9387564484375 0.8468983140624999 0.9134384921875001 0.8564967765624999 0.9157400796875 0.8683993062500001
3 0.887928571875 0.8659035218750001 0.919384425 0.85016170625 0.9107532234375 0.8371076390625 0.887353175 0.8509295640625 0.887928571875 0.8659035218750001
3 0.8813497031249999 0.8530967265625 0.8651041671874999 0.85995238125 0.8739270828124999 0.8745424109375 0.883709078125 0.8676314484375001 0.8813497031249999 0.8530967265625
3 0.8743107640625001 0.8451703875 0.8380600203125 0.8490099203125 0.828853421875 0.8672472718750001 0.8321416171875 0.869154265625 0.8693236609375001 0.8685912703125 0.8635696921875 0.858992559375 0.8814072421875 0.850545634375 0.8743107640625001 0.8451703875
3 0.84105704375 0.556866071875 0.8412061015625 0.55283755 0.813603421875 0.55500545625 0.797976190625 0.571040178125 0.8319637890625 0.567459325 0.84105704375 0.556866071875
3 0.8740012406250001 0.52016245 0.8587961312499999 0.509121528125 0.8194407234375 0.549771825 0.8511936999999999 0.5485106640625 0.8719141859375 0.529860615625 0.8740012406250001 0.52016245
3 0.6849186515625 0.312822171875 0.999751984375 0.2810396828125 0.9988256453125001 0.2709099703125 0.713359375 0.29951165625 0.6849186515625 0.312822171875
3 0.6288256453125001 0.2551904765625 0.6444583328125 0.2966552578125 0.658618303125 0.292605903125 0.6430133921875 0.2513896328125 0.6288256453125001 0.2551904765625
3 0.592730903125 0.239675346875 0.5946091265625 0.24517088281250002 0.61555853125 0.27196949375 0.6220622515625001 0.2677313984375 0.6197504953124999 0.2612237109375 0.599521825 0.2356259921875 0.592730903125 0.239675346875
3 0.5124942953125 0.2628459828125 0.517246528125 0.27487698437499997 0.5171066468750001 0.28201165625 0.512773809375 0.28355059531250004 0.5179454359375 0.2964208828125 0.5188315968749999 0.295102678125 0.5593179562499999 0.2852291671875 0.5579201390625 0.26522420625 0.5547053578125001 0.2523536703125 0.5124942953125 0.2628459828125
3 0.4947328875 0.3586979171875 0.492102678125 0.358592509375 0.49073511875 0.3572237109375 0.4906299609375 0.366279265625 0.49546924531250003 0.364699653125 0.495153521875 0.35659201406249996 0.4947328875 0.3586979171875
3 0.4898033234375 0.3787482640625 0.48957787656249996 0.38217881875000004 0.4944171625 0.379967509375 0.495258928125 0.3774404765625 0.4898033234375 0.3787482640625
3 0.49273387968750004 0.4070548109375 0.4942068453125 0.4035798609375 0.494522321875 0.397578125 0.49008755 0.398919890625 0.4891572421875 0.41305654687500004 0.49389112031250004 0.414425346875 0.4944171625 0.4074759421875 0.49273387968750004 0.4070548109375
3 0.5447036203125 0.4470932546875 0.5422839781250001 0.44319717187499996 0.5239789187499999 0.45425322343749996 0.52176959375 0.46088690468750004 0.542915178125 0.44930431562499995 0.5447036203125 0.4470932546875
3 0.41290897812500005 0.49521651718750004 0.4036701390625 0.48856497968749996 0.3563415171875 0.4781822921875 0.335301090625 0.5019437 0.378222965625 0.51208829375 0.41063988125 0.505274553125 0.41290897812500005 0.49521651718750004
0 0.15976661718750002 0.42812599218749997 0.1575811015625 0.4301572421875 0.1582053578125 0.43156324375 0.21284176562499998 0.4432814984375 0.32492435468749997 0.46374925625 0.3916775796875 0.47593625937499995 0.6543025796874999 0.5259451890625 0.7772604171874999 0.5491302078125 0.778040921875 0.5517864578125 0.78241170625 0.5522552078125 0.7827239578125 0.54600545625 0.784597221875 0.5385057046874999 0.7847532234375 0.533193453125 0.7218435015625 0.521006696875 0.67220238125 0.51178819375 0.5295954859374999 0.4835295140625 0.41131721250000003 0.46087425625 0.321228421875 0.444625 0.1654709828125 0.41510243124999996 0.1655424109375 0.41828273749999995 0.1633568953125 0.4200014875 0.1624203875 0.42375124062499997 0.15976661718750002 0.42812599218749997
0 0.1917609125 0.5092408234375 0.3021686515625 0.53947420625 0.382553075 0.5584670140625 0.4333020828125 0.5720334828125 0.4823075390625 0.585599703125 0.5470084328125 0.604592509375 0.6312611609375 0.5935456343750001 0.4877311515625 0.5549786703125 0.5020647328125001 0.557498015625 0.551844990625 0.5693201890624999 0.5938774796875 0.579591765625 0.6483005953125 0.590832340625 0.6403591265624999 0.5877313984375 0.5516455859375 0.56776959375 0.48036483125 0.5499397328125 0.3879766859375 0.5286212796875 0.2779796625 0.5026515375 0.17958680625 0.48094543593749994 0.0071959328125 0.4400525796875 0.0002110609375 0.4376825390625 0.00021701406250000001 0.453055059375 0.02299925625 0.45941493125 0.0548482140625 0.469575396875 0.1917609125 0.5092408234375
0 0.18699380000000002 0.621001984375 0.22960739062500002 0.61111805625 0.2786130953125 0.598326884375 0.345632440625 0.5814660218750001 0.38766493125 0.5702251984375 0.325071428125 0.5541396328125 0.17474454374999998 0.5915436515625 0.05077777812499999 0.62216493125 0.0003196921875 0.6347157734375 0 0.6679025296875001 0.0866584828125 0.645809028125 0.18699380000000002 0.621001984375
0 0.5067058531249999 0.542508928125 0.589271578125 0.5249908234375 0.5091763390625 0.5091192953125 0.4418236609375 0.5268122515625 0.5067058531249999 0.542508928125
0 0.8704441968750001 0.4221765875 0.7424719734375 0.4538380453125 0.6075193453125001 0.48643055625000003 0.7001247515625 0.5028673109375 0.93698983125 0.4524412203125 0.999751984375 0.43800719218750006 0.999347221875 0.390049603125 0.8704441968750001 0.4221765875
0 0.999597221875 0.6421500499999999 0.999751984375 0.5748871531249999 0.8299685015625 0.5975687 0.696298115625 0.612429315625 0.46138591250000005 0.6421500499999999 0.21515079374999999 0.6746083828125 0.000539434375 0.7035471234374999 0.000586309375 0.7495773812500001 0.14011954375 0.7309216265625 0.301540178125 0.7098040671875 0.573594990625 0.68164756875 0.999597221875 0.6421500499999999
0 0.7979895828125 0.737962053125 0.999751984375 0.7343487109375 0.999751984375 0.669084078125 0.6124459328125 0.6909895828125 0.34047048593749996 0.7070233140625 0.01320386875 0.748737846875 0.11477132968749999 0.7483501984375 0.22446428593749998 0.7463177078125 0.348595734375 0.74428521875 0.7979895828125 0.737962053125
0 0.999751984375 0.6707115578125 0.7520704359375 0.6834779265625001 0.3471721234375 0.7064575890625 0.054865328125 0.7443983140625 0.1651634421875 0.746742559375 0.360240575 0.7427708328125 0.999751984375 0.733976190625 0.999751984375 0.6707115578125