3 0.294394840625 0.7537202375 0.309771825 0.7544642859375 0.474950396875 0.7462797625 0.4779265875 0.7452876984375 0.49658978125 0.74404761875 0.5448908734375 0.7423115078125 0.5605158734375 0.74032738125 0.56200396875 0.7388392859375 0.56299603125 0.7299107140625 0.562251984375 0.7043650796875001 0.556795634375 0.6820436515625 0.5548115078125 0.66592261875 0.5520833328125 0.65947420625 0.5510912703125 0.6507936515625 0.549355159375 0.6473214281249999 0.54737103125 0.6336805562500001 0.54365079375 0.6202876984375 0.5426587296875 0.6108630953125 0.5404265875 0.603670634375 0.5349702375 0.575148809375 0.5327380953125 0.568700396875 0.531001984375 0.5510912703125 0.5267857140625 0.5458829359374999 0.5178571421875 0.5414186515625 0.5086805562500001 0.5349702375 0.5022321421875 0.5327380953125 0.49776785781250005 0.5248015875 0.486855159375 0.5220734125 0.47842261875 0.515376984375 0.47222222187499996 0.5143849203124999 0.468998015625 0.5114087296875 0.4640376984375 0.5101686515625 0.462053571875 0.5071924609375 0.45634920625 0.5039682546875001 0.452876984375 0.5 0.44866071406249997 0.4985119046875 0.4449404765625 0.4950396828125 0.44072420625 0.493303571875 0.4362599203125 0.4895833328125 0.42509920625 0.48511904687499996 0.4206349203125 0.48090277812500004 0.4109623015625 0.47445436562500004 0.408730159375 0.47222222187499996 0.40699404687499996 0.4672619046875 0.40674603125 0.4543650796875 0.41220238125 0.4516369046875 0.4136904765625 0.44717261875 0.415674603125 0.4456845234375 0.41021825468750006 0.443700396875 0.4072420640625 0.44097222187499996 0.398644096875 0.44072420625 0.3953373015625 0.43973214218749995 0.3923611109375 0.437251984375 0.390873015625 0.439980159375 0.390376984375 0.44618055625 0.387896825 0.4518849203125 0.38467261875 0.45386904687499996 0.3829365078125 0.45734127031250005 0.375744046875 0.47569444375 0.3727678578125 0.48784722187499996 0.3668154765625 0.500248015625 0.3608630953125 0.518105159375 0.296875 0.6887400796875001 0.2951388890625 0.7016369046875 0.2929067453125 0.7078373015625 0.2886904765625 0.7132936515625 0.284226190625 0.7261904765625 0.284226190625 0.737847221875 0.2867063484375 0.7480158734375 0.29017857187499996 0.7514880953125 0.294394840625 0.7537202375
3 0.4136904765625 0.474950396875 0.4233630953125 0.48239087343750003 0.4273313484375 0.48363095312500004 0.43154761875 0.48660714218749995 0.437251984375 0.48834325468750006 0.44320436562500004 0.4925595234375 0.4479166671875 0.4945436515625 0.4585813484375 0.5022321421875 0.4610615078125 0.502480159375 0.46180555625 0.5042162703125 0.46676587343750003 0.5054563484375 0.4704861109375 0.509920634375 0.4796626984375 0.512896825 0.48239087343750003 0.51612103125 0.491071428125 0.521825396875 0.4990079359375 0.5230654765625 0.500744046875 0.5243055562500001 0.5012400796875001 0.527777778125 0.5042162703125 0.53125 0.5143849203124999 0.5362103171875 0.5173611109375 0.5399305562500001 0.5267857140625 0.544394840625 0.540674603125 0.5572916671875 0.5491071421875 0.5582837296875 0.5540674609375 0.5605158734375 0.5548115078125 0.5625 0.55654761875 0.5634920640625001 0.56845238125 0.5642361109375 0.5803571421875 0.5575396828125 0.584325396875 0.5570436515625 0.581597221875 0.5540674609375 0.5850694437499999 0.5508432546875001 0.5858134921875 0.5481150796875001 0.5897817453124999 0.5426587296875 0.59375 0.5396825390625 0.5949900796875001 0.5357142859375 0.5982142859375 0.53447420625 0.6024305562500001 0.5300099203124999 0.6029265875 0.5248015875 0.6016865078125 0.521825396875 0.6014384921875 0.515873015625 0.5949900796875001 0.5022321421875 0.593998015625 0.497023809375 0.59424603125 0.4895833328125 0.53125 0.3077876984375 0.528769840625 0.3023313484375 0.52529761875 0.30034722187499996 0.5230654765625 0.29637896874999997 0.5168650796875001 0.2929067453125 0.5136408734375 0.2894345234375 0.509920634375 0.2884424609375 0.5017361109375 0.2891865078125 0.493799603125 0.30009920625 0.48859127031250005 0.31299603125000003 0.48387896875 0.3199404765625 0.481398809375 0.32911706406249996 0.47569444375 0.33680555624999997 0.4751984125 0.33928571406249997 0.46800595312500004 0.35044642812500004 0.46676587343750003 0.356398809375 0.46031746093750003 0.36259920625 0.45238095312500004 0.3769841265625 0.4504794140625 0.382605903125 0.4481646828125 0.3851686515625 0.4387400796875 0.40178571406249997 0.43526785781250005 0.4112103171875 0.4298115078125 0.418898809375 0.421626984375 0.4357638890625 0.41840277812500004 0.43973214218749995 0.4169146828125 0.4456845234375 0.40823412656249997 0.46031746093750003 0.408978175 0.468998015625 0.4136904765625 0.474950396875
3 0.8475124015625 0.45918278749999997 0.8371354171875 0.4795729171875 0.8024260906249999 0.47528025781250005 0.782387896875 0.500678571875 0.5680498515625 0.825982390625 0.5365610125 0.8724360125 0.6159985125 0.874751984375 0.8561001984375001 0.46669494062499994 0.8475124015625 0.45918278749999997
3 0.564829365625 0.74006795625 0.5315513390625 0.744360615625 0.48825446406250006 0.874751984375 0.5379923109375 0.874751984375 0.7791674109375 0.49746949375 0.774515625 0.460981646875 0.7305029765625 0.45668898750000003 0.5601775796874999 0.6935637406249999 0.563398065625 0.7121654265624999 0.564829365625 0.74006795625
3 0.7444583328125 0.8742247031250001 0.7076021828125 0.725790921875 0.6689568453125 0.7837204859375 0.685059028125 0.874751984375 0.7444583328125 0.8742247031250001
3 0.6664521328124999 0.7912326390625 0.6181455859375 0.874751984375 0.6793338296875 0.874751984375 0.6664521328124999 0.7912326390625
3 0.8695493546874999 0.874751984375 0.781073909375 0.5974459328124999 0.7511210312500001 0.6559394843749999 0.8013494546875 0.874751984375 0.8695493546874999 0.874751984375
3 0.4884233625 0.874751984375 0.5325798609375 0.7422140374999999 0.4591813 0.7469501484375 0.3568931046875 0.849755953125 0.3493772328125 0.874751984375 0.4080959828125 0.874176090625 0.4884233625 0.874751984375
3 0.24805952343749998 0.7147651296875 0.23856696406250003 0.707273065625 0.2175830859375 0.702777778125 0.18660689531250002 0.69278819375 0.16912028750000002 0.7117395828124999 0.0412182546875 0.874751984375 0.14214087343749998 0.87209920625 0.2405654765625 0.721258184375 0.24805952343749998 0.7147651296875
3 0.28403199375 0.754722965625 0.2845317453125 0.7242549609375 0.4109345234375 0.3760362109375 0.3235017359375 0.52238194375 0.300019840625 0.5583439984375 0.24106497968750001 0.6637328874999999 0.2305731640625 0.684211309375 0.2305731640625 0.69569915625 0.2450620046875 0.7051889874999999 0.2510572921875 0.712798859375 0.181610615625 0.8711001984375001 0.327498759375 0.8691021828125001 0.3634709828125 0.752225446875 0.28403199375 0.754722965625
3 0.1676212796875 0.666230159375 0.17611483125 0.6857095734375 0.201095734375 0.70019444375 0.227575396875 0.7066874999999999 0.233570684375 0.7031912203124999 0.22507738124999999 0.6922028765625 0.23307118125 0.678217509375 0.309012896875 0.5478549109374999 0.256053571875 0.524850446875 0.2140858140625 0.5923080359374999 0.1851078875 0.635262896875 0.1696197921875 0.6562408234375 0.1676212796875 0.666230159375
3 0 0.797941715625 0.014865328124999999 0.8085233140625 0.0487983625 0.82034995 0.1705220734375 0.6756125984375 0.1776822921875 0.6566279765624999 0.219087053125 0.5818983140625 0.255822171875 0.5243040671875 0.24835044687500002 0.509365328125 0.24648263906249998 0.504696925 0.119466765625 0.649105159375 0.10421230156250001 0.659998015625 0.09113715312500001 0.6553296125 0.0735478671875 0.6457499999999999 0.0329213796875 0.682441715625 0.0307423109375 0.6874213796875 0.073080853125 0.7082733140624999 0 0.7848702875 0 0.797941715625
3 0.0030352187499999997 0.611446925 0.10608010937500001 0.659998015625 0.2467938984375 0.5021892359375 0.28072718281250003 0.458306546875 0.3825267859375 0.335657490625 0.363847965625 0.32859920625 0.0319875984375 0.5003129953125 0.0257611609375 0.5065642359375 0.0002333828125 0.5706765875 0.0030352187499999997 0.611446925
3 0.27425644843749997 0.4640002484375 0.2430208328125 0.5134141859375 0.3003435015625 0.5477291671875 0.3123571421875 0.5456703875 0.42425644843750004 0.3473092765625 0.45068675625 0.29137574375 0.432837796875 0.277649553125 0.422196925 0.28863045625 0.41670510937499994 0.2845126484375 0.3820369546875 0.334955853125 0.27425644843749997 0.4640002484375
3 0.20351537656250002 0.4098286203125 0.20269146875000002 0.39294270781249996 0.1763251484375 0.3797631453125 0.1656138390625 0.3731736109375 0.153460565625 0.34962896875 0.0910463796875 0.411476190625 0.09310615156249999 0.42506746093750003 0.17879687500000002 0.4283623515625 0.20351537656250002 0.4098286203125
3 0.0807470234375 0.4765493546875 0.1664377484375 0.430009671875 0.0008239093750000001 0.41847767812500003 0 0.46254637968749995 0.0865146328125 0.4580158734375 0.0807470234375 0.4765493546875
3 0.07539136874999999 0.48066815468749996 0.08486681562500001 0.46254637968749995 0.0037078374999999996 0.46460565468750004 0.0049437000000000005 0.5671577375 0.028014384375 0.5004370046875 0.07539136874999999 0.48066815468749996
3 0.4165071921875 0.43900992031249997 0.47671627031249997 0.3336743546875 0.49176860156249996 0.3068814484375 0.48809722187500004 0.2855942453125 0.4741463296875 0.2870622515625 0.46827232187499995 0.296237846875 0.45799280781249996 0.2914665171875 0.45505580312499994 0.2955037203125 0.4524858625 0.301743303125 0.4433075390625 0.3105518359375 0.391175346875 0.43570659687499996 0.41100024843750005 0.4386428578125 0.4165071921875 0.43900992031249997
3 0.5875342265625 0.48203348281249997 0.6488306046875 0.5211098703125 0.6999107140625 0.458498759375 0.65549305625 0.40254861093749994 0.6199590781250001 0.39810813437500003 0.5959734625 0.36347247031249996 0.6110756453125 0.32217584375 0.5617720734375 0.29730902812500004 0.549779265625 0.2933127484375 0.542228175 0.308410465625 0.534233134375 0.31729141875 0.5617720734375 0.3896713796875 0.575097221875 0.43363219218750004 0.5875342265625 0.48203348281249997
3 0.5746530265625001 0.2853196921875 0.5729873515625 0.30000545624999997 0.6506071421875 0.3337212296875 0.678590278125 0.3310567953125 0.6790344734375 0.28753993125 0.5746530265625001 0.2853196921875
3 0.5968618546875 0.35769965312499996 0.6110756453125 0.38256646875 0.6226242562500001 0.3989962796875 0.7487700890625 0.3989962796875 0.7496584828125 0.36214037656250003 0.7341123515625 0.35636755937500003 0.76609300625 0.31729141875 0.74077505 0.294644840625 0.680811259375 0.290204365625 0.6794786703125 0.334165178125 0.6541607140625 0.333277034375 0.6057455359375 0.3124067453125 0.611519840625 0.3186235125 0.611519840625 0.330612846875 0.5968618546875 0.35769965312499996
3 0.5914580859375 0.49012599218749997 0.6003774796875 0.526238590625 0.5905662203125 0.544071925 0.566930059375 0.5668095234375 0.546415921875 0.5587844734375 0.532591021875 0.5498678078125 0.5352668656249999 0.5694846234375001 0.5557810015625 0.592222221875 0.62936483125 0.549421875 0.6159861109375 0.501271825 0.5914580859375 0.49012599218749997
3 0.5945798609375 0.5650004953125001 0.5575649796875 0.593533978125 0.54240228125 0.5806049109375 0.540618303125 0.594871528125 0.5562269343749999 0.6715550593749999 0.5945798609375 0.5650004953125001
3 0.63025694375 0.5476130953125 0.6039451890625 0.5623256453125001 0.588336309375 0.581496528125 0.5887822421875 0.616271578125 0.577633184375 0.636334078125 0.55533506875 0.6818092765625 0.5615786203125 0.6902802578125 0.6628122515625 0.5480587796874999 0.657460565625 0.5190796125 0.6498792156250001 0.5311170640625 0.620445684375 0.503475446875 0.63025694375 0.5476130953125
3 0.6983645828125 0.446154265625 0.7004481640625 0.45091567499999996 0.70074603125 0.461033978125 0.7069972718749999 0.465498015625 0.7203931046875 0.47353323437499995 0.723965278125 0.46668849218749997 0.7314072421875 0.45508209375 0.74629141875 0.45776041718749994 0.7528405265625 0.45478447343750006 0.7626639390625 0.4425830859375 0.7474821421875 0.43097668593750005 0.723965278125 0.413716021875 0.6909967765625 0.406012896875 0.6656192953125 0.409251984375 0.68467113125 0.43067906718750004 0.6983645828125 0.446154265625
3 0.693375 0.46330084375 0.6537537203125 0.5240047125 0.664245784375 0.5477430562500001 0.71808680625 0.4751478171875 0.693375 0.46330084375
3 0.9464858625 0.4483782234375 0.9596974203125 0.40875471250000006 0.8965391859375 0.3936140875 0.8788162203125 0.43517038750000003 0.9413298609374999 0.4499890875 0.9464858625 0.4483782234375
3 0.7412217265625001 0.40585540625 0.768934028125 0.41713045624999995 0.7927795140625 0.37170833281250004 0.77956795625 0.353990328125 0.7599114578124999 0.345292659375 0.754836309375 0.36232638906250003 0.7525000000000001 0.37170833281250004 0.7512110609375 0.38974826406249996 0.7412217265625001 0.40585540625
3 0.7840791171875 0.4293717765625 0.7811790671875001 0.4390362109375 0.7773122515625001 0.4506334328125 0.7902016374999999 0.463196925 0.80889136875 0.47157266875000003 0.8311254953124999 0.47640476249999997 0.8469149312500001 0.45610962343750006 0.8652824906250001 0.45804265937500005 0.899439484375 0.3826612109375 0.999751984375 0.4126205359375 0.999751984375 0.3585004953125 0.85787103125 0.3217760421875 0.82435863125 0.3066354171875 0.8517485125 0.3111453375 0.8517485125 0.30599107187499996 0.7802123015625 0.2847296625 0.7620865578125 0.33654761875 0.7976130953125 0.35463467187500003 0.78375694375 0.380084078125 0.763133928125 0.4290498515625 0.7840791171875 0.4293717765625
3 0.733165921875 0.35430332343750004 0.74476636875 0.3607462796875 0.752822171875 0.373309771875 0.7811790671875001 0.272801090625 0.7563668156250001 0.267324653125 0.768934028125 0.2357547125 0.77280084375 0.22158035781250002 0.7792455359375 0.21674826406249997 0.7647450390625 0.209016865625 0.757011409375 0.216426090625 0.7605560515625001 0.222869046875 0.7499221234375 0.26121329375 0.739610615625 0.2621798109375 0.7254322921874999 0.262501984375 0.717779265625 0.2918373015625 0.7537889390625 0.29696180625 0.7682896828125 0.30984771875 0.733165921875 0.35430332343750004
3 0.7141329359374999 0.2908494546875 0.7227611609375 0.265528521875 0.6133764875 0.23547718281250002 0.615324653125 0.2507810015625 0.6139330359375 0.2577373515625 0.6139330359375 0.2613546625 0.6598578875000001 0.277493303125 0.6565181046874999 0.286397321875 0.694928075 0.291127728125 0.7141329359374999 0.2908494546875
3 0.5028782234375 0.2435463796875 0.483673115625 0.267476190625 0.4914665171875 0.2813888890625 0.5176297125 0.285841021875 0.544349703125 0.291127728125 0.56216319375 0.287788690625 0.5638330859375 0.2652502484375 0.5616063984374999 0.240485615625 0.558544890625 0.2243469734375 0.5201349203125 0.2343640875 0.5056614578125 0.23631175624999998 0.5051049109375 0.23686830312499998 0.5028782234375 0.2435463796875
3 0.8076755953125 0.2877182546875 0.8031440968749999 0.258678571875 0.7952735609375 0.27722718281250003 0.7761937 0.2862876984375 0.8005205859375 0.2929635421875 0.8076755953125 0.2877182546875
0 0.383023065625 0.30412028750000003 0.3748970734375 0.3320044640625 0.3801681546875 0.336176090625 0.38917261875000003 0.32475892812499996 0.394443453125 0.30697470312499997 0.36764955312500003 0.2235416671875 0.362378471875 0.2248591265625 0.35853521875 0.22772891875 0.334486359375 0.34342162656249997 0.34832266875 0.336834821875 0.3663318453125 0.248571428125 0.383023065625 0.30412028750000003
0 0.49486954375 0.1991247515625 0.37096676562500003 0.2279372515625 0.3720443953125 0.23493849218750001 0.49486954375 0.2088187 0.49486954375 0.1991247515625
3 0.4726170640625 0.2607943953125 0.4950989578125 0.24162400781249999 0.48451934531249996 0.225097965625 0.46137599218750003 0.21716542656249999 0.41905704374999997 0.2607182546875 0.43558804531249995 0.264099703125 0.45079637968749997 0.270048859375 0.4726170640625 0.2607943953125
3 0.3906240078125 0.2726932046875 0.414428571875 0.264099703125 0.44484523749999993 0.23170833281249997 0.3846728671875 0.2310473703125 0.3747544640625 0.24030208281249998 0.38335044687500003 0.2726932046875 0.3906240078125 0.2726932046875
3 0.983748015625 0.8144263390625 0.9593102671875 0.7802234625 0.9701713796875 0.7709940468750001 0.9685424109375 0.7536212796874999 0.9718005953125 0.7465634921875 0.9832048609375 0.75525 0.9007958828125 0.647828125 0.8849114578125 0.6482983625000001 0.8344072421875 0.6727289187500001 0.983748015625 0.8144263390625
3 0.8870838296875 0.6282110609375 0.875136409375 0.607580853125 0.798022321875 0.6168100203125 0.7947638890625 0.626582340625 0.8132279265625 0.657527778125 0.8870838296875 0.6282110609375
3 0.92401165625 0.6569848703125001 0.93378670625 0.651555803125 0.9517075890625 0.6466696421875 0.946819940625 0.625496528125 0.9316143359375 0.455568453125 0.9272698406250001 0.4474248515625 0.8816530265625 0.44091021875 0.86264608125 0.44579613125 0.81377108125 0.538089534375 0.8360364578124999 0.5603484625 0.8001946921875 0.5739208828125 0.788247271875 0.589122271875 0.850698909375 0.569034721875 0.9060907734375 0.62875396875 0.8061681546875 0.6596994046875 0.8083405265625 0.6781579859375 0.9082628968750001 0.644498015625 0.92401165625 0.6569848703125001
3 0.76109449375 0.7618115078125001 0.7388291171875 0.7628973218749999 0.7344846234375 0.7747678578125 0.7486041671875 0.8351031750000001 0.7676111109375 0.874751984375 0.79530704375 0.8709347718749999 0.76109449375 0.7618115078125001
3 0.7605513390625 0.874751984375 0.7464320437499999 0.8171875 0.7290540671875 0.8032782734374999 0.730683284375 0.820444940625 0.739915178125 0.8687631453125 0.7605513390625 0.874751984375
3 0.8729642859375 0.737380953125 0.878394840625 0.7357522328125 0.818115575 0.6722328875 0.8088834328125 0.676033234375 0.8387517359375 0.771040921875 0.8729642859375 0.737380953125
3 0.87242113125 0.78515625 0.951164434375 0.820444940625 0.96799925625 0.820987846875 0.8990310015625 0.755839534375 0.8919712296875 0.763983134375 0.8952296625 0.7791842765625 0.87242113125 0.78515625
3 0.979946428125 0.8410751484375 0.9734298109375 0.8242450390625 0.92021006875 0.8253308531249999 0.8615600203125 0.794928571875 0.8496128468749999 0.803071925 0.8588447421875 0.8432467765625 0.979946428125 0.8410751484375
0 0.999751984375 0.83517881875 0.999751984375 0.7566274796875 0.9802482640625 0.7618643359374999 0.9725448906249999 0.770181546875 0.96607415625 0.7775744046875 0.999751984375 0.83517881875