1 0.6130952375 0.7616567453124999 0.6165674609375 0.7643849203124999 0.627480159375 0.768601190625 0.6396329359374999 0.7693452375 0.650049603125 0.7676091265625 0.656994046875 0.765376984375 0.6681547625 0.75967261875 0.67137896875 0.7566964281249999 0.6741071421875 0.750248015625 0.674851190625 0.7452876984375 0.67509920625 0.7356150796875001 0.6741071421875 0.72842261875 0.6631944437499999 0.6917162703125 0.659226190625 0.6865079359374999 0.6550099203124999 0.6857638890625 0.650049603125 0.6825396828125 0.6388888890625 0.6785714281249999 0.6331845234375 0.678075396875 0.62450396875 0.6795634921875 0.6185515875 0.681795634375 0.6044146828125 0.6894841265625 0.603670634375 0.6919642859375 0.60342261875 0.6976686515625 0.6076388890625 0.71279761875 0.6103670640625001 0.755704365625 0.6130952375 0.7616567453124999
1 0.563244046875 0.7549603171875 0.565228175 0.76512896875 0.568700396875 0.7668650796875001 0.5818452375 0.7668650796875001 0.6041666671875 0.765873015625 0.606398809375 0.7646329359374999 0.60887896875 0.75967261875 0.610119046875 0.75322420625 0.609126984375 0.7353670640625001 0.60987103125 0.7301587296875 0.6056547625 0.7051091265625 0.6024305562500001 0.6981646828125 0.6001984125 0.6964285718750001 0.5974702375 0.6961805562500001 0.5895337296875 0.6981646828125 0.575148809375 0.6991567453124999 0.56200396875 0.716269840625 0.562251984375 0.72470238125 0.54804290625 0.7284821421875 0.548565971875 0.7462564484375 0.563244046875 0.7549603171875
1 0.28794642812500004 0.7775297625 0.3137400796875 0.78174603125 0.3263888890625 0.7824900796875001 0.34027777812500004 0.78125 0.346230159375 0.775545634375 0.3492063484375 0.7710813484375 0.35342261875 0.7636408734375 0.3754791671875 0.7676899796875001 0.381754215625 0.733709821875 0.36397495 0.729527778125 0.3606150796875 0.721478175 0.35887896874999997 0.71279761875 0.3551587296875 0.7085813484375 0.346230159375 0.70362103125 0.328373015625 0.700148809375 0.3147321421875 0.6959325390625 0.30357142812500004 0.6949404765625 0.299355159375 0.6956845234375 0.2921626984375 0.703869046875 0.2886904765625 0.7110615078125 0.28447420625 0.7170138890625 0.2797619046875 0.7366071421875 0.27777777812500004 0.7517361109375 0.2775297625 0.7646329359374999 0.278273809375 0.7678571421875 0.280505953125 0.77157738125 0.28794642812500004 0.7775297625
1 0.3571428578125 0.706101190625 0.35987103125000003 0.7118055562500001 0.3633432546875 0.724950396875 0.36607142812500004 0.7269345234375 0.372519840625 0.7291666671875 0.37822420625 0.7299107140625 0.3804563484375 0.7251984125 0.38169642812500004 0.7085813484375 0.3890749015625 0.7012832343750001 0.4152209828125 0.7028514390625 0.41208358125 0.6908276296875 0.40423983124999996 0.6882137890625 0.39796478125 0.6819407234375 0.3988095234375 0.6820436515625 0.3998015875 0.6738591265625 0.3985615078125 0.6696428578125 0.387648809375 0.66592261875 0.3789682546875 0.6646825390625 0.3732638890625 0.661954365625 0.3606150796875 0.659226190625 0.3571428578125 0.66220238125 0.3546626984375 0.6612103171875 0.3519345234375 0.6577380953125 0.3474702375 0.658978175 0.3420138890625 0.6584821421875 0.3400297625 0.658978175 0.3353174609375 0.665674603125 0.3303571421875 0.6755952375 0.327876984375 0.6830357140625 0.325396825 0.6919642859375 0.325644840625 0.697420634375 0.3457341265625 0.7016369046875 0.3571428578125 0.706101190625
1 0.322420634375 0.6917162703125 0.3268849203125 0.6857638890625 0.330853175 0.6731150796875001 0.3358134921875 0.6634424609375 0.341269840625 0.6572420640625001 0.346478175 0.65575396875 0.3474702375 0.6525297625 0.3479662703125 0.6423611109375 0.34722222187499996 0.640625 0.34325396874999997 0.637648809375 0.334325396875 0.6336805562500001 0.31150793593750004 0.6304563484375 0.293898809375 0.6319444437499999 0.29092261875 0.6341765875 0.2894345234375 0.63740079375 0.28447420625 0.638144840625 0.28553670625 0.64586954375 0.2844908234375 0.6887366078125 0.2956349203125 0.6927083328125 0.3112599203125 0.6929563484375 0.3139880953125 0.6917162703125 0.322420634375 0.6917162703125
1 0.3162740578125 0.6281173109375 0.32396254999999996 0.628861359375 0.3266907234375 0.6301014390625 0.32966691406250004 0.629853421875 0.3440518359375 0.6340696921875 0.346283978125 0.6310935015625 0.3644977671875 0.6328000984375 0.39744171562499997 0.6317547125 0.405285465625 0.6139804062499999 0.35521254999999996 0.5968673109375 0.355460565625 0.5857065968749999 0.3502522328125 0.582978421875 0.3383474703125 0.5807462796875 0.32718675625000004 0.5772740578125 0.3229704859375 0.5770260421875 0.3147859625 0.5742978671875 0.303129215625 0.57355381875 0.3006490578125 0.57628199375 0.29494469218749997 0.5896748515625 0.292464534375 0.6028196921875 0.28948834375 0.6092681046874999 0.2884962796875 0.6157165171875 0.2884962796875 0.6278692953125 0.29122445468749997 0.6303494546875 0.3001530265625 0.6281173109375 0.3162740578125 0.6281173109375
1 0.39012896874999997 0.6056547625 0.39384920625 0.605902778125 0.3955853171875 0.6073908734375 0.4141865078125 0.610119046875 0.42237103125 0.61259920625 0.4310515875 0.61259920625 0.43427579375 0.60887896875 0.4360119046875 0.6041666671875 0.4375 0.587549603125 0.4424603171875 0.565476190625 0.444196428125 0.5625 0.4476686515625 0.5602678578125 0.4481646828125 0.55654761875 0.440228175 0.5523313484375 0.4050099203125 0.54737103125 0.4015376984375 0.547619046875 0.39756944375000003 0.5518353171875 0.3926091265625 0.561755953125 0.3461954359375 0.55540005 0.3388745046875 0.5580138890625 0.3346912203125 0.5669010421875 0.3346912203125 0.57944766875 0.360314484375 0.5851981640624999 0.3890749015625 0.5893802078125 0.387896825 0.597222221875 0.39012896874999997 0.6056547625
1 0.44122023749999995 0.6835317453124999 0.4456845234375 0.6852678578125 0.45510912656249997 0.6857638890625 0.46651785781250005 0.68154761875 0.47222222187499996 0.684027778125 0.48090277812500004 0.6852678578125 0.4925595234375 0.6783234125 0.4985119046875 0.6731150796875001 0.502728175 0.6708829359374999 0.5047123015625 0.668402778125 0.5133928578125 0.640873015625 0.515625 0.6369047625 0.51884920625 0.63467261875 0.5173611109375 0.6232638890625 0.515873015625 0.6205357140625 0.513144840625 0.6200396828125 0.5101686515625 0.6173115078125 0.49801587343750003 0.6103670640625001 0.49280753906249997 0.608630953125 0.48090277812500004 0.6103670640625001 0.4751984125 0.6145833328125 0.471230159375 0.615079365625 0.4518849203125 0.6294642859375 0.4479166671875 0.634920634375 0.44122023749999995 0.6475694437499999 0.43700396875 0.650049603125 0.43303571406249997 0.655505953125 0.431299603125 0.662450396875 0.4310515875 0.6698908734375 0.4327876984375 0.6773313484375 0.4357638890625 0.6805555562500001 0.44122023749999995 0.6835317453124999
1 0.3932584328125 0.663120784375 0.39756944375000003 0.6579861109375 0.3978174609375 0.6614583328125 0.4045138890625 0.6765873015625 0.4074900796875 0.6808035718750001 0.4114583328125 0.681299603125 0.419394840625 0.6795634921875 0.43179563437499996 0.6795634921875 0.43328372968749995 0.678075396875 0.43328372968749995 0.6763392859375 0.430803571875 0.6696428578125 0.43030753906249997 0.6654265875 0.4322916671875 0.6574900796875001 0.4365079359375 0.650049603125 0.44345238125 0.646329365625 0.44915674531249994 0.63095238125 0.44990079375 0.62177579375 0.4518849203125 0.6202876984375 0.4548611109375 0.615079365625 0.453373015625 0.6143353171875 0.4484126984375 0.6145833328125 0.4456845234375 0.6133432546875001 0.4050099203125 0.6168154765625 0.4012896828125 0.6232638890625 0.3978174609375 0.6366567453124999 0.3566540171875 0.6354139390625 0.3488100203125 0.6427328875 0.3509017859375 0.6542338796875 0.3932584328125 0.663120784375
1 0.39012896874999997 0.778273809375 0.41989087343750003 0.778769840625 0.4429563484375 0.777777778125 0.4466765875 0.7760416671875 0.45757762968750004 0.750946428125 0.5025488593749999 0.7546059031250001 0.5025488593749999 0.74571875 0.5072552078125 0.7399682546874999 0.5114384921874999 0.7232395828125 0.46385267812500003 0.7211485609375 0.45709325468750006 0.7207341265625 0.4541170640625 0.71279761875 0.4513888890625 0.708829365625 0.440228175 0.7080853171875 0.43377976250000005 0.705605159375 0.390376984375 0.7018849203124999 0.3864087296875 0.7051091265625 0.38392857187499996 0.7140376984375 0.381200396875 0.731646825 0.3799603171875 0.76512896875 0.381200396875 0.771825396875 0.3841765875 0.7762896828125 0.39012896874999997 0.778273809375
1 0.5863095234375 0.56845238125 0.5865575390625 0.571924603125 0.5892857140625 0.57762896875 0.5927579359374999 0.577876984375 0.6021825390625 0.5758928578125 0.6083829359374999 0.5761408734375 0.615079365625 0.5744047625 0.6297123015625 0.5726686515625 0.63740079375 0.5667162703125 0.638144840625 0.564980159375 0.638144840625 0.5523313484375 0.6366567453124999 0.5416666671875 0.6341765875 0.531001984375 0.6302083328125 0.525049603125 0.6272321421875 0.5243055562500001 0.615079365625 0.5270337296875 0.5979662703125 0.5262896828125 0.5828373015625 0.5272817453124999 0.5803571421875 0.528521825 0.57862103125 0.5324900796875001 0.5796130953125 0.541170634375 0.5673911203124999 0.5454975203125 0.5736661703125 0.5580438984375 0.5863095234375 0.56845238125
1 0.5957341265625 0.606894840625 0.6331845234375 0.6041666671875 0.63740079375 0.6026785718750001 0.639880953125 0.59970238125 0.6369047625 0.5848214281249999 0.6341765875 0.5758928578125 0.6329365078125 0.574652778125 0.6183035718750001 0.5758928578125 0.5920138890625 0.5803571421875 0.591021825 0.5820932546875001 0.5897817453124999 0.5977182546875001 0.5915178578125 0.6046626984375 0.593005953125 0.606398809375 0.5957341265625 0.606894840625
1 0.5974702375 0.6631944437499999 0.599950396875 0.6674107140625 0.6073908734375 0.6679067453124999 0.643601190625 0.6654265875 0.656498015625 0.6631944437499999 0.6584821421875 0.6552579359374999 0.6584821421875 0.646329365625 0.6552579359374999 0.627976190625 0.6552579359374999 0.6185515875 0.653521825 0.6111111109375 0.65029761875 0.6041666671875 0.64384920625 0.603174603125 0.6006944437499999 0.606894840625 0.5949900796875001 0.6081349203124999 0.593005953125 0.6111111109375 0.5927579359374999 0.61904761875 0.5959821421875 0.6329365078125 0.5949900796875001 0.65302579375 0.5974702375 0.6631944437499999
1 0.45362103125 0.514880953125 0.45758928593750003 0.516369046875 0.46527777812500004 0.5228174609375 0.47842261875 0.527777778125 0.48759920625 0.5292658734375 0.4925595234375 0.5270337296875 0.49429563437499996 0.52529761875 0.49285123124999997 0.5226495453125 0.50202579375 0.526677828125 0.5239885906249999 0.537133184375 0.5354928078125 0.5298142359375 0.5370615078125 0.52092733125 0.5360158734375 0.513085565625 0.5307864578125 0.50733506875 0.5042162703125 0.4945436515625 0.5071924609375 0.49429563437499996 0.5101686515625 0.49603174531249994 0.512152778125 0.49131944375 0.5109126984375 0.48511904687499996 0.49603174531249994 0.475446428125 0.4853670640625 0.4702380953125 0.4702380953125 0.46552579375 0.465773809375 0.46552579375 0.45758928593750003 0.46924603125 0.450396825 0.478174603125 0.4516369046875 0.481398809375 0.4518849203125 0.4945436515625 0.4484126984375 0.506200396875 0.44990079375 0.5101686515625 0.45362103125 0.514880953125
1 0.525049603125 0.505704365625 0.530505953125 0.5064484125 0.53447420625 0.509424603125 0.537450396875 0.514880953125 0.5379464281249999 0.5220734125 0.536954365625 0.5295138890625 0.5381944437499999 0.53075396875 0.5431547625 0.53174603125 0.5615079359374999 0.531498015625 0.56572420625 0.530505953125 0.5662202375 0.528521825 0.5679139390625 0.5188360609375 0.627527034375 0.5183134921875 0.6296185515625 0.4994935515625 0.6217748015625 0.4895610125 0.610793403125 0.4932204859375 0.5667162703125 0.49429563437499996 0.5672123015625 0.4893353171875 0.5667162703125 0.48635912656249997 0.56299603125 0.48487103125 0.5605158734375 0.481646825 0.5540674609375 0.48065476250000005 0.5486111109375 0.48115079375 0.5453869046875 0.4826388890625 0.518601190625 0.484375 0.51612103125 0.4858630953125 0.513144840625 0.49404761875 0.512648809375 0.49801587343750003 0.5141369046875 0.499751984375 0.5235615078125 0.5037202375 0.525049603125 0.505704365625
1 0.5689484125 0.4858630953125 0.5709325390625 0.48883928593750003 0.5744047625 0.49131944375 0.58134920625 0.4918154765625 0.5868055562500001 0.490575396875 0.5957341265625 0.49156746093750003 0.5974702375 0.49032738125 0.6014384921875 0.49131944375 0.60615079375 0.4895833328125 0.60987103125 0.49032738125 0.6160714281249999 0.48809523749999995 0.619295634375 0.4826388890625 0.6200396828125 0.47842261875 0.6185515875 0.47296627031250005 0.615079365625 0.468501984375 0.612847221875 0.46304563437499996 0.6016865078125 0.4479166671875 0.5984623015625 0.44171627031250005 0.5925099203124999 0.4365079359375 0.5865575390625 0.43675595312500004 0.5803571421875 0.4384920640625 0.5689484125 0.44320436562500004 0.559523809375 0.450644840625 0.556299603125 0.4543650796875 0.5523313484375 0.46155753906249997 0.5520833328125 0.4670138890625 0.5560515875 0.47594246093750003 0.559771825 0.48015872968749995 0.5689484125 0.4858630953125
1 0.476740328125 0.6116071421875 0.48666096249999996 0.6083829359374999 0.49360540625000004 0.6078869046875 0.50823834375 0.615575396875 0.51146255 0.615575396875 0.5179109625 0.6054067453124999 0.5218792156250001 0.591269840625 0.52113516875 0.5892857140625 0.5164228671875 0.5858134921875 0.4755002484375 0.5736607140625 0.46954786718749997 0.578125 0.46437574374999996 0.5841525296875 0.4450275296875 0.5742197421874999 0.4418901296875 0.5851981640624999 0.43822966250000006 0.5982673609375 0.46136334375 0.6009424609375 0.45863516875 0.605902778125 0.45863516875 0.6111111109375 0.46309945468749997 0.6145833328125 0.464339534375 0.6170634921875 0.476740328125 0.6116071421875
1 0.5150989578125 0.7038970734375 0.5025488593749999 0.7629702375 0.510915675 0.7723799609374999 0.5224198906249999 0.7718571421875 0.5407219734375001 0.772902778125 0.5433365578125 0.750946428125 0.5490887890625 0.726898809375 0.5505416671875001 0.6952420640625 0.5537658734375001 0.7014424609375001 0.553021825 0.707394840625 0.555501984375 0.709875 0.5564940468749999 0.715579365625 0.55897420625 0.716075396875 0.5641825390624999 0.7116111109375 0.568894840625 0.7024345234375 0.570630953125 0.7021865078125 0.5721190468749999 0.6989623015624999 0.57732738125 0.6694484125 0.5768313484375 0.660519840625 0.5798075390624999 0.6550634921875 0.5736071421875 0.65059920625 0.57087896875 0.6510952375 0.56815079375 0.649855159375 0.5614543656250001 0.6436547625 0.5584781750000001 0.6421666671875 0.555998015625 0.631998015625 0.552773809375 0.6265416671875 0.5465734125 0.62480555625 0.5383888890625 0.6260456343749999 0.5349166671875001 0.6253015875 0.5284682546874999 0.6267896828125 0.5257400796875 0.6280297625 0.524748015625 0.6302619046875 0.52127579375 0.6329900796875 0.5202837296875 0.6357182546875 0.5133392859375 0.6424146828125 0.5041626984375001 0.6706884921875 0.5036666671875001 0.6763928578125 0.5019305562499999 0.6808571421875 0.5016825390624999 0.6868095234375 0.5051547625 0.7021865078125 0.5093710312499999 0.7078908734375 0.5150989578125 0.7038970734375
1 0.4920634921875 0.38740079375 0.502728175 0.388144840625 0.51612103125 0.390873015625 0.518601190625 0.38963293593750004 0.5225694437499999 0.389880953125 0.528521825 0.384920634375 0.5300099203124999 0.3821924609375 0.5307864578125 0.37398363125 0.5270337296875 0.35590277812500004 0.5245535718750001 0.34970238125 0.5220734125 0.346230159375 0.5195932546875001 0.34474206406249996 0.4833829359375 0.3492063484375 0.47867063437499996 0.353174603125 0.47594246093750003 0.3608630953125 0.4769345234375 0.3772321421875 0.4789186515625 0.3824404765625 0.48090277812500004 0.38467261875 0.4920634921875 0.38740079375
1 0.32862103125000003 0.3826884921875 0.3360615078125 0.377976190625 0.359623015625 0.3799603171875 0.3665674609375 0.3789682546875 0.3675595234375 0.374751984375 0.3723415171875 0.37032415625000004 0.374433284375 0.35725496093750003 0.3648313484375 0.341269840625 0.3635912703125 0.3395337296875 0.35887896874999997 0.3387896828125 0.325396825 0.341021825 0.321924603125 0.3425099203125 0.3199404765625 0.3454861109375 0.32118055624999997 0.3702876984375 0.3229166671875 0.3772321421875 0.325644840625 0.3826884921875 0.32862103125000003 0.3826884921875
1 0.328373015625 0.42261904687499996 0.33407738125 0.418898809375 0.340773809375 0.418898809375 0.3489583328125 0.4231150796875 0.349950396875 0.42633928593750003 0.35243055624999997 0.4273313484375 0.3546626984375 0.4265873015625 0.3576388890625 0.421626984375 0.36036706406249996 0.41964285781250005 0.3630952375 0.412450396875 0.3710317453125 0.40823412656249997 0.388029265625 0.40953199375000005 0.37861656718750003 0.3990766375 0.37549603125000003 0.3923611109375 0.3732638890625 0.3851686515625 0.37152777812500004 0.3834325390625 0.3643353171875 0.381200396875 0.33705357187499996 0.37847222187499996 0.33134920625 0.3821924609375 0.3296130953125 0.38467261875 0.327380953125 0.390376984375 0.32490079375 0.403769840625 0.32490079375 0.41468253906249997 0.3263888890625 0.4206349203125 0.32762896874999997 0.422123015625 0.328373015625 0.42261904687499996
1 0.3209325390625 0.49603174531249994 0.3318452375 0.49404761875 0.33258928593750003 0.4908234125 0.3323412703125 0.477678571875 0.3335813484375 0.4702380953125 0.3373015875 0.4580853171875 0.3373015875 0.4513888890625 0.345149553125 0.4377767859375 0.3514248515625 0.42888963281250003 0.33939756875 0.4189568453125 0.3263244046875 0.4241845234375 0.3299848703125 0.453459821875 0.3196924609375 0.452876984375 0.3177083328125 0.4548611109375 0.31572420625 0.4605654765625 0.3107638890625 0.46552579375 0.30803571406249997 0.47197420625 0.3060515875 0.49305555625 0.30580357187499996 0.5017361109375 0.3072916671875 0.502480159375 0.3107638890625 0.5019841265625 0.3209325390625 0.49603174531249994
1 0.3075396828125 0.556299603125 0.31944444375000003 0.5558035718750001 0.3521825390625 0.5535714281249999 0.3539186515625 0.5523313484375 0.3546626984375 0.544394840625 0.379139384375 0.542345734375 0.3848916171875 0.520912203125 0.35769965312499996 0.5182983625 0.35342261875 0.5047123015625 0.3519345234375 0.5014880953125 0.3330853171875 0.5009920640625001 0.3050595234375 0.5039682546875001 0.3020833328125 0.5066964281249999 0.2991071421875 0.516369046875 0.299851190625 0.541170634375 0.303075396875 0.552579365625 0.3050595234375 0.5555555562500001 0.3075396828125 0.556299603125
1 0.393105159375 0.549603175 0.4015376984375 0.546626984375 0.42881944375 0.549851190625 0.431299603125 0.547123015625 0.43328372968749995 0.5414186515625 0.49156746093750003 0.5486190468750001 0.49365922656250005 0.531367559375 0.47378819375000003 0.5266626984375 0.43824404687499996 0.518353175 0.43948412656249997 0.509424603125 0.43402777812500004 0.5042162703125 0.40203372968749995 0.497519840625 0.39012896874999997 0.49677579375 0.3869047625 0.502480159375 0.3854166671875 0.5114087296875 0.37946428593750003 0.5332341265625 0.377976190625 0.5404265875 0.37822420625 0.54637896875 0.3841765875 0.549851190625 0.393105159375 0.549603175
1 0.45810069374999995 0.5763258921875 0.4732653765625 0.5716210312500001 0.510915675 0.5768487109375 0.5195932546875001 0.5763888890625 0.5223214281249999 0.5625 0.5248015875 0.5610119046875 0.5297619046875 0.5513392859375 0.5334821421875 0.5505952375 0.5364583328125 0.54737103125 0.5510912703125 0.5431547625 0.5575396828125 0.5431547625 0.56572420625 0.5481150796875001 0.5667162703125 0.546130953125 0.56572420625 0.537450396875 0.56299603125 0.5324900796875001 0.543898809375 0.5329861109375 0.52157738125 0.5349702375 0.5193452375 0.5359623015625 0.515873015625 0.5357142859375 0.5138888890625 0.536954365625 0.514053075 0.5480962296875 0.4523484625 0.5501875 0.45496304531250004 0.5658705359375 0.45810069374999995 0.5763258921875
1 0.44593253906249997 0.7073412703125 0.44866071406249997 0.708829365625 0.453373015625 0.7083333328125 0.45510912656249997 0.7110615078125 0.455605159375 0.7150297625 0.45734127031250005 0.718501984375 0.4739583328125 0.716269840625 0.47569444375 0.7145337296875 0.4769345234375 0.7095734125 0.4769345234375 0.6927083328125 0.475446428125 0.68799603125 0.47197420625 0.6860119046875 0.46304563437499996 0.68427579375 0.450396825 0.686755953125 0.43402777812500004 0.681795634375 0.42782738125 0.6820436515625 0.4171626984375 0.685019840625 0.415674603125 0.69345238125 0.4154265875 0.6979166671875 0.4166666671875 0.70262896875 0.4427083328125 0.7075892859375 0.44593253906249997 0.7073412703125
1 0.4322916671875 0.3826884921875 0.43675595312500004 0.390376984375 0.4389880953125 0.39112103125000003 0.44593253906249997 0.390873015625 0.453125 0.387648809375 0.46279761875 0.3856646828125 0.4734623015625 0.38095238125 0.475446428125 0.3792162703125 0.4761904765625 0.3762400796875 0.46924603125 0.349950396875 0.466269840625 0.34275793593750004 0.4632936515625 0.3400297625 0.45734127031250005 0.341021825 0.4310515875 0.3492063484375 0.42633928593750003 0.35243055624999997 0.42609127031250005 0.3573908734375 0.428571428125 0.365079365625 0.4300595234375 0.37599206406249996 0.4322916671875 0.3826884921875
1 0.37549603125000003 0.3814484125 0.37822420625 0.38392857187499996 0.381200396875 0.3824404765625 0.3831845234375 0.3787202375 0.3869047625 0.37599206406249996 0.38750619999999997 0.3823330859375 0.3859375 0.4241547625 0.39378125 0.429382440625 0.4011021828125 0.42885962343750006 0.41365228125 0.42363194374999996 0.4114583328125 0.3685515875 0.41592261875 0.381200396875 0.421875 0.38368055624999997 0.42385912656249997 0.38169642812500004 0.42534722187499996 0.36805555624999997 0.42509920625 0.3529265875 0.42261904687499996 0.3454861109375 0.4109623015625 0.3360615078125 0.4050099203125 0.3333333328125 0.3990575390625 0.3330853171875 0.3824404765625 0.33680555624999997 0.37822420625 0.3420138890625 0.3762400796875 0.3529265875 0.3764880953125 0.3576388890625 0.374751984375 0.3643353171875 0.375 0.37847222187499996 0.37549603125000003 0.3814484125
1 0.47569444375 0.41964285781250005 0.4769345234375 0.4295634921875 0.4779265875 0.43055555625 0.49156746093750003 0.43328372968749995 0.5 0.4325396828125 0.5012400796875001 0.4298115078125 0.5009920640625001 0.4164186515625 0.5019841265625 0.4109623015625 0.5047123015625 0.406001984375 0.512648809375 0.40277777812500004 0.5143849203124999 0.3983134921875 0.5133928578125 0.3948412703125 0.5101686515625 0.39161706406249996 0.5042162703125 0.3886408734375 0.4908234125 0.38740079375 0.47569444375 0.3831845234375 0.468998015625 0.3841765875 0.4623015875 0.3921130953125 0.4605654765625 0.39657738125 0.46304563437499996 0.4012896828125 0.47296627031250005 0.4126984125 0.47569444375 0.41964285781250005
1 0.5308077875 0.4828869046875 0.5513931046875 0.481398809375 0.5536252484374999 0.48065476250000005 0.5546173109375 0.4791666671875 0.549408978125 0.45684523749999995 0.546680803125 0.45089285781250005 0.5347760421875 0.439980159375 0.5302636406250001 0.430427828125 0.528694940625 0.41683581406250003 0.5229427078125 0.4069032734375 0.5130071921875 0.4037666171875 0.5051634421875 0.4095171125 0.508486359375 0.44345238125 0.5007978671875 0.450396825 0.4980696921875 0.4541170640625 0.49608556562499995 0.4583333328125 0.4980696921875 0.47445436562500004 0.5139427078125001 0.4858630953125 0.5308077875 0.4828869046875
1 0.5540674609375 0.4541170640625 0.5570436515625 0.4541170640625 0.55927579375 0.450644840625 0.56572420625 0.4449404765625 0.5845734125 0.43551587343750003 0.5892857140625 0.4298115078125 0.590773809375 0.4300595234375 0.5922619046875 0.4322916671875 0.591269840625 0.4273313484375 0.5925099203124999 0.4236111109375 0.5890376984375 0.41964285781250005 0.5830853171875 0.415674603125 0.5642361109375 0.40550595312500004 0.560019840625 0.40426587343750003 0.5515873015625 0.40699404687499996 0.549851190625 0.409226190625 0.5407219734375001 0.40638045624999997 0.5271259921875 0.397493303125 0.5177135421875 0.394356646875 0.5177135421875 0.4006299609375 0.5334010421875 0.4220634921875 0.5354662703125 0.4293154765625 0.534722221875 0.43402777812500004 0.5354662703125 0.4392361109375 0.550347221875 0.4518849203125 0.5540674609375 0.4541170640625
1 0.5540674609375 0.3546626984375 0.526603175 0.393311259375 0.5375845734375 0.40010714218750004 0.5475200890624999 0.40533482187500003 0.571924603125 0.359375 0.5763888890625 0.3665674609375 0.580605159375 0.3678075390625 0.5982142859375 0.340773809375 0.603174603125 0.331101190625 0.603174603125 0.3261408734375 0.6011904765625 0.3226686515625 0.5959821421875 0.3177083328125 0.5848214281249999 0.3105158734375 0.574652778125 0.306795634375 0.56845238125 0.306299603125 0.5662202375 0.3072916671875 0.563244046875 0.3107638890625 0.5610119046875 0.31572420625 0.5510912703125 0.3296130953125 0.54637896875 0.337549603125 0.543402778125 0.3454861109375 0.5431547625 0.349454365625 0.546130953125 0.3529265875 0.5481150796875001 0.3573908734375 0.5540674609375 0.3546626984375
1 0.559027778125 0.40426587343750003 0.561755953125 0.40401785781250005 0.568204365625 0.406001984375 0.574652778125 0.40972222187499996 0.581101190625 0.41071428593750003 0.5820932546875001 0.412450396875 0.5853174609375 0.4139384921875 0.5865575390625 0.41592261875 0.594494046875 0.421626984375 0.5979662703125 0.42584325468750006 0.6009424609375 0.41964285781250005 0.60342261875 0.408730159375 0.6051587296875 0.3970734125 0.6044146828125 0.3883928578125 0.5987103171875 0.3764880953125 0.59375 0.3730158734375 0.5863095234375 0.37053571406249997 0.572420634375 0.3702876984375 0.5672123015625 0.37599206406249996 0.5577876984375 0.39112103125000003 0.5518353171875 0.40277777812500004 0.5515873015625 0.40426587343750003 0.5533234125 0.40550595312500004 0.5572916671875 0.40550595312500004 0.559027778125 0.40426587343750003
1 0.54092261875 0.368799603125 0.5426587296875 0.36532738125 0.5424107140625 0.3606150796875 0.54365079375 0.3573908734375 0.5421626984375 0.3541666671875 0.5396825390625 0.35243055624999997 0.5362103171875 0.3544146828125 0.527777778125 0.35590277812500004 0.5275297625 0.3611111109375 0.53075396875 0.374751984375 0.533730159375 0.3762400796875 0.54092261875 0.368799603125
1 0.3955853171875 0.45386904687499996 0.3958333328125 0.4583333328125 0.3988095234375 0.46304563437499996 0.4047619046875 0.4613095234375 0.41468253906249997 0.453373015625 0.4201388890625 0.4521329359375 0.43154761875 0.4454365078125 0.43328372968749995 0.4451884921875 0.43799603125 0.44742063437499996 0.4456845234375 0.45362103125 0.4476686515625 0.453373015625 0.44915674531249994 0.452876984375 0.45114087343750003 0.450148809375 0.4543650796875 0.44965277812500004 0.45882936562500004 0.4449404765625 0.47222222187499996 0.4360119046875 0.4761904765625 0.42881944375 0.47569444375 0.421626984375 0.4737103171875 0.415178571875 0.4699900796875 0.409226190625 0.46031746093750003 0.3988095234375 0.4543650796875 0.3960813484375 0.4516369046875 0.4012896828125 0.44717261875 0.4045138890625 0.4360119046875 0.40674603125 0.419394840625 0.412946428125 0.415178571875 0.4233630953125 0.40625 0.4300595234375 0.40203372968749995 0.431299603125 0.3958333328125 0.43526785781250005 0.393105159375 0.435019840625 0.38963293593750004 0.4375 0.38194444375000003 0.43824404687499996 0.3772321421875 0.4422123015625 0.3767361109375 0.44320436562500004 0.37822420625 0.44469246093750003 0.39409722187499996 0.450396825 0.3955853171875 0.45386904687499996
1 0.4112103171875 0.4699900796875 0.43179563437499996 0.47569444375 0.4362599203125 0.47470238125 0.45025669687500003 0.476954365625 0.45509374999999996 0.46897743125 0.4744419640625 0.4616587296875 0.495881696875 0.45172619062499997 0.49261334375 0.43879216249999997 0.484246528125 0.4319962796875 0.47391889843749996 0.434474703125 0.45025669687500003 0.45656646875 0.4427083328125 0.4518849203125 0.43675595312500004 0.446428571875 0.43328372968749995 0.4451884921875 0.4295634921875 0.44618055625 0.41592261875 0.45386904687499996 0.40178571406249997 0.4640376984375 0.4010416671875 0.466269840625 0.40178571406249997 0.4672619046875 0.4050099203125 0.4670138890625 0.4112103171875 0.4699900796875
1 0.36607142812500004 0.4429563484375 0.372023809375 0.4439484125 0.3799603171875 0.44345238125 0.38194444375000003 0.44196428593750003 0.3826884921875 0.43948412656249997 0.390376984375 0.4365079359375 0.391369046875 0.43551587343750003 0.391369046875 0.43154761875 0.384424603125 0.408730159375 0.38169642812500004 0.40997023749999995 0.3700396828125 0.40997023749999995 0.3635912703125 0.41195436562500004 0.3616071421875 0.4164186515625 0.3616071421875 0.42261904687499996 0.3573908734375 0.4228670640625 0.35491071406249997 0.4268353171875 0.3539186515625 0.431299603125 0.353670634375 0.4362599203125 0.3546626984375 0.4389880953125 0.3606150796875 0.43948412656249997 0.36607142812500004 0.4429563484375
1 0.36830357187499996 0.50049603125 0.37549603125000003 0.502728175 0.3831845234375 0.502976190625 0.3841765875 0.502480159375 0.387896825 0.49404761875 0.44725000000000004 0.505571428125 0.45038740156249996 0.49511607187499995 0.449341765625 0.4783874015625 0.39657738125 0.46651785781250005 0.3970734125 0.462549603125 0.3945932546875 0.453125 0.3923611109375 0.45089285781250005 0.3869047625 0.4481646828125 0.377728175 0.4449404765625 0.3702876984375 0.444196428125 0.346230159375 0.4387400796875 0.3382936515625 0.45089285781250005 0.33258928593750003 0.4789186515625 0.3323412703125 0.487103175 0.3345734125 0.49280753906249997 0.3571428578125 0.49950396875 0.36830357187499996 0.50049603125
1 0.5605885421875 0.6405161203125 0.5779459328125001 0.64671329375 0.591170634375 0.6363844249999999 0.593237103125 0.6227504953125 0.5891044140624999 0.60911631875 0.589517609375 0.5983745046875 0.5919972718750001 0.5843271328124999 0.5891044140624999 0.5768903765625 0.5795992062499999 0.5599511406250001 0.5692673609375001 0.5483829359375 0.557282490625 0.5438380453125 0.5444709828125001 0.5438380453125 0.527113590625 0.554580109375 0.521741071875 0.5657353671875 0.517194940625 0.5719325390625001 0.519674603125 0.578684028125 0.5312462796874999 0.6070505953125 0.54199131875 0.6169662703125 0.5548028281249999 0.6223373015625 0.5605885421875 0.6405161203125
1 0.4800004953125 0.7215178578125 0.50355704375 0.7211046624999999 0.5101693953125 0.716146825 0.5056235124999999 0.7049915671875 0.5006641859375 0.7016865078125 0.4820669640625 0.7016865078125 0.48661284687500006 0.7070575390625 0.4754546125 0.716146825 0.4800004953125 0.7215178578125
1 0.1264015375 0 0.125665921875 0.04969444375 0.146995784375 0.04822271875 0.20951438437499997 0.0467509921875 0.2565873015625 0.0423358140625 0.2521741078125 0.019523809375 0.23893502031249997 0 0.1264015375 0