1 0.2643849203125 0.502480159375 0.266369046875 0.5074404765625 0.27008928593750003 0.5111607140625 0.2733134921875 0.5114087296875 0.2849702375 0.5066964281249999 0.287450396875 0.5074404765625 0.294394840625 0.503472221875 0.306299603125 0.5 0.325148809375 0.48859127031250005 0.33407738125 0.4853670640625 0.34970238125 0.47569444375 0.38095238125 0.462549603125 0.3866567453125 0.4580853171875 0.3990575390625 0.45362103125 0.41344246093750003 0.4451884921875 0.428075396875 0.439980159375 0.43154761875 0.43675595312500004 0.440228175 0.43353174531249994 0.48115079375 0.4109623015625 0.48834325468750006 0.40426587343750003 0.4893353171875 0.3970734125 0.48883928593750003 0.388144840625 0.481894840625 0.3675595234375 0.4764384921875 0.36259920625 0.443700396875 0.3501984125 0.43328372968749995 0.34722222187499996 0.42881944375 0.34722222187499996 0.4074900796875 0.356398809375 0.3960813484375 0.3630952375 0.390376984375 0.3645833328125 0.337549603125 0.38715277812500004 0.33506944375000003 0.38963293593750004 0.331101190625 0.39161706406249996 0.3167162703125 0.3970734125 0.30927579375 0.4015376984375 0.302579365625 0.403521825 0.27802579375 0.4171626984375 0.2673611109375 0.42113095312500004 0.263144840625 0.42410714218749995 0.2549603171875 0.4273313484375 0.24925595312499998 0.4310515875 0.24727182499999997 0.434771825 0.2353670640625 0.4392361109375 0.23387896874999997 0.44146825468750006 0.234375 0.44717261875 0.237351190625 0.4548611109375 0.25967261875 0.497271825 0.2643849203125 0.502480159375
1 0.34165476250000004 0.8073943453125001 0.350719990625 0.8107182546875 0.375195684375 0.815855159375 0.391210565625 0.816459325 0.39393005937500003 0.8058834328125 0.3918147328125 0.8058834328125 0.37942584375 0.803768353125 0.351928571875 0.79772495 0.3380287703125 0.7947033734375 0.3353092765625 0.8001423609374999 0.3337983625 0.8055813484375 0.34165476250000004 0.8073943453125001
1 0.3174813984375 0.8197832343749999 0.31385540624999997 0.85181324375 0.3099270828125 0.8608782234374999 0.3056966765625 0.8596696421875001 0.295120784375 0.8584608140625001 0.279105903125 0.860273809375 0.267321428125 0.859065228125 0.2534216265625 0.8626912203125 0.24435664687499997 0.873569196875 0.23589583281249998 0.8753821921875 0.22834176562500003 0.8771951890624999 0.21021155781249998 0.875080109375 0.1899662703125 0.873871528125 0.17848387968749999 0.8762886906249999 0.16639707343750001 0.8865624999999999 0.158238590625 0.8977428078124999 0.15431026718750002 0.9080166171874999 0.152497271875 0.9179880953125 0.152497271875 0.929168403125 0.1561232640625 0.93913988125 0.168814484375 0.9485071921875001 0.17727505 0.9485071921875001 0.1893618546875 0.9445788687500001 0.19510317500000002 0.9424637890625001 0.20477256875 0.9412549609375 0.22834176562500003 0.9412549609375 0.24042832343749998 0.9596872515625 0.25160863125 0.9602916671875 0.26006944375 0.956061259375 0.26550843281250003 0.9605937499999999 0.2709474203125 0.9630111609374999 0.279105903125 0.9621046625 0.296934028125 0.9596872515625 0.3782172625 0.9509243546875 0.3915126484375 0.9530396828125 0.406016865625 0.9485071921875001 0.42898164687499996 0.9364203874999999 0.43290972187500004 0.9312834828125001 0.44137053593750003 0.931585565625 0.44892460312500004 0.930376984375 0.46221999062499997 0.9285639874999999 0.46796130937499997 0.9246356640625001 0.47340029687499996 0.915570684375 0.47521329375 0.9049947921875001 0.47430679531250003 0.896836309375 0.4685657234375 0.8871669140625 0.46040699375000005 0.88233209375 0.4480181046875 0.8817279265625 0.430190228125 0.8817279265625 0.41870783749999996 0.8675260421875001 0.413873015625 0.8666192953125 0.40571453437500005 0.867828125 0.39876463281249996 0.8648063 0.3900017359375 0.8669216265624999 0.3915126484375 0.8566478171874999 0.3942321421875 0.8493958328125 0.3963474703125 0.8436545140625 0.3969516375 0.8388199406249999 0.395440971875 0.8351939484375001 0.3927212296875 0.8318700390625 0.39483655781250004 0.8243157234374999 0.3960451390625 0.8212941468749999 0.391210565625 0.8197832343749999 0.36190005 0.816459325 0.342863590625 0.8119268359375 0.332891865625 0.8073943453125001 0.32715079375 0.80981175625 0.3277552078125 0.8194811515625 0.3174813984375 0.8197832343749999
1 0.6244141859375001 0.7291259921875 0.6228149796875 0.7329060015625 0.6180171125 0.7411932046875 0.616126984375 0.75267881875 0.61394618125 0.7609660218750001 0.6119107140625 0.769689484375 0.6140915171875 0.7747780265624999 0.6152547125 0.772306546875 0.615981646875 0.7789942953125 0.6152547125 0.7874268359375 0.6059496531249999 0.7914977671875 0.5954816468749999 0.805600446875 0.5951909718749999 0.8099623015624999 0.594609375 0.815777778125 0.5912653765625 0.8207209828125 0.581960565625 0.8236287203125 0.571637896875 0.8213025796875 0.5653861609375 0.81665005 0.5553544140625 0.8117068453125 0.5480848218750001 0.8105436515625 0.5421240078125 0.8118521828124999 0.536017609375 0.8101076390624999 0.5280213296875 0.8125791171875001 0.5203157234375 0.8131607140625 0.5166808031250001 0.81490550625 0.5166808031250001 0.8213025796875 0.5166808031250001 0.8220295140625 0.5140639874999999 0.8230471234375001 0.510865328125 0.8250825890625 0.512173859375 0.8365684531250001 0.5153725203125 0.8372953875 0.5203157234375 0.839330853125 0.522641865625 0.8455825890625001 0.5267127968749999 0.8473271328124999 0.5310744046875 0.84761805625 0.5431416171875 0.8460186015625 0.5440111609375 0.8429655265625 0.54793675625 0.8426748515625 0.559277034375 0.8420932546875 0.566691715625 0.843983134375 0.5761421125 0.843837796875 0.5790498515625 0.8495079359375 0.582975446875 0.85357886875 0.5895178578125 0.8538697921875 0.59562425625 0.85096180625 0.597950396875 0.854451140625 0.597805059375 0.8585220734375 0.597659721875 0.8631746031249999 0.59533358125 0.876550346875 0.5973688 0.8778588796875001 0.6036205359375 0.8812028765625 0.6039114578125 0.8822204859375 0.6049290671875001 0.887018353125 0.60449305625 0.894287946875 0.6049290671875001 0.8993764875 0.6055106640625 0.910571428125 0.605219990625 0.9192946421875 0.6088546625 0.928599703125 0.6165602671875 0.933106646875 0.6261560015625001 0.9351421125 0.6373509421875 0.9349967765624999 0.6465104171875 0.9323797125000001 0.6489818953125 0.9275818453125 0.6488365578125 0.9219117062500001 0.6488365578125 0.9159508921875 0.651162946875 0.9086812999999999 0.6507266859375 0.8973410218750001 0.6489818953125 0.8916708828125 0.6470920140625 0.8865820937500001 0.6476736109375001 0.8829474203125001 0.6566877484375 0.8790220734374999 0.6577053578125 0.8573591265625 0.65479761875 0.8548874015625 0.6540706843749999 0.854305803125 0.6575600203125 0.8477633921875001 0.6610493546875 0.8374407234374999 0.6619216265625 0.8294444437499999 0.663084821875 0.8230471234375001 0.6623578875 0.816940971875 0.6619216265625 0.80894444375 0.6588685515625 0.7978948406249999 0.655451140625 0.7914060015625 0.651622271875 0.7810974703125 0.652800346875 0.7757958828125 0.652800346875 0.7607748015625 0.644258928125 0.7607748015625 0.6427862109375 0.7548841765625001 0.643964534375 0.7501716265625 0.6457316468750001 0.7451646828125 0.6460260421874999 0.736917659375 0.639251984375 0.7324997515625 0.636012153125 0.7295545640625 0.6342447921875001 0.717773065625 0.633950396875 0.7068754953124999 0.632772321875 0.692443453125 0.6345394343749999 0.683902034375 0.632477678125 0.673887896875 0.608620784375 0.6756552578125 0.610976934375 0.6800731640625 0.615100446875 0.685669146875 0.615100446875 0.6959779265625 0.617162203125 0.7115880453125001 0.620402034375 0.7233692953124999 0.6235419140625 0.724037203125 0.6238325890625 0.7244734625 0.6244141859375001 0.7291259921875
1 0.33086359062500004 0.7825044640625001 0.3399432046875 0.78602505 0.38793477187500003 0.7962162703125 0.4036850203125 0.797883928125 0.41035565468749996 0.7952896828125 0.41443204375000003 0.7771307046875 0.411652778125 0.77361011875 0.3934938 0.7697189984375 0.32826959375000003 0.7650865578125 0.32511954374999996 0.7743514390625 0.326787203125 0.7778720234375001 0.33086359062500004 0.7825044640625001
1 0.3694052578125 0.6401971718749999 0.36681101250000003 0.647053075 0.35847271875 0.6581708828124999 0.3471696421875 0.6763298609375 0.3406842765625 0.6974536203125 0.33568129999999996 0.7146860125 0.3362373515625 0.730436259375 0.337163690625 0.748039434375 0.43703819375 0.756377728125 0.4390763890625 0.76101016875 0.43740872968750005 0.7719424609375001 0.4277733140625 0.773054315625 0.4231411203125 0.7762043656250001 0.45334424531249995 0.781392609375 0.45779141875 0.78083680625 0.468908978125 0.7719424609375001 0.472985615625 0.7661984125 0.480212053125 0.748224703125 0.48299156718749997 0.7478541671875 0.49040352187499997 0.7493363093750001 0.4959623015625 0.751189484375 0.49707415624999995 0.7574893359375 0.5254243546875 0.76323363125 0.531909721875 0.7535982140625 0.5345037203125 0.74563045625 0.5624833828125 0.750262896875 0.5634099703125 0.747112846875 0.5648923609375001 0.740998015625 0.5641510421875 0.7354392359374999 0.5602599203125 0.7334010421875 0.5385803578125 0.728398065625 0.5389508921874999 0.722097965625 0.5374685015625 0.71227728125 0.531909721875 0.707644840625 0.506153521875 0.7006036703125 0.5059682546875 0.70097420625 0.5037447921875 0.7052361109375 0.50022420625 0.70634771875 0.49373883906250005 0.7030124015625 0.4907740578125 0.699306546875 0.49114459374999997 0.69041245 0.49058878906250003 0.6844828875 0.49021800625 0.67299454375 0.4866974203125 0.66261805625 0.45779141875 0.654835565625 0.447970734375 0.66169146875 0.4457470234375 0.6659533734374999 0.44296775781250003 0.6716974203125 0.4385205859375 0.6711416171875 0.436482390625 0.6661386406250001 0.43462946406249997 0.65946800625 0.43555580312500003 0.65631795625 0.4388911203125 0.651685515625 0.44407936562500006 0.652612103125 0.447970734375 0.6342676093749999 0.4375939984375 0.6255587796875 0.43240575468750003 0.6222234624999999 0.4125791171875 0.61684995 0.391826140625 0.6118469734375 0.3814494046875 0.6118469734375 0.36440228124999996 0.6296354171874999 0.3686639390625 0.6366765875 0.3694052578125 0.6401971718749999
1 0.40461135937500003 0.5959114578125 0.3973849203125 0.60035863125 0.39534672656250003 0.6022115578125 0.4088732640625 0.603879215625 0.42184399843750003 0.6081408734375 0.43166468281250003 0.6135146328125 0.436482390625 0.6127733140625 0.4405587796875 0.6079556046875 0.44092931562500004 0.6005438984375 0.4359263390625 0.592761409375 0.43351760937500006 0.5907232140625001 0.4359263390625 0.575158234375 0.43815004999999996 0.5671904765625 0.4400029765625 0.560519840625 0.44241170625 0.5510699406249999 0.44407936562500006 0.547178571875 0.44407936562500006 0.5462522328125 0.44407936562500006 0.54347271875 0.402387896875 0.5770111609375 0.40572321406249995 0.586646578125 0.40683506875 0.5912790171875 0.40461135937500003 0.5959114578125
1 0.4566795640625 0.5608906250000001 0.46205307500000004 0.562558284375 0.4665002484375 0.5612611609375 0.46853844218749996 0.5544052578125 0.46872371093750004 0.5534786703125001 0.469650296875 0.5497728171875 0.46205307500000004 0.547919890625 0.4570500984375 0.5527375984375 0.456309028125 0.55699925625 0.4566795640625 0.5608906250000001
1 0.5116468249999999 0.57466245 0.512055059375 0.5758874015625 0.516137896875 0.57670386875 0.515321428125 0.5862986109375 0.5187916671874999 0.5916063984375 0.524303571875 0.5934437 0.53124454375 0.5989553578125 0.5459427078125 0.6018134921875 0.5537001484374999 0.601201140625 0.5547209828125 0.6018134921875 0.5537001484374999 0.6079377484374999 0.555129215625 0.6179407234375 0.5614575890625 0.6318224203125 0.5655404265625 0.634884671875 0.59514136875 0.6422338796875 0.6075939984375001 0.6381510421875001 0.606981646875 0.6444794140625 0.602898809375 0.6481540171875 0.6016738593750001 0.6632604171875001 0.6135141375 0.6683640875 0.632091021875 0.67448834375 0.6478100203125 0.679387896875 0.66475396875 0.6791837796875 0.6723072921875 0.6789794140625001 0.6749610609375 0.6640771328125 0.67006175625 0.6591775796875 0.6718990578125 0.6546865078125 0.6837393359374999 0.6322306546875 0.6900677078124999 0.6091626984375 0.690680059375 0.5907896828125 0.6880262890625 0.5722127968749999 0.68414756875 0.557514384375 0.6878221718749999 0.5552688484375 0.692721478125 0.548328125 0.69353819375 0.5352628968750001 0.6812896828125 0.52873040625 0.6612834828125 0.5230143843749999 0.636582340625 0.521789434375 0.62494618125 0.522605903125 0.622496528125 0.52750545625 0.621883928125 0.5354670140625 0.61678050625 0.5350587796874999 0.5943246531249999 0.5301592265624999 0.5810553078125 0.5354670140625 0.5667653765625 0.5452658734375 0.5624784218750001 0.5556770828125 0.5596202875 0.5524109625 0.5367564484375 0.54628670625 0.528386409375 0.5489404765625 0.5245076890625 0.5517983625 0.5198125 0.5601684031249999 0.512871528125 0.5599642859375 0.5110344734375001 0.5583311015625 0.510013640625 0.5615972218749999 0.512871528125 0.566905009375 0.51246329375 0.5695587796875 0.5116468249999999 0.57466245
1 0.5808127484375001 0.41985441406249996 0.5789739578125 0.42496205312499996 0.5773392859375 0.4317041171875 0.57713516875 0.43538169687500006 0.579382440625 0.440080853125 0.584081596875 0.4476403765625 0.5883720234375 0.45213516875000004 0.595318453125 0.45458680625000003 0.6153407734375 0.45376959375 0.6179967765625001 0.4533608625 0.6247390875 0.464597965625 0.6374060015625 0.4823727671875 0.6639662703125 0.486867559375 0.671321428125 0.481351190625 0.6698911203125 0.4991259921875 0.6786765875 0.502803571875 0.6854186515625 0.5046423609375 0.70094618125 0.5087286703125 0.720559771875 0.5093415171875 0.729140625 0.50852430625 0.73976488125 0.503620784375 0.7418077875 0.4878891375 0.7381302078124999 0.4817599203125 0.74650694375 0.4688883921875 0.7532492562499999 0.4525436515625 0.7540664687499999 0.44478000937499995 0.7561093750000001 0.429048115625 0.7561093750000001 0.41862847187499996 0.7559052578125 0.41249925625 0.7107529765625 0.41086483124999995 0.6962470234375 0.402079365625 0.6829670140624999 0.3857348703125 0.6760203375 0.3777666171875 0.67152579375 0.3753149796875 0.6437395828125 0.375927828125 0.6392447921875 0.377358134375 0.6331155749999999 0.38267013906249997 0.6263735125000001 0.39206820468750003 0.621265625 0.40126215312499997 0.6196311999999999 0.4053484625 0.60778125 0.40350967187500003 0.5932755453125 0.40248809531249996 0.587350446875 0.4031009421875 0.5844900796875 0.40759573437499996 0.585103175 0.412294890625 0.5838772328124999 0.415563740625 0.5808127484375001 0.41985441406249996
1 0.694408234375 0.352228175 0.686440228125 0.3524325390625 0.6841927078125 0.3722504953125 0.684805803125 0.377358134375 0.68746180625 0.38042261875 0.7015590281249999 0.3849174109375 0.7234201390624999 0.38900372031249997 0.7491629468750001 0.391046875 0.7489585812499999 0.3875734125 0.7520233140625 0.3832829859375 0.7559052578125 0.37756249999999997 0.757744046875 0.3665297625 0.7573353171874999 0.358357390625 0.7542705859375001 0.357540178125 0.7454853671875 0.35651860156250004 0.7289365078125 0.357540178125 0.7242373515625 0.35774454375000003 0.7015590281249999 0.353658234375 0.694408234375 0.352228175
1 0.7686297125 0.23901140937499998 0.7714942953125 0.222540178125 0.7671974203125 0.2203916171875 0.7408792156249999 0.2191383921875 0.72046949375 0.2191383921875 0.7134871031250001 0.21967559531249997 0.7118757437500001 0.2207497515625 0.7079370046875 0.250111359375 0.7108015875 0.252796875 0.7172467765625 0.25601959375 0.7086530265625 0.296660465625 0.7004174109375 0.2997041171875 0.6980900296875 0.325126984375 0.6991641859375 0.3278125 0.699522321875 0.33013988125 0.696299603125 0.33318353125 0.6957626484375 0.3365853171875 0.695941715625 0.3405240578125 0.704893353125 0.34285143906250004 0.7296001984375 0.34535788749999996 0.7485778765625 0.34535788749999996 0.753948909375 0.34285143906250004 0.7548439984375 0.3365853171875 0.75341170625 0.3333625984375 0.756097221875 0.33067708281249997 0.758245784375 0.310804315625 0.7605731640625 0.30758159687500003 0.7664813984375 0.306865575 0.766063559375 0.3060298140625 0.77095709375 0.3084766859375 0.7870701890625 0.30059920625 0.7935156250000001 0.2964813984375 0.8069432046875 0.297913690625 0.8164320437500001 0.2986299609375 0.8243095234375 0.29630233125 0.8320079359375001 0.2930798609375 0.8375580359375 0.2819796625 0.8386321921875 0.272669890625 0.8359466765624999 0.265150296875 0.8316498015624999 0.261390625 0.8212658734374999 0.2572728171875 0.8153578874999999 0.257451884375 0.8176852671875 0.2631810515625 0.82842733125 0.26837301562500004 0.8298596234375 0.272669890625 0.8268159718750001 0.2819796625 0.819117559375 0.289319940625 0.8128511906250001 0.2832328875 0.8139255953125 0.2701634421875 0.8178643359375 0.266045634375 0.818222221875 0.265329365625 0.8133883921875 0.257630953125 0.8026463296875 0.2579890875 0.7990657234375 0.25816790625 0.784921875 0.24670982187499998 0.7775813484375 0.24742584375 0.7707780265624999 0.24509846249999998 0.7686297125 0.24295014843749999 0.7686297125 0.23901140937499998
1 0.740784721875 0.2089322921875 0.7534337796874999 0.211462053125 0.7684637890625 0.21458705312499998 0.771142609375 0.20848586249999998 0.77010069375 0.2031287203125 0.7684637890625 0.19911061562500001 0.7623625984375 0.196283234375 0.7619161703125 0.1918189484375 0.7631066468750001 0.18155084375 0.7650411703125 0.1712827375 0.766678075 0.164883928125 0.7683149796875 0.15163963281249998 0.77010069375 0.1476217765625 0.7724818953125 0.14494295625 0.7720354656249999 0.141073909375 0.771440228125 0.13065699375 0.7678685515625 0.129912946875 0.755665921875 0.1284248515625 0.74033829375 0.129912946875 0.733641865625 0.145240575 0.7355763890625 0.14613368124999998 0.734534721875 0.1495563 0.73468353125 0.1541693953125 0.733939484375 0.158782490625 0.7326001984375 0.16473511875 0.7323025796875 0.1693482140625 0.7326001984375 0.1772353671875 0.7288799609375001 0.1956879953125 0.7184630453125 0.1986641859375 0.716826140625 0.207444196875 0.7203975687499999 0.20922991093749999 0.7267963796875 0.20908110156249998 0.7331954359374999 0.20922991093749999 0.740784721875 0.2089322921875
1 0.19182886875 0.503805803125 0.2120500984375 0.5301922125 0.218955109375 0.528959325 0.22240749062499998 0.536850446875 0.2246267359375 0.542522321875 0.2335044640625 0.5518931046875 0.21057043593749997 0.5716212796875 0.20440550625 0.5819784218749999 0.22413368125000002 0.610830853125 0.2443549109375 0.60121329375 0.2492869546875 0.6004734625 0.25323263906250004 0.604665675 0.2524928078125 0.61107738125 0.2431217765625 0.61674925625 0.2391763390625 0.616009425 0.23547718281250002 0.615023065625 0.22216071406250001 0.6263665671875 0.22314732187500003 0.6401763390624999 0.2270927578125 0.6510267859375001 0.23547718281250002 0.6640964781250001 0.2468209328125 0.676919890625 0.26506944374999997 0.6917157734375 0.2783859125 0.6899895828125 0.2865235609375 0.6850577875 0.2939216265625 0.678892609375 0.2936750984375 0.67026165625 0.3247467765625 0.6596577375 0.34373511875 0.6463412703125 0.36247668593750004 0.6305587796875 0.3691349203125 0.6216813 0.3767797625 0.61107738125 0.3822048609375 0.602199653125 0.3928087796875 0.602199653125 0.4039057546875 0.59430853125 0.40587847187500004 0.5866639390625 0.40119320468749997 0.5785260421875 0.3859037703125 0.5713745046875001 0.372834078125 0.5533727671875 0.36321651718750003 0.5395629953125 0.36247668593750004 0.53734375 0.3691349203125 0.534384425 0.3666688984375 0.53216493125 0.35483209375 0.52673983125 0.34990005 0.529698909375 0.339049603125 0.53783680625 0.338556546875 0.545728175 0.33239136875 0.55066021875 0.3232671125 0.5509067453125 0.3163623515625 0.5452348703125 0.3262264390625 0.53660391875 0.3289389875 0.526 0.3067450390625 0.5010932546875 0.2936750984375 0.506271825 0.274440228125 0.521314484375 0.264576140625 0.5097244546875 0.255451884375 0.50553199375 0.2529858625 0.5015865578125001 0.25643824375 0.49665451406249994 0.23473735156250003 0.4724875984375 0.22536656718749998 0.4766798109375 0.2187083328125 0.47865252968750005 0.19528125000000002 0.452759425 0.180238590625 0.46385664687499994 0.204652034375 0.49320213281249997 0.19182886875 0.503805803125
1 0.2051661703125 0.6556212796875001 0.20494295624999997 0.6692428078125 0.1991369046875 0.6750486109375 0.17479687500000002 0.6915731640625 0.1712239578125 0.692912946875 0.1654181546875 0.6978256453125 0.1589422125 0.7058645828125 0.15961210312500002 0.7132336312499999 0.161175346875 0.7176996531250001 0.164971478125 0.7235057046875 0.1723405265625 0.7293115078125 0.1826125984375 0.729758184375 0.1888650796875 0.72663194375 0.19422420625 0.7194861109375 0.20159325468749997 0.7136803078125 0.2089623015625 0.7067579359375 0.2216907234375 0.6984955359375 0.22571031718749998 0.6955927578125001 0.2321860125 0.69760243125 0.24000173593750002 0.6969325390625001 0.2444677578125 0.6926897328125 0.2353122515625 0.688446925 0.225263640625 0.6766118546875 0.22146750937499998 0.671029265625 0.218564484375 0.6605339781249999 0.21878769843749998 0.6489221234375 0.21945758906249999 0.6455724203125001 0.21342857187500003 0.6486986609375001 0.2051661703125 0.6556212796875001
1 0.40559127031250003 0.546977678125 0.4013102671875 0.525184028125 0.3956674109375 0.519346478125 0.376597965625 0.5310215781250001 0.37796006875 0.533356646875 0.3826302078125 0.5386103671875 0.3880786203125 0.54289136875 0.399559028125 0.5493127484375 0.4145421625 0.566046875 0.4201850203125 0.561376984375 0.41823908750000005 0.5607931546875 0.41551488125 0.555928571875 0.40559127031250003 0.546977678125
1 0.44392435468749997 0.5395833328124999 0.44236755937499994 0.5318000984375 0.43186011874999997 0.518373759375 0.42310367031249996 0.5076713796875 0.41999032812500003 0.50611483125 0.41512574375 0.5059201390625 0.407926090625 0.5090334828125 0.4030615078125 0.5123415171875 0.402283234375 0.5146765875 0.4013102671875 0.518373759375 0.41765550625000003 0.5399724703125 0.4271899796875 0.5498963296875 0.4314709828125 0.552815228125 0.44392435468749997 0.5395833328124999
1 0.597222221875 0.202876984375 0.6014384921875 0.2053571421875 0.6180555562500001 0.2073412703125 0.6388888890625 0.20486111093749998 0.6443452375 0.196924603125 0.6510416671875 0.1914682546875 0.655505953125 0.184771825 0.6614583328125 0.1135912703125 0.6607142859375 0.10887896875 0.656994046875 0.10639880937499999 0.621527778125 0.0987103171875 0.6135912703125 0.097222221875 0.609126984375 0.0979662703125 0.603670634375 0.103174603125 0.6009838796875 0.1083415171875 0.596230159375 0.11309523749999999 0.5920138890625 0.11532738125 0.5890376984375 0.1264880953125 0.58779761875 0.15302579375 0.5858134921875 0.16741071406250002 0.5853174609375 0.19097222187500001 0.5863095234375 0.1951884921875 0.590277778125 0.20114087343749998 0.597222221875 0.202876984375
1 0.5449436999999999 0.10342261875 0.5493931046875 0.103462796875 0.554368303125 0.10491071406250001 0.5642889390625 0.0979662703125 0.5799139390625 0.09201388906249999 0.5833861609375 0.08978174531250001 0.5918186999999999 0.0873015875 0.5957869546875 0.08407738125 0.60421949375 0.0803571421875 0.6054595734375 0.07762896875 0.609923859375 0.0734126984375 0.6119079859375 0.068700396875 0.61066790625 0.0647321421875 0.579665921875 0.02529761875 0.5744575890625 0.02157738125 0.5655290171875 0.0228174609375 0.5494079859375 0.028273809374999997 0.5422155265625 0.0324900796875 0.5246063984375 0.0386904765625 0.516173859375 0.0396825390625 0.5112135421875 0.046626984375 0.50947743125 0.0513392859375 0.50947743125 0.056547618749999994 0.5149337796875 0.0647321421875 0.534527034375 0.090773809375 0.5449436999999999 0.10342261875
1 0.562748015625 0.127976190625 0.5667162703125 0.12276785781249999 0.5731646828125 0.10714285781249999 0.5741567453124999 0.09920634843750001 0.5714285718750001 0.09697420625 0.56845238125 0.09697420625 0.5612599203124999 0.10119047656249999 0.5580357140625 0.10441468281249999 0.5458829359374999 0.10367063437499999 0.527777778125 0.0828373015625 0.5243055562500001 0.0895337296875 0.519097221875 0.1046626984375 0.51884920625 0.1113591265625 0.5513392859375 0.12847222187500001 0.5587797625 0.1297123015625 0.562748015625 0.127976190625
1 0.5274055062499999 0.421427828125 0.525549603125 0.4252938984375 0.525704365625 0.42962425625 0.5275600203125 0.433490575 0.5284880953125 0.4358102671875 0.533127728125 0.43550099218750005 0.53451959375 0.43318130000000005 0.536220734375 0.4266860125 0.53436483125 0.4198812 0.53390079375 0.421118303125 0.5304985125 0.42019047656249997 0.5274055062499999 0.421427828125
3 0.562251984375 0.3554067453125 0.5920138890625 0.349950396875 0.5949900796875001 0.34722222187499996 0.6039186515625 0.34375 0.6103670640625001 0.3395337296875 0.6111111109375 0.33779761875 0.6106150796875001 0.330605159375 0.606894840625 0.299603175 0.6039186515625 0.297619046875 0.596478175 0.297619046875 0.59375 0.296130953125 0.5922619046875 0.28224206406249996 0.5892857140625 0.2728174609375 0.5803571421875 0.27256944375000003 0.552579365625 0.346230159375 0.5518353171875 0.35342261875 0.5540674609375 0.356398809375 0.55654761875 0.3546626984375 0.562251984375 0.3554067453125
3 0.5833013390625 0.2676703875 0.5835493546875 0.27039856093750003 0.5840453875 0.271638640625 0.5887576890624999 0.27238268906249996 0.59098983125 0.273870784375 0.59371800625 0.2815592765625 0.593966021875 0.287263640625 0.5954541171875001 0.289991815625 0.5984303078125001 0.289991815625 0.6011584828125 0.287759671875 0.6043826890624999 0.286767609375 0.6085989578125 0.2827993546875 0.6110791171875001 0.2820553078125 0.6269521328125001 0.270646578125 0.6334005453125 0.2674223703125 0.6500176093750001 0.256013640625 0.65348983125 0.252789434375 0.6554739578125 0.249069196875 0.6542338796875 0.24435689531250002 0.6423122515624999 0.22579241093750002 0.6348886406250001 0.21087475156250002 0.6306723703125 0.20715451406250002 0.61937574375 0.21111731093750002 0.597190228125 0.2260037203125 0.5825572921875 0.2354283234375 0.581565228125 0.236668403125 0.5894211312500001 0.24435069375000001 0.5905037203125 0.2513100203125 0.5833013390625 0.2676703875
0 0.6728670640625001 0.677579365625 0.674355159375 0.6793154765625 0.67782738125 0.6803075390625 0.6827876984375 0.684027778125 0.736855159375 0.7095734125 0.7542162703125 0.7170138890625 0.76512896875 0.719494046875 0.768105159375 0.716269840625 0.7730654765625 0.70262896875 0.7921626984375 0.6614583328125 0.80927579375 0.621527778125 0.810019840625 0.615079365625 0.8075396828124999 0.6113591265625 0.802579365625 0.606894840625 0.7765376984375 0.5925099203124999 0.7383432546875001 0.5766369046875 0.7306547625 0.575148809375 0.7269345234375 0.5726686515625 0.71279761875 0.571924603125 0.7078373015625 0.578125 0.7018015875 0.5886728671875 0.6912490078125 0.5881076390625 0.6914682546875001 0.6049107140625 0.6857638890625 0.627480159375 0.6788194437499999 0.644097221875 0.6731150796875001 0.6540178578125 0.67237103125 0.6579861109375 0.674355159375 0.662025296875 0.674355159375 0.6698908734375 0.6728670640625001 0.677579365625
0 0.7564154265624999 0.3331959328125 0.7558015874999999 0.3402524796875 0.7524268359375 0.3454682546875 0.74843824375 0.350684028125 0.7521200390625 0.3534451890625 0.7591765875 0.3598883921875 0.7551879953125 0.381058284375 0.7564154265624999 0.3825922625 0.7573358140625001 0.3893420140625 0.7551879953125 0.39148983125000003 0.7438360609375 0.392103421875 0.7214389875 0.39148983125000003 0.6987351187499999 0.38719444375 0.683087796875 0.3813650796875 0.683087796875 0.36633134843750004 0.650258928125 0.3654109625 0.6484181546875 0.3755357140625 0.6735766375 0.3730811015625 0.68001959375 0.381058284375 0.69628050625 0.3997735609375 0.7122346234375 0.40959151718750003 0.8091867562499999 0.41204613125 0.8254476687500001 0.33933209375 0.7604037703125 0.32215079375 0.7573358140625001 0.323684771875 0.7573358140625001 0.3264459328125 0.7564154265624999 0.3331959328125
0 0.404423859375 0.7702517359375001 0.413365328125 0.7744032734374999 0.4210295140625 0.7737646328125 0.43667733125 0.7702517359375001 0.4379546125 0.7609908234375 0.436358134375 0.7587554562500001 0.31884027812500004 0.7469399796875 0.304469990625 0.7523688 0.29329290625 0.8274139390625 0.30095709375 0.8392296625 0.3118147328125 0.8414650296874999 0.3127728171875 0.8376329359374999 0.3239499015625 0.761948909375 0.404423859375 0.7702517359375001
3 0.137896825 0.490575396875 0.143353175 0.481646825 0.150545634375 0.47594246093750003 0.17361111093749998 0.466269840625 0.19965277812499999 0.4481646828125 0.20362103125000003 0.4439484125 0.20560515937499999 0.43973214218749995 0.20833333281250002 0.440476190625 0.21031746093749998 0.4392361109375 0.2095734125 0.43799603125 0.224950396875 0.42137896875 0.2299107140625 0.41865079375 0.23511904687500002 0.41815476250000005 0.24107142812500001 0.415178571875 0.24280753906250002 0.41220238125 0.2420634921875 0.403769840625 0.240575396875 0.3998015875 0.234375 0.3926091265625 0.23164682499999997 0.39161706406249996 0.2232142859375 0.3854166671875 0.2172619046875 0.3859126984375 0.21354166718749998 0.3883928578125 0.20634920625 0.396329365625 0.203373015625 0.3983134921875 0.180803571875 0.40550595312500004 0.1614583328125 0.42534722187499996 0.1510416671875 0.4310515875 0.147321428125 0.43526785781250005 0.143353175 0.43700396875 0.127976190625 0.43948412656249997 0.125 0.44171627031250005 0.125 0.4918154765625 0.12946428593749998 0.49305555625 0.137896825 0.490575396875
3 0.44072420625 0.619295634375 0.4429563484375 0.624751984375 0.4456845234375 0.6259920640625001 0.44890872968749995 0.62549603125 0.45386904687499996 0.627976190625 0.45758928593750003 0.628472221875 0.4632936515625 0.627480159375 0.46502976250000005 0.6259920640625001 0.474123759375 0.6232638890625 0.4861111109375 0.62177579375 0.48859127031250005 0.6202876984375 0.49156746093750003 0.615079365625 0.49429563437499996 0.6019345234375 0.5009920640625001 0.5873015875 0.50322420625 0.5833333328125 0.5119047625 0.5761408734375 0.5116567453124999 0.5679563484375 0.5101686515625 0.562748015625 0.5101686515625 0.552579365625 0.5114087296875 0.5404265875 0.5173611109375 0.521329365625 0.516369046875 0.5173611109375 0.512648809375 0.5143849203124999 0.5104166671875 0.5106646828125 0.5071924609375 0.49801587343750003 0.502728175 0.4935515875 0.49280753906249997 0.4890873015625 0.48090277812500004 0.4898313484375 0.478174603125 0.4920634921875 0.47470238125 0.4985119046875 0.47465170937499995 0.5002924625 0.4632936515625 0.5019841265625 0.46031746093750003 0.506200396875 0.4580853171875 0.5195932546875001 0.4513888890625 0.5359623015625 0.44593253906249997 0.54092261875 0.44444444375 0.5591932046875 0.44122023749999995 0.5644841265625 0.4387400796875 0.57217261875 0.4384920640625 0.5763888890625 0.4365079359375 0.580605159375 0.43551587343750003 0.5920138890625 0.437748015625 0.5947420640625001 0.440228175 0.6014384921875 0.44122023749999995 0.6140873015625 0.44072420625 0.619295634375
3 0.5634920640625001 0.734623015625 0.565228175 0.7413194437499999 0.5642361109375 0.747519840625 0.56299603125 0.749255953125 0.560019840625 0.750248015625 0.5505952375 0.750744046875 0.5486111109375 0.7552083328125 0.5453869046875 0.7571924609375 0.544394840625 0.7591765875 0.5448908734375 0.7671130953125 0.547123015625 0.7728174609375 0.5488591265625 0.7829861109375 0.547619046875 0.7946428578125 0.5481150796875001 0.8058035718750001 0.5508432546875001 0.8082837296875001 0.5555555562500001 0.8105158734375 0.5642361109375 0.81299603125 0.5706845234375 0.81845238125 0.577876984375 0.8201884921874999 0.5863095234375 0.8189484125 0.5920138890625 0.8137400796875 0.5949900796875001 0.8055555562500001 0.6029265875 0.7921626984375 0.6051587296875 0.7901785718750001 0.6108630953125 0.7876984125 0.6138392859375 0.7827380953125 0.6143353171875 0.778521825 0.6130952375 0.76612103125 0.6145833328125 0.7549603171875 0.6168154765625 0.7428075390625 0.622023809375 0.7326388890625 0.622023809375 0.7291666671875 0.621527778125 0.724454365625 0.6168154765625 0.7175099203124999 0.6130952375 0.6991567453124999 0.6133432546875001 0.6892361109375 0.6046626984375 0.6810515875 0.5982142859375 0.6788194437499999 0.58779761875 0.6800595234375 0.5716765875 0.6800595234375 0.568700396875 0.6825396828125 0.5662202375 0.6927083328125 0.56200396875 0.70262896875 0.5535714281249999 0.7120535718750001 0.5520833328125 0.716269840625 0.55282738125 0.7256944437499999 0.5558035718750001 0.728174603125 0.556795634375 0.7323908734375 0.5634920640625001 0.734623015625
3 0.481628471875 0.8253187000000001 0.48617162656249996 0.82557118125 0.48718105156249997 0.8344047625 0.48566691406249995 0.847529265625 0.48112375937499996 0.844248015625 0.4763283734375 0.8381907234374999 0.46825173593749997 0.8333953375 0.468998015625 0.8611111109375 0.47098214218749995 0.8660714281249999 0.4856150796875 0.884424603125 0.4898313484375 0.8926091265625 0.4925595234375 0.8950892859374999 0.49553571406249997 0.8960813484375001 0.5012400796875001 0.8955853171875001 0.5042162703125 0.8926091265625 0.505704365625 0.8888888890625 0.5052083328125 0.8670634921874999 0.5066964281249999 0.8454861109375 0.5104166671875 0.8415178578125 0.5116567453124999 0.838045634375 0.5104166671875 0.824652778125 0.50595238125 0.8164682546875 0.502976190625 0.7988591265625 0.499751984375 0.794146825 0.48635912656249997 0.7886904765625 0.48040674531249994 0.7795138890625 0.475446428125 0.778273809375 0.471726190625 0.778521825 0.468998015625 0.78174603125 0.46825396875 0.7862103171875 0.46698983125 0.8313762406249999 0.47380431562499997 0.8366763390624999 0.47707738125 0.8308152281250001 0.481628471875 0.8253187000000001
3 0.51512896875 0.4481646828125 0.51612103125 0.452876984375 0.5176091265625 0.46676587343750003 0.5176091265625 0.481894840625 0.5367063484375 0.49603174531249994 0.5429067453124999 0.49652777812500004 0.552579365625 0.49429563437499996 0.5575396828125 0.49007936562500004 0.559523809375 0.4861111109375 0.559523809375 0.484126984375 0.564980159375 0.47470238125 0.5701884921875 0.4699900796875 0.574652778125 0.46825396875 0.577876984375 0.46304563437499996 0.577876984375 0.45758928593750003 0.5761408734375 0.4516369046875 0.5771329359374999 0.43055555625 0.57862103125 0.4233630953125 0.5825892859375 0.4169146828125 0.5833333328125 0.4079861109375 0.57762896875 0.40029761875 0.5739087296875 0.38963293593750004 0.5716765875 0.3802083328125 0.572420634375 0.372519840625 0.5714285718750001 0.3675595234375 0.568700396875 0.3643353171875 0.56299603125 0.36259920625 0.5555555562500001 0.3616071421875 0.54737103125 0.362103175 0.5456349203124999 0.36383928593750003 0.5396825390625 0.3769841265625 0.533730159375 0.39508928593750003 0.5421991562499999 0.4242219734375 0.5382130453125 0.4420639875 0.5247366078125 0.4397862109375 0.5249265875 0.42403224218749996 0.536884425 0.41321304531249997 0.534037203125 0.3993571421875 0.528273809375 0.3953373015625 0.527777778125 0.3893849203125 0.525049603125 0.3883928578125 0.5238095234375 0.3856646828125 0.521825396875 0.38467261875 0.5173611109375 0.391369046875 0.515625 0.3923611109375 0.513144840625 0.3988095234375 0.5146329359374999 0.4126984125 0.512648809375 0.430803571875 0.512648809375 0.44320436562500004 0.51512896875 0.4481646828125
1 0.47916071406249994 0.8408998015625 0.4825600203125 0.84414459375 0.485032490625 0.844608134375 0.48580505937499996 0.8419813984375001 0.4861140875 0.8371912203124999 0.48534151718749996 0.8279201390625 0.48379613125 0.8268382937500001 0.48024231093749997 0.8269928078125 0.477615328125 0.8324010421875 0.47730629999999996 0.8339464281250001 0.47807886875000005 0.8376547625 0.47916071406249994 0.8408998015625
2 0.27678571406249997 0.31597222187499996 0.28447420625 0.3179563484375 0.325396825 0.325396825 0.3695436515625 0.33159722187499996 0.38467261875 0.3323412703125 0.3978174609375 0.33506944375000003 0.4789186515625 0.3608630953125 0.5049603171875 0.3732638890625 0.5178571421875 0.3772321421875 0.5245535718750001 0.381200396875 0.5334821421875 0.3834325390625 0.5352182546875001 0.38095238125 0.5367063484375 0.37549603125000003 0.5401785718750001 0.3732638890625 0.543898809375 0.36259920625 0.546626984375 0.358630953125 0.58134920625 0.26884920625 0.5828373015625 0.25892857187499996 0.5868055562500001 0.2522321421875 0.5860615078125 0.250744046875 0.5828373015625 0.2490079359375 0.5823412703125 0.24404761874999997 0.5803571421875 0.2383432546875 0.5761408734375 0.234623015625 0.5709325390625 0.23263888906250002 0.5664682546875001 0.2279265875 0.5716765875 0.18650793593749998 0.57217261875 0.17361111093749998 0.5736607140625 0.168898809375 0.574652778125 0.15972222187500001 0.5736607140625 0.1540178578125 0.568700396875 0.1460813484375 0.556795634375 0.133928571875 0.5478670640625001 0.1304563484375 0.5456349203124999 0.1262400796875 0.5379464281249999 0.12375992031250001 0.528769840625 0.1173115078125 0.4923115078125 0.102678571875 0.4456845234375 0.0895337296875 0.43353174531249994 0.08680555625 0.40848214218749995 0.08333333281250001 0.40401785781250005 0.08358134843750001 0.3960813484375 0.08134920625 0.375248015625 0.078373015625 0.36607142812500004 0.07862103125 0.3457341265625 0.07688492031250001 0.312748015625 0.07688492031250001 0.30475595312500003 0.0753467265625 0.3020649796875 0.01991319375 0.29291592187500004 0.017222221875 0.278384671875 0.042517112499999996 0.21380158749999997 0.1372388390625 0.22887103125000002 0.17867956406250002 0.2563187 0.2109712296875 0.24801587343749998 0.25595238125 0.2408234125 0.291170634375 0.240575396875 0.303075396875 0.2571924609375 0.3105158734375 0.2730654765625 0.3139880953125 0.27678571406249997 0.31597222187499996