3 0.375744046875 0.7636408734375 0.3834325390625 0.7693452375 0.387896825 0.77529761875 0.40302579375 0.803075396875 0.419394840625 0.8301091265625 0.42509920625 0.8417658734375 0.42881944375 0.846726190625 0.437748015625 0.8630952375 0.4456845234375 0.880704365625 0.450148809375 0.887896825 0.46527777812500004 0.9045138890625 0.48040674531249994 0.911954365625 0.4893353171875 0.9149305562500001 0.5042162703125 0.9164186515624999 0.521825396875 0.9151785718750001 0.5329861109375 0.91220238125 0.54737103125 0.905505953125 0.556795634375 0.8995535718750001 0.568700396875 0.888144840625 0.57490079375 0.8799603171875001 0.580605159375 0.86904761875 0.5850694437499999 0.8571428578125 0.587549603125 0.8457341265625 0.581597221875 0.7352844734375 0.58134920625 0.709325396875 0.5845734125 0.690228175 0.5848214281249999 0.6800595234375 0.5825892859375 0.665674603125 0.5793650796875001 0.6572420640625001 0.5734126984375 0.6493055562500001 0.5701884921875 0.6416170640625001 0.563244046875 0.6341765875 0.5515873015625 0.62549603125 0.5419146828125 0.621527778125 0.5391865078125 0.61904761875 0.5193452375 0.61259920625 0.5071924609375 0.6106150796875001 0.48387896875 0.6108630953125 0.466021825 0.6133432546875001 0.462549603125 0.6148313484375 0.4543650796875 0.6160714281249999 0.4424603171875 0.6202876984375 0.419146825 0.6314484125 0.396329365625 0.6485615078125 0.3864087296875 0.6582341265625 0.374751984375 0.6731150796875001 0.3658234125 0.689980159375 0.3613591265625 0.7041170640625001 0.359623015625 0.7132936515625 0.359375 0.724454365625 0.3613591265625 0.7366071421875 0.365079365625 0.7480158734375 0.375744046875 0.7636408734375
3 0.44962996093749996 0.325441715625 0.431377728125 0.2383286203125 0.4269077375 0.2409345234375 0.3002591765625 0.2476356640625 0.373268353125 0.2078018359375 0.29206423593749997 0.2509861109375 0.317021578125 0.327303075 0.44962996093749996 0.325441715625
3 0.172493303125 0.2528474703125 0.28200694375 0.209290921875 0.1743556546875 0.2498692953125 0.169140625 0.2565701890625 0.1970778765625 0.3235803578125 0.29243675625 0.3258139875 0.31106150781249997 0.31390104218750003 0.2905744046875 0.2502415671875 0.369915921875 0.2085463796875 0.26636210312499997 0.2502415671875 0.172493303125 0.2528474703125
3 0.1898911203125 0.31057738125 0.16895858125000002 0.25347693437499996 0.2773154765625 0.20988442499999999 0.270173859375 0.2071770828125 0.16132415625000002 0.246802828125 0.125 0.2502485125 0.125 0.3120188484375 0.18422693437499998 0.3145153765625 0.1898911203125 0.31057738125
3 0.1945002484375 0.34112896875 0.1455151296875 0.3369446921875 0.125 0.347823909375 0.125 0.41268080312500005 0.207060515625 0.3683271328125 0.1945002484375 0.34112896875
3 0.126674603125 0.18179290625 0.1438405265625 0.18011929531249998 0.1522140375 0.173005953125 0.126255953125 0.1006170640625 0.126674603125 0.18179290625
3 0.26123511875 0.1683229171875 0.233308284375 0.078347965625 0.2294501484375 0.0790825890625 0.128215278125 0.10019915625 0.155774553125 0.1804419640625 0.2544372515625 0.169608134375 0.26123511875 0.1683229171875
3 0.41301190468750004 0.151796875 0.40198834375 0.0983487109375 0.3964764390625 0.09743055625 0.387084078125 0.054116815625 0.4805967265625 0.03061334375 0.47306398749999995 0.0296951890625 0.373298859375 0.050628223437499995 0.359703125 0.05356597187499999 0.23441071406249997 0.078898809375 0.2625213296875 0.1736478171875 0.3850853171875 0.16134523750000002 0.3931693953125 0.1602435515625 0.41301190468750004 0.151796875
3 0.278512153125 0.026450396874999997 0.2845002484375 0.046308284374999995 0.299742559375 0.04141170625 0.29457118125 0.0074084828125000005 0.32668898749999997 0.0006078875 0.16773313437499998 0.001152034375 0.125 0.0139372515625 0.125 0.050490328125 0.27279637968750003 0.0139372515625 0.278512153125 0.026450396874999997
0 0.3863462296875 0 0.2974734625 0.01816641875 0.302996528125 0.0382388390625 0.2844186515625 0.045766120312500005 0.27789136875 0.0282026296875 0.15236483125 0.0573077875 0.1649174109375 0.088921875 0.30500496093749996 0.06182415625 0.30902182499999997 0.0553005953125 0.324587053125 0.048777034375 0.3602366078125 0.045766120312500005 0.4199873515625 0.038740575 0.42048933593750004 0 0.3863462296875 0
0 0.1945416671875 0.340285465625 0.20106894843749998 0.3518271328125 0.4611599703125 0.3779213796875 0.4571431046875 0.3608598703125 0.1945416671875 0.340285465625