3 0.7139169140625 0.321820684375 0.6299709828125 0.3101974203125 0.6351369046875 0.3189794140625 0.6387529765625 0.32543675625 0.6160230656250001 0.323887153125 0.59742584375 0.31717137968750003 0.5868358140625001 0.3132971234375 0.5868358140625001 0.3089060015625 0.5894186515625 0.30580654687500003 0.5878690468750001 0.3024486609375 0.5359516375 0.2952162703125 0.5323355656250001 0.309680803125 0.530269096875 0.32543675625 0.407943934375 0.309229478125 0.3858720234375 0.29056696406250004 0.3770900296875 0.29005034687500003 0.3773482140625 0.2980575390625 0.3819975203125 0.3039985125 0.384322171875 0.3081312 0.38380555625 0.31691319375 0.378898065625 0.3166547625 0.376831596875 0.314330109375 0.36701636875 0.4008588796875 0.393879215625 0.4520014875 0.39878670625 0.45329290625 0.4016279765625 0.4370203375 0.49564732187500005 0.44528571406250006 0.49668055625 0.45277628906249995 0.5068122875000001 0.453294990625 0.5026212796875 0.46956547656250003 0.4767919140625 0.46646602187499997 0.4752420640625 0.45923363124999994 0.46181076406250005 0.44399429531249995 0.420741815625 0.4411530265625 0.411184771875 0.504693453125 0.44657118125000006 0.5715920140625 0.44992906718750003 0.5728834328125 0.444246528125 0.59303050625 0.45105855781250004 0.6077532234375 0.4364977671875 0.6077532234375 0.43004042656249997 0.594321925 0.42125843281249997 0.5963883921875001 0.420741815625 0.599487846875 0.424099703125 0.606978421875 0.42590773750000005 0.611627728125 0.42487450468750004 0.6136939484374999 0.42358308593749994 0.614210565625 0.4191919640625 0.6124025296875 0.409893353125 0.67413516875 0.440372271875 0.7663462296875 0.443730159375 0.7663462296875 0.4473462296875 0.754722965625 0.48247420625000004 0.7526567453124999 0.4827326390625 0.7575642359375 0.48893154687499996 0.7591140875 0.4936016859375 0.7591140875 0.5018670640625 0.7800359625 0.502900296875 0.7844270828125001 0.6842232140625 0.766862846875 0.8151684031249999 0.35539905781250003 0.7139169140625 0.321820684375
3 0.2145337296875 0.36259920625 0.22123015937499999 0.362103175 0.2242063484375 0.3633432546875 0.2251984125 0.36631944375000003 0.2251984125 0.37847222187499996 0.22371031718749998 0.3883928578125 0.22445436562499999 0.3928571421875 0.23611111093749998 0.3888888890625 0.25446428593750003 0.3859126984375 0.259920634375 0.3859126984375 0.283730159375 0.3926091265625 0.294146825 0.39732142812500004 0.3018353171875 0.39955357187499996 0.309771825 0.4047619046875 0.3147321421875 0.4052579359375 0.325396825 0.403521825 0.3298611109375 0.403769840625 0.3330853171875 0.40178571406249997 0.3330853171875 0.39508928593750003 0.3358134921875 0.384424603125 0.3353174609375 0.377728175 0.3395337296875 0.340773809375 0.337549603125 0.33779761875 0.310019840625 0.3298611109375 0.25049603125000003 0.315476190625 0.2140376984375 0.31845238125 0.2046130953125 0.3206845234375 0.2018849203125 0.322420634375 0.20114087343749998 0.3296130953125 0.20064484062500001 0.359126984375 0.20262896874999997 0.3606150796875 0.2085813484375 0.361855159375 0.2145337296875 0.36259920625
0 0.3261408734375 0.3335813484375 0.32762896874999997 0.33159722187499996 0.3303571421875 0.30654761875 0.3330853171875 0.30381944375000003 0.33680555624999997 0.3023313484375 0.3365575390625 0.3010912703125 0.33258928593750003 0.299851190625 0.3320932546875 0.296130953125 0.3335813484375 0.29340277812500004 0.33779761875 0.2919146828125 0.3385416671875 0.286954365625 0.3241567453125 0.24429563437500001 0.3239087296875 0.234375 0.3226686515625 0.22916666718749998 0.3226686515625 0.2197420640625 0.32366071406249997 0.21676587343749998 0.3231646828125 0.2142857140625 0.32142857187499996 0.2123015875 0.299603175 0.2085813484375 0.2986111109375 0.2085813484375 0.296875 0.21130952343749998 0.28571428593750003 0.3167162703125 0.2854662703125 0.3226686515625 0.28720238125 0.3239087296875 0.3204365078125 0.3328373015625 0.3261408734375 0.3335813484375
3 0.4451884921875 0.2884424609375 0.4422123015625 0.2904265875 0.4427083328125 0.29340277812500004 0.44146825468750006 0.296875 0.4427083328125 0.2991071421875 0.4392361109375 0.3045634921875 0.4387400796875 0.3112599203125 0.43948412656249997 0.312251984375 0.44320436562500004 0.3137400796875 0.446924603125 0.312251984375 0.45089285781250005 0.31349206406249996 0.46006944375 0.3137400796875 0.466021825 0.3164682546875 0.47445436562500004 0.3164682546875 0.478174603125 0.318204365625 0.49404761875 0.3189484125 0.497519840625 0.3201884921875 0.5042162703125 0.31919642812500004 0.5104166671875 0.32118055624999997 0.5257936515625 0.3234126984375 0.5275297625 0.3226686515625 0.5292658734375 0.31919642812500004 0.531498015625 0.3112599203125 0.5329861109375 0.2926587296875 0.5349702375 0.2914186515625 0.5386904765625 0.2921626984375 0.5404265875 0.29017857187499996 0.5421626984375 0.29017857187499996 0.5458829359374999 0.2914186515625 0.5478670640625001 0.2946428578125 0.55654761875 0.2988591265625 0.5644841265625 0.2988591265625 0.575644840625 0.3008432546875 0.5801091265625 0.299355159375 0.581101190625 0.299603175 0.5820932546875001 0.3020833328125 0.583829365625 0.302579365625 0.5848214281249999 0.3020833328125 0.58407738125 0.299355159375 0.5863095234375 0.294394840625 0.5915178578125 0.2916666671875 0.5925099203124999 0.29017857187499996 0.6056547625 0.287450396875 0.6116071421875 0.283978175 0.6197916671875 0.2834821421875 0.6240079359374999 0.284226190625 0.6259920640625001 0.287450396875 0.640625 0.2896825390625 0.6418650796875001 0.2946428578125 0.646329365625 0.2988591265625 0.6649305562500001 0.3005952375 0.6698908734375 0.3005952375 0.6733630953125 0.299355159375 0.6852678578125 0.30034722187499996 0.6917162703125 0.299603175 0.7008928578125 0.30133928593750003 0.705853175 0.3005952375 0.718005953125 0.30381944375000003 0.721230159375 0.3077876984375 0.7304067453124999 0.3077876984375 0.734623015625 0.3125 0.7633928578125 0.31299603125000003 0.7757936515625 0.3174603171875 0.79365079375 0.3196924609375 0.796875 0.3216765875 0.803075396875 0.3231646828125 0.8060515875 0.32465277812500004 0.8045634921874999 0.328869046875 0.796130953125 0.3360615078125 0.7956349203124999 0.3397817453125 0.793402778125 0.343005953125 0.797619046875 0.34424603125000003 0.8018353171875001 0.3489583328125 0.806299603125 0.3501984125 0.8080357140625001 0.3519345234375 0.8139880953124999 0.3546626984375 0.814980159375 0.356646825 0.8147321421875 0.3611111109375 0.8110119046875001 0.372023809375 0.8107638890625 0.3764880953125 0.8072916671874999 0.3841765875 0.8072916671874999 0.38715277812500004 0.8033234125 0.3955853171875 0.803075396875 0.39930555624999997 0.7953869046875 0.418898809375 0.794146825 0.4265873015625 0.7919146828125 0.4310515875 0.7919146828125 0.43700396875 0.7881944437499999 0.443700396875 0.7876984125 0.44866071406249997 0.7849702375 0.4546130953125 0.783730159375 0.4632936515625 0.786954365625 0.46552579375 0.7904265875 0.46502976250000005 0.7931547625 0.465773809375 0.7946428578125 0.468998015625 0.799851190625 0.47247023749999995 0.8015873015625001 0.474950396875 0.80927579375 0.4769345234375 0.8139880953124999 0.4791666671875 0.814980159375 0.48065476250000005 0.8261408734375 0.48387896875 0.830605159375 0.484126984375 0.8320932546875 0.4861111109375 0.8457341265625 0.49280753906249997 0.8573908734375 0.4952876984375 0.8616071421875 0.4947916671875 0.8635912703124999 0.49776785781250005 0.872519840625 0.50322420625 0.874751984375 0.502728175 0.93154761875 0.528273809375 0.936755953125 0.5290178578125 0.9446924609374999 0.5272817453124999 0.9456845234375001 0.5290178578125 0.9484126984374999 0.5297619046875 0.9513888890625 0.5329861109375 0.952380953125 0.536954365625 0.9605654765624999 0.54092261875 0.9704861109375 0.5429067453124999 0.9831349203125 0.543402778125 0.9945436515624999 0.5426587296875 0.9980158734375 0.5396825390625 0.999751984375 0.5396825390625 0.999751984375 0.2232142859375 0.9665178578125 0.22073412656250002 0.9650297625 0.2197420640625 0.9665178578125 0.21626984062500001 0.96279761875 0.21626984062500001 0.9578373015625001 0.21800595312499998 0.9489087296875001 0.218501984375 0.912450396875 0.21354166718749998 0.872271825 0.21031746093749998 0.8501984125 0.206597221875 0.8382936515624999 0.2053571421875 0.8323412703124999 0.20634920625 0.8038194437499999 0.20114087343749998 0.7740575390625 0.19866071406250002 0.752480159375 0.1951884921875 0.7306547625 0.1939484125 0.7075892859375 0.1894841265625 0.678075396875 0.18725198437499999 0.6168154765625 0.17881944375 0.560019840625 0.17237103125 0.5384424609375 0.17088293593749998 0.5292658734375 0.168898809375 0.5245535718750001 0.168898809375 0.52157738125 0.1676587296875 0.46453372968749995 0.1604662703125 0.46006944375 0.1617063484375 0.45758928593750003 0.16741071406250002 0.4548611109375 0.17881944375 0.4546130953125 0.1889880953125 0.459325396875 0.19196428593749998 0.459325396875 0.194196428125 0.45510912656249997 0.19593253906250002 0.453373015625 0.1991567453125 0.45386904687499996 0.20064484062500001 0.450644840625 0.2229662703125 0.4518849203125 0.2264384921875 0.450396825 0.22916666718749998 0.4481646828125 0.2299107140625 0.4466765875 0.23189484062500001 0.4476686515625 0.23710317500000003 0.44618055625 0.24107142812500001 0.44717261875 0.243799603125 0.4454365078125 0.2462797625 0.44097222187499996 0.278273809375 0.43948412656249997 0.281001984375 0.43948412656249997 0.28174603125000003 0.443700396875 0.2827380953125 0.4454365078125 0.286334325 0.4451884921875 0.2884424609375
3 0.351355903125 0.23688194375 0.35475272812499997 0.23836805625 0.3566634421875 0.2436755953125 0.3560265375 0.25322891875 0.3549650296875 0.259597965625 0.3825639875 0.26257018906249996 0.3855362109375 0.2175627484375 0.3471098703125 0.210769096875 0.3502943953125 0.21501512968749997 0.3526297125 0.218836309375 0.351355903125 0.23688194375
0 0.3239692453125 0.21098139843750002 0.33819320468749997 0.23964186562499998 0.340953125 0.20949528750000002 0.3260922625 0.1912375984375 0.3239692453125 0.1908129953125 0.324818453125 0.20164012968749997 0.3239692453125 0.21098139843750002
0 0.338830109375 0.2702130453125 0.337131696875 0.269576140625 0.3373439984375 0.26554241093750003 0.32375694374999997 0.23348511875 0.324181546875 0.24770907812499998 0.3394670140625 0.290169146875 0.338830109375 0.2702130453125
0 0.388508184375 0.15323586250000001 0.3725858140625 0.150263640625 0.3592110609375 0.148565228125 0.3562388390625 0.149414434375 0.3507189984375 0.21267981093750002 0.3825639875 0.21628893906250002 0.388508184375 0.15323586250000001
0 0.352205109375 0.28019097187500003 0.348808284375 0.28762152812499997 0.34456225156250003 0.2920798609375 0.31038194375 0.7175282734375 0.3101696421875 0.7330260421875 0.3137787703125 0.7410935015625 0.3195109125 0.741305803125 0.3222708328125 0.7372720734375 0.3250307546875 0.737059771875 0.32524305625 0.7389704859374999 0.329064484375 0.7402442953125 0.331612103125 0.7398196921875 0.33267361093750003 0.737059771875 0.334159721875 0.7342998515625 0.3785302578125 0.261933284375 0.35411582343750003 0.260447171875 0.35178050625 0.26129637968749997 0.352205109375 0.28019097187500003
0 0.372519840625 0.8296130953124999 0.374751984375 0.830853175 0.39161706406249996 0.828125 0.4389880953125 0.8177083328125001 0.44122023749999995 0.814980159375 0.44146825468750006 0.8050595234375001 0.43973214218749995 0.7946428578125 0.43526785781250005 0.7854662703125 0.43179563437499996 0.781994046875 0.3814484125 0.7914186515625 0.3573908734375 0.796875 0.35887896874999997 0.8013392859374999 0.362351190625 0.8043154765624999 0.372519840625 0.82490079375 0.372519840625 0.8296130953124999
0 0.1326884921875 0.874751984375 0.150545634375 0.874751984375 0.1507936515625 0.8732638890625 0.153521825 0.8730158734375 0.15699404687500002 0.874751984375 0.158978175 0.874751984375 0.16071428593749998 0.8730158734375 0.1700458828125 0.8730158734375 0.17261904687500002 0.874751984375 0.18427579375 0.874751984375 0.22371031718749998 0.8645833328125001 0.265873015625 0.8556547625 0.275049603125 0.8529265875 0.2757936515625 0.8516865078125001 0.281001984375 0.8318452375 0.2824900796875 0.8206845234375001 0.28224206406249996 0.8142361109375 0.281001984375 0.812251984375 0.27802579375 0.81200396875 0.1696428578125 0.834325396875 0.162450396875 0.8350694437499999 0.14409722187500001 0.8395337296875001 0.13467261875 0.840277778125 0.12599206406250002 0.8447420640625 0.12475198437499999 0.846726190625 0.1240079359375 0.8521825390625001 0.1240079359375 0.871527778125 0.12549603125 0.8730158734375 0.13033234062500001 0.8730158734375 0.1326884921875 0.874751984375
0 0.2770337296875 0.6736111109375 0.2827380953125 0.6736111109375 0.2834821421875 0.672619046875 0.283978175 0.6634424609375 0.2864583328125 0.6540178578125 0.2834821421875 0.6520337296875 0.2738095234375 0.6507936515625 0.1832837296875 0.641369046875 0.17881944375 0.6421130953125 0.17435515937499999 0.6478174609375 0.17361111093749998 0.6579861109375 0.17435515937499999 0.6607142859375 0.1760912703125 0.661954365625 0.2770337296875 0.6736111109375
0 0.40699404687499996 0.6857638890625 0.408730159375 0.6800595234375 0.40947420625 0.6676587296875 0.4074900796875 0.6649305562500001 0.349454365625 0.6584821421875 0.34375 0.6631944437499999 0.3420138890625 0.6679067453124999 0.3415178578125 0.6795634921875 0.34275793593750004 0.6805555562500001 0.4045138890625 0.686755953125 0.40699404687499996 0.6857638890625