0 0.3977802578125 0.49083506874999994 0.3502328875 0.49181497968750004 0.3502328875 0.51483978125 0.3468015875 0.5442333828125 0.339448909375 0.5981217765625 0.44581770781249996 0.5912631453125 0.452190228125 0.5869938 0.44483755 0.5819551093750001 0.36934995000000004 0.525617559375 0.3977802578125 0.49083506874999994
4 0.5168938484375001 0.49328447343750004 0.43454365156249997 0.43939632968750003 0.4193482140625 0.4629112109375 0.371310515625 0.523025296875 0.452190228125 0.5839146828125 0.46150347187499996 0.5755865578125 0.5168938484375001 0.49328447343750004
4 0.8023063 0.559448909375 0.7761974203124999 0.5491200390625 0.7713020828125 0.5290062 0.780548859375 0.5072614093750001 0.793603421875 0.491496528125 0.807201884375 0.47192609062499996 0.8311349203124999 0.428980159375 0.814273065625 0.42191319375 0.791971478125 0.4545302578125 0.7832686015625 0.47627505000000003 0.762055059375 0.4963891375 0.7490004953125 0.520851934375 0.7495446421875 0.5382477671875 0.75879141875 0.5540126484375001 0.7696701390625 0.567603175 0.793603421875 0.578475446875 0.8224320437499999 0.5779317953125 0.8414697421874999 0.55781795625 0.8523484625 0.5273752484374999 0.8567001484375 0.5105230656249999 0.8670347218750001 0.49747619062500004 0.8730181046875 0.4931272328125 0.8936877484375 0.49801984062500004 0.9061981640625 0.49910714218749996 0.9138134921875001 0.4882348703125 0.914357390625 0.47192609062499996 0.89531944375 0.46322817499999996 0.88607266875 0.4577921625 0.882476190625 0.4502978671875 0.8708392859374999 0.4489546125 0.8654685015625001 0.4529846234375 0.8625592765625001 0.45746254999999997 0.848237103125 0.45096949375 0.841747271875 0.4713439984375 0.85398040625 0.47681870000000004 0.8398380453125001 0.5023688 0.8333107640625 0.5213955859375 0.8229759421875 0.5491200390625 0.8023063 0.559448909375
3 0.7458953375 0.7554982640625 0.60851488125 0.3588162203125 0.555717509375 0.3727837296875 0.6817844734375 0.7700357140625 0.7458953375 0.7554982640625
3 0.336474703125 0.375902778125 0.3360384421875 0.38549206406250003 0.3386552578125 0.397696428125 0.34563343281250003 0.40684994999999996 0.3674397328125 0.4229771828125 0.38052380937499997 0.43343824375000006 0.39578819374999996 0.431258928125 0.40538318437500004 0.4273360609375 0.4119250984375 0.42428497031249995 0.41410565468750005 0.41818253906249997 0.4210838296875 0.40772172656250005 0.4215200890625 0.39987574375 0.4206478171875 0.3885431546875 0.3979689984375 0.3615188484375 0.3888102671875 0.352365328125 0.37616245 0.3501860125 0.3643869046875 0.348878471875 0.35304761875 0.35585243125 0.329496528125 0.33449454375 0.3281879953125 0.3305716765625 0.322082340625 0.32185416718750004 0.3124873515625 0.3214181546875 0.3024563484375 0.3283921125 0.306381696875 0.336673859375 0.3199015375 0.3405967265625 0.324262896875 0.347570684375 0.3417080859375 0.364133928125 0.336474703125 0.375902778125
3 0.271491071875 0.421720734375 0.271491071875 0.411695684375 0.2601517859375 0.39818353125 0.23921750937500003 0.39513244062499997 0.223516865625 0.40079885937500004 0.21653869062500003 0.40864459374999995 0.2082522328125 0.4208489578125 0.2060716765625 0.43218179531249995 0.20432713281249998 0.439591765625 0.20694394843750002 0.45179613124999995 0.21174131875 0.4596421125 0.2213360609375 0.46443675625 0.22613368125000002 0.4600778765625 0.227005953125 0.450488590625 0.21741096249999997 0.4400275296875 0.219591765625 0.42651537656249994 0.2256974203125 0.4147467765625 0.2348561515625 0.40995213281250004 0.24401488124999998 0.40995213281250004 0.24706795625 0.4134392359375 0.24968452343749997 0.422592509375 0.247940228125 0.4356688984375 0.23660069374999998 0.4491810515625 0.23180332343750001 0.45223214218749996 0.23027678593749998 0.46801661718750004 0.246195684375 0.467487846875 0.2597155265625 0.45484747031249995 0.267565971875 0.43523288750000005 0.271491071875 0.421720734375
3 0.1622123015625 0.5392294140625 0.18009871093750002 0.5420032234375001 0.1902755453125 0.5416951890624999 0.20970411718749998 0.5272093250000001 0.2201892359375 0.5062512406249999 0.2251235125 0.49084077343750004 0.22358159687499998 0.47943700468749995 0.22080605156250002 0.4714236109375 0.21186284687499998 0.46433482187499997 0.1958266375 0.456321428125 0.181332340625 0.4557048609375 0.1748561515625 0.4664923109375 0.169613590625 0.48066989062500004 0.1720806046875 0.48128621093749996 0.18626661718749998 0.47203993125 0.193359375 0.4745057046875 0.198910465625 0.4772795140625 0.19952728125000002 0.4803616078125 0.2016860125 0.488375 0.19952728125000002 0.4979295640625 0.193051090625 0.5114905750000001 0.18780853125000002 0.5195039687499999 0.1785567953125 0.5222780265625 0.1748561515625 0.514880953125 0.17115550625 0.505018353125 0.154194196875 0.5034771828125 0.146176090625 0.5173467265625 0.149568453125 0.5284422125 0.1622123015625 0.5392294140625
3 0.146329365625 0.5166170640625001 0.158978175 0.4987599203125 0.178075396875 0.4623015875 0.17906746093749998 0.4578373015625 0.17906746093749998 0.44890872968749995 0.178075396875 0.446924603125 0.161954365625 0.43700396875 0.1577380953125 0.437251984375 0.15376984062500001 0.4389880953125 0.1488095234375 0.450644840625 0.1512896828125 0.452876984375 0.1520337296875 0.45510912656249997 0.1428571421875 0.47569444375 0.14087301562500001 0.477678571875 0.1359126984375 0.487351190625 0.127728175 0.497271825 0.118303571875 0.502728175 0.11681547656249999 0.5044642859375 0.1170634921875 0.5111607140625 0.125 0.51612103125 0.1383928578125 0.5208333328125 0.146329365625 0.5166170640625001
3 0.161954365625 0.374751984375 0.1582341265625 0.381200396875 0.1609623015625 0.38380456406249996 0.159226190625 0.39657738125 0.15972222187500001 0.4047619046875 0.15674603125 0.41046627031250005 0.15451388906250002 0.41195436562500004 0.1520337296875 0.4112103171875 0.1522817453125 0.4074900796875 0.15029761875 0.4047619046875 0.1488095234375 0.40699404687499996 0.1470734125 0.4077380953125 0.1470734125 0.4109623015625 0.1426091265625 0.4136904765625 0.1421130953125 0.4169146828125 0.1455853171875 0.422123015625 0.1644345234375 0.42881944375 0.1733630953125 0.430803571875 0.181299603125 0.4298115078125 0.184771825 0.42782738125 0.196428571875 0.4164186515625 0.2018849203125 0.408978175 0.2046130953125 0.4015376984375 0.20907738125000003 0.393353175 0.21180555625 0.38169642812500004 0.21180555625 0.3700396828125 0.21056547656250002 0.3616071421875 0.2078373015625 0.3541666671875 0.2008928578125 0.346478175 0.18675595312499998 0.3397817453125 0.177579365625 0.33680555624999997 0.1738591265625 0.33705357187499996 0.16592261875 0.3395337296875 0.16319444375 0.3417658734375 0.158978175 0.34325396874999997 0.158978175 0.346230159375 0.1614583328125 0.353174603125 0.1602182546875 0.3684275796875 0.161954365625 0.374751984375
3 0.20386904687500002 0.3487103171875 0.20486111093749998 0.3516865078125 0.206597221875 0.35243055624999997 0.21130952343749998 0.36284722187499996 0.212549603125 0.37822420625 0.21130952343749998 0.387648809375 0.21006944375 0.3928571421875 0.2070932546875 0.396329365625 0.2021329359375 0.41021825468750006 0.2046130953125 0.4126984125 0.20882936562499999 0.41344246093750003 0.2110615078125 0.412450396875 0.2150297625 0.4077380953125 0.228174603125 0.39732142812500004 0.24007936562499999 0.3945932546875 0.24255952343749998 0.3928571421875 0.24677579375 0.3841765875 0.24925595312499998 0.3814484125 0.250744046875 0.375248015625 0.25049603125000003 0.372271825 0.252480159375 0.36383928593750003 0.25099206406249996 0.3457341265625 0.2490079359375 0.3420138890625 0.23933531718749998 0.3387896828125 0.2299107140625 0.3301091265625 0.2172619046875 0.3268849203125 0.20510912656250002 0.32862103125000003 0.1949404765625 0.333829365625 0.1889880953125 0.3397817453125 0.18923611093749998 0.341269840625 0.1917162703125 0.343005953125 0.197420634375 0.34474206406249996 0.20386904687500002 0.3487103171875
3 0.1103670640625 0.4047619046875 0.11631944375 0.40674603125 0.122271825 0.4203869046875 0.1302083328125 0.4236111109375 0.13467261875 0.42237103125 0.14112103125 0.41741071406249997 0.1547619046875 0.39409722187499996 0.15724206406250002 0.3928571421875 0.16071428593749998 0.3546626984375 0.15649801562500001 0.34375 0.1383928578125 0.33482142812500004 0.130704365625 0.3333333328125 0.12251984062500001 0.3363095234375 0.11681547656249999 0.3417658734375 0.11309523749999999 0.3484623015625 0.108630953125 0.359623015625 0.1041666671875 0.3678075390625 0.1016865078125 0.37549603125000003 0.10119047656249999 0.3826884921875 0.09920634843750001 0.389880953125 0.10019841249999999 0.3988095234375 0.1103670640625 0.4047619046875
3 0.0327380953125 0.468501984375 0.0362103171875 0.47296627031250005 0.0448908734375 0.4898313484375 0.04637896875 0.4895833328125 0.0453869046875 0.48834325468750006 0.046130953125 0.4858630953125 0.0486111109375 0.48387896875 0.052827381250000006 0.484126984375 0.056547618749999994 0.4831349203125 0.05927579375000001 0.487103175 0.06944444375 0.4925595234375 0.084325396875 0.49801587343750003 0.09250992031250001 0.5 0.103174603125 0.5044642859375 0.1111111109375 0.5044642859375 0.11755952343750001 0.5019841265625 0.131696428125 0.4925595234375 0.14037698437499999 0.48040674531249994 0.147321428125 0.46800595312500004 0.1507936515625 0.455605159375 0.14930555625 0.45238095312500004 0.14930555625 0.43948412656249997 0.14781746093749998 0.43675595312500004 0.1356646828125 0.4300595234375 0.127976190625 0.424355159375 0.12053571406250001 0.42137896875 0.118799603125 0.419146825 0.11681547656249999 0.40674603125 0.09474206406249999 0.3955853171875 0.0917658734375 0.39161706406249996 0.07986111093750001 0.39384920625 0.07266865156249999 0.3970734125 0.06423611093750001 0.40178571406249997 0.0570436515625 0.4074900796875 0.046875 0.418898809375 0.0419146828125 0.4283234125 0.037450396875 0.4310515875 0.0329861109375 0.4310515875 0.034226190625 0.43179563437499996 0.0332341265625 0.4328702875 0.0329861109375 0.437251984375 0.02802579375 0.44618055625 0.0270337296875 0.4516369046875 0.0295138890625 0.453125 0.03075396875 0.4562251984375 0.0327380953125 0.468501984375
3 0.1236453375 0.5633345734375 0.1257435515625 0.567181546875 0.219113590625 0.5699794140625001 0.26702256874999997 0.580820684375 0.2680716765625 0.571028521875 0.26142733125 0.5696294640625 0.253384425 0.5682306546875 0.254783234375 0.555990328125 0.262826140625 0.5580887890625 0.27331721249999996 0.5549412203124999 0.29639756875 0.44683283749999997 0.2897532234375 0.4443849203125 0.28415798593749997 0.43808978125 0.27891245 0.43144518906249996 0.2813603671875 0.4244506453125 0.2855567953125 0.4195545640625 0.3030419140625 0.4143087796875 0.31318303593749997 0.35730406718749996 0.3103856640625 0.358703125 0.30094370000000004 0.3580037203125 0.2988454859375 0.3513588796875 0.3019928078125 0.348211309375 0.3135327375 0.3450639875 0.306888640625 0.3408673109375 0.305839534375 0.334921875 0.2918514390625 0.331774553125 0.28520709375000003 0.32268179531249996 0.27891245 0.3209330359375 0.22505853125000003 0.32443030781250004 0.2278561515625 0.3286713796875 0.23589930625000002 0.3346165671875 0.2509365078125 0.344059028125 0.2537341265625 0.3514032734375 0.2516359125 0.37588368125 0.24149454375 0.3947686015625 0.254783234375 0.3947686015625 0.26702256874999997 0.4014134421875 0.2750657234375 0.4175004953125 0.269120784375 0.44687723281249997 0.2526850203125 0.4675109125 0.2369484125 0.47240699375000006 0.22121180625 0.46856002031250005 0.2247088296875 0.482548859375 0.2261076390625 0.4961879953125 0.219113590625 0.5150729171874999 0.21002132968749998 0.530810515625 0.1893891375 0.5434005453124999 0.1677075890625 0.540602678125 0.151271825 0.5350071921875 0.14602628906249998 0.5196192953125001 0.1376334328125 0.5231165671875 0.12583060468750001 0.518309028125 0.12259622968749999 0.5203187 0.11280456406249999 0.5629848703125 0.1236453375 0.5633345734375
3 0.8705287703125 0.1440845734375 0.86557118125 0.15300868125 0.8640838296875 0.1654032734375 0.8606138390625 0.17234399843749998 0.8581349203125 0.18573015937499998 0.85565625 0.1931669140625 0.8407837296875 0.204073909375 0.83880084375 0.2293588796875 0.8893673109375 0.22737574375 0.8923417656250001 0.2189474203125 0.8854012890625 0.2134938 0.8749903281250001 0.20010788750000003 0.8700329859375 0.1892006453125 0.8744947921874999 0.184738590625 0.8804437 0.1906879953125 0.8893673109375 0.1956458328125 0.89382886875 0.1981247515625 0.90423983125 0.2010994546875 0.9136589781250001 0.18721750937499998 0.9151463296875001 0.17878918593749998 0.90969295625 0.17333556562500002 0.9146505453125 0.1614370046875 0.91861631875 0.157470734375 0.92208680625 0.1401185515625 0.9285314984375 0.1396227671875 0.9329933031250001 0.1440845734375 0.9374548609375 0.150033978125 0.9458826890625 0.1535044640625 0.9557976187499999 0.1559833828125 0.9592678578125 0.1634201390625 0.9716617062499999 0.1619327875 0.9815766375000001 0.1619327875 0.983559771875 0.1559833828125 0.9979365078125 0.159949653125 0.9974407234375 0.1261111109375 0.869537203125 0.1275984625 0.8705287703125 0.1440845734375
3 0.8218303578124999 0.4659704859375 0.81892113125 0.46888095312500006 0.8139977671875 0.4742544640625 0.8119836312500001 0.47626959375 0.8133263890625001 0.48388194375 0.823173115625 0.48701636875 0.8316768359375001 0.4879119546875 0.839285465625 0.48947916718749995 0.8453278765625001 0.486792659375 0.8468943453125 0.4827624015625 0.8395094249999999 0.48029960312500003 0.8388380453125001 0.4711200390625 0.841747271875 0.4558953375 0.85002728125 0.43865550625000005 0.8513700390625001 0.43305803593750003 0.849803571875 0.42880406718749997 0.8451039187499999 0.42656522812500003 0.8390617562499999 0.42723685468749995 0.8343623515624999 0.42992361093750003 0.8287676093749999 0.44246155781249996 0.8267534718749999 0.451193453125 0.82496329375 0.4581341765625 0.8218303578124999 0.4659704859375