5 0.4268353171875 0.4585813484375 0.4360119046875 0.46180555625 0.440476190625 0.4623015875 0.446428571875 0.46155753906249997 0.4546130953125 0.45882936562500004 0.46428571406249997 0.4640376984375 0.4794146828125 0.46800595312500004 0.4826388890625 0.4672619046875 0.49553571406249997 0.4742063484375 0.497519840625 0.4761904765625 0.5039682546875001 0.4789186515625 0.5069444437499999 0.481646825 0.5143849203124999 0.484126984375 0.51612103125 0.48214285781250005 0.5176091265625 0.474950396875 0.5228174609375 0.46180555625 0.5245535718750001 0.4541170640625 0.5265376984375 0.44990079375 0.528769840625 0.4384920640625 0.5272817453124999 0.43675595312500004 0.5146329359374999 0.431299603125 0.5104166671875 0.43154761875 0.5052083328125 0.434523809375 0.5022321421875 0.435019840625 0.49429563437499996 0.43377976250000005 0.481894840625 0.4295634921875 0.47842261875 0.42534722187499996 0.4761904765625 0.42410714218749995 0.4751984125 0.41468253906249997 0.471230159375 0.4112103171875 0.42509920625 0.39112103125000003 0.42137896875 0.3923611109375 0.41765872968749995 0.39657738125 0.40029761875 0.41840277812500004 0.391369046875 0.43179563437499996 0.39161706406249996 0.4389880953125 0.393105159375 0.44171627031250005 0.4010416671875 0.446924603125 0.4268353171875 0.4585813484375
5 0.41989087343750003 0.54365079375 0.4236111109375 0.5453869046875 0.4387400796875 0.5610119046875 0.44717261875 0.565972221875 0.45907738125 0.5699404765625 0.4670138890625 0.5709325390625 0.481894840625 0.5689484125 0.4861111109375 0.5706845234375 0.4925595234375 0.56299603125 0.4947916671875 0.5570436515625 0.5 0.5394345234375 0.503472221875 0.5205853171875 0.50967261875 0.502728175 0.5111607140625 0.4947916671875 0.5074404765625 0.48784722187499996 0.50322420625 0.484126984375 0.5009920640625001 0.48065476250000005 0.4898313484375 0.471478175 0.4861111109375 0.4697420640625 0.47991071406249997 0.4697420640625 0.4677579359375 0.4677579359375 0.4608134921875 0.46800595312500004 0.44940476250000005 0.47073412656249997 0.4460151296875 0.47271825468750006 0.44320436562500004 0.47271825468750006 0.4322916671875 0.4828869046875 0.4298115078125 0.48387896875 0.42757936562500004 0.4861111109375 0.424355159375 0.4925595234375 0.41964285781250005 0.49553571406249997 0.41765872968749995 0.502728175 0.41592261875 0.5042162703125 0.4141865078125 0.5119047625 0.4139384921875 0.52802579375 0.41493055625 0.533978175 0.418898809375 0.5421626984375 0.41989087343750003 0.54365079375
5 0.2132936515625 0.5300099203124999 0.21676587343749998 0.537450396875 0.23239087343749998 0.536954365625 0.28720238125 0.5297619046875 0.29365079375 0.528273809375 0.3008432546875 0.5238095234375 0.3082837296875 0.5210813484375 0.3144841265625 0.5208333328125 0.3229166671875 0.5235615078125 0.334325396875 0.5243055562500001 0.4074900796875 0.514880953125 0.41220238125 0.512648809375 0.41790674531249994 0.497023809375 0.4236111109375 0.4925595234375 0.42894345312500004 0.4844990078125 0.44146825468750006 0.47445436562500004 0.453125 0.46949404687499996 0.45907738125 0.46875 0.4610615078125 0.465773809375 0.4585813484375 0.4623015875 0.4543650796875 0.46031746093750003 0.444196428125 0.462549603125 0.43303571406249997 0.462549603125 0.4154265875 0.465773809375 0.3762400796875 0.47073412656249997 0.2695932546875 0.48214285781250005 0.21279761874999997 0.486855159375 0.21056547656250002 0.4893353171875 0.21006944375 0.4985119046875 0.2068452375 0.5049603171875 0.206597221875 0.5091765875 0.2078373015625 0.515625 0.21155753906250002 0.521825396875 0.2132936515625 0.5300099203124999
5 0.2215939984375 0.41576562499999997 0.225266865625 0.42800843281249995 0.244855159375 0.4182140375 0.25347222187499996 0.43055555625 0.2574404765625 0.4362599203125 0.2584325390625 0.43973214218749995 0.2641369046875 0.4481646828125 0.265376984375 0.4516369046875 0.2720734125 0.45659722187499996 0.2762896828125 0.45709325468750006 0.28224206406249996 0.45510912656249997 0.287450396875 0.4546130953125 0.2926587296875 0.4518849203125 0.315476190625 0.4456845234375 0.32217261875 0.4429563484375 0.3883928578125 0.424851190625 0.390625 0.4231150796875 0.3918650796875 0.419146825 0.393601190625 0.41741071406249997 0.3958333328125 0.41046627031250005 0.3958333328125 0.39930555624999997 0.39482911718749997 0.38271006875 0.407684028125 0.37964930625000004 0.407071925 0.368630953125 0.38993204375 0.36924305625 0.3851686515625 0.359126984375 0.3769841265625 0.346478175 0.36532738125 0.33506944375000003 0.35987103125000003 0.3345734125 0.3539186515625 0.3355654765625 0.3373015875 0.341021825 0.255704365625 0.3606150796875 0.24429563437500001 0.365079365625 0.24131944375 0.3697916671875 0.24107142812500001 0.3789682546875 0.24330357187499999 0.39756944375000003 0.2420634921875 0.4109623015625 0.2215939984375 0.41576562499999997
5 0.5039682546875001 0.5195932546875001 0.500248015625 0.5354662703125 0.48015872968749995 0.6016865078125 0.4761904765625 0.60987103125 0.4761904765625 0.61259920625 0.481894840625 0.6168154765625 0.518105159375 0.63740079375 0.5223214281249999 0.641369046875 0.52529761875 0.6423611109375 0.5322420640625001 0.6393849203124999 0.537450396875 0.631200396875 0.546130953125 0.6108630953125 0.5533234125 0.5979662703125 0.560019840625 0.5818452375 0.5858134921875 0.527777778125 0.5974702375 0.4990079359375 0.599454365625 0.49677579375 0.6103670640625001 0.4761904765625 0.6138392859375 0.466269840625 0.6168154765625 0.46279761875 0.6197916671875 0.4546130953125 0.625248015625 0.4456845234375 0.640873015625 0.41071428593750003 0.64112103125 0.4077380953125 0.6490575390625 0.3928571421875 0.6480654765625 0.390376984375 0.646329365625 0.3730158734375 0.643353175 0.36607142812500004 0.6386408734375 0.35887896874999997 0.6227678578125 0.346230159375 0.6108630953125 0.341269840625 0.6001984125 0.3387896828125 0.588045634375 0.3382936515625 0.5798611109375 0.33928571406249997 0.568204365625 0.34275793593750004 0.5605158734375 0.3477182546875 0.5543154765625 0.35491071406249997 0.5513392859375 0.3608630953125 0.54737103125 0.3789682546875 0.5426587296875 0.390625 0.5399305562500001 0.4015376984375 0.53720238125 0.4077380953125 0.51512896875 0.4779265875 0.5091765875 0.5037202375 0.5071924609375 0.5074404765625 0.5069444437499999 0.512648809375 0.5039682546875001 0.5195932546875001
5 0.34821428593750003 0.33506944375000003 0.3501984125 0.3358134921875 0.36383928593750003 0.3335813484375 0.37053571406249997 0.334325396875 0.3712797625 0.3373015875 0.381200396875 0.3484623015625 0.3829365078125 0.35267857187499996 0.390873015625 0.3648313484375 0.3921130953125 0.365575396875 0.40054563437499996 0.36532738125 0.4050099203125 0.3665674609375 0.4074900796875 0.3764880953125 0.41592261875 0.3869047625 0.4375 0.39112103125000003 0.44320436562500004 0.38963293593750004 0.4541170640625 0.381200396875 0.45709325468750006 0.3767361109375 0.46006944375 0.369295634375 0.4608134921875 0.36284722187499996 0.4595734125 0.3581349203125 0.459821428125 0.3544146828125 0.46279761875 0.349454365625 0.46527777812500004 0.33705357187499996 0.468501984375 0.32911706406249996 0.4702380953125 0.3179563484375 0.47271825468750006 0.3102678578125 0.4766865078125 0.28794642812500004 0.48487103125 0.252480159375 0.4828869046875 0.234623015625 0.47569444375 0.22048611093749998 0.471478175 0.21676587343749998 0.46676587343750003 0.20907738125000003 0.45114087343750003 0.1956845234375 0.44146825468750006 0.19072420625 0.42559523749999995 0.18501984062500001 0.40823412656249997 0.1835317453125 0.3960813484375 0.184771825 0.38616071406249997 0.18774801562500001 0.3789682546875 0.190476190625 0.368799603125 0.196428571875 0.3611111109375 0.20585317500000003 0.3571428578125 0.20833333281250002 0.3519345234375 0.2145337296875 0.3489583328125 0.22073412656250002 0.3474702375 0.22842261874999997 0.3487103171875 0.2423115078125 0.34722222187499996 0.2862103171875 0.3474702375 0.3318452375 0.34821428593750003 0.33506944375000003
5 0.4745255453125 0.3182671125 0.4867814984375 0.33492261874999996 0.511921875 0.363519840625 0.53863368125 0.39368824375 0.5417760421875 0.38331795625 0.5464900796875 0.3654052578125 0.5518323406250001 0.34780704375 0.5666021828125001 0.3418360609375 0.578858134375 0.3374365078125 0.6033702875 0.33775074374999997 0.5097219734375 0.247873759375 0.499980159375 0.24724528750000002 0.4874099703125 0.25101636875 0.48395312500000004 0.2623296125 0.4804962796875 0.27709945468749997 0.4745255453125 0.3182671125
5 0.6294533734375001 0.49676413750000004 0.6473658234374999 0.4917358625 0.661507440625 0.48419369999999995 0.679419890625 0.47068080312499994 0.686962053125 0.46219593281250004 0.69670386875 0.44868303593750003 0.70141790625 0.43705555625 0.6995322421875 0.43045610156249997 0.6505084328125 0.38300372031249996 0.64548040625 0.40280158750000006 0.614369046875 0.473194940625 0.6294533734375001 0.49676413750000004
1 0.49404761875 0.431299603125 0.502480159375 0.4322916671875 0.506200396875 0.430803571875 0.5133928578125 0.422123015625 0.51612103125 0.4164186515625 0.5193452375 0.3841765875 0.515625 0.372023809375 0.5111607140625 0.3678075390625 0.50595238125 0.3648313484375 0.497271825 0.3640873015625 0.4890873015625 0.3665674609375 0.484126984375 0.372271825 0.48090277812500004 0.38715277812500004 0.47842261875 0.393105159375 0.47867063437499996 0.396329365625 0.47569444375 0.4072420640625 0.4766865078125 0.418898809375 0.48387896875 0.4268353171875 0.4893353171875 0.4300595234375 0.49404761875 0.431299603125
1 0.31445907812499996 0.524015625 0.3080600203125 0.5231014390625 0.2993759921875 0.532242559375 0.2897775296875 0.543669146875 0.288863590625 0.553724703125 0.2897775296875 0.5614945437500001 0.362907490625 0.6062867062499999 0.3683923609375 0.6062867062499999 0.372505953125 0.613142609375 0.3903313484375 0.6227410718749999 0.3953591265625 0.621826884375 0.39627306562500003 0.6286827875000001 0.418212053125 0.63965228125 0.4268963296875 0.6410235609375 0.4264392359375 0.6455942453125 0.440608134375 0.6506217765625 0.440608134375 0.6588489578125001 0.49911235156249995 0.691757440625 0.510995784375 0.6753033234375 0.519222965625 0.6611341765625001 0.5256217765625 0.644680059375 0.519680059375 0.64056646875 0.4652896828125 0.609029265625 0.452948909375 0.6035443953125 0.44517881875 0.6062867062499999 0.44380778750000005 0.600344990625 0.43740872968750005 0.5953172125 0.42141170624999996 0.586633184375 0.41455555625 0.587090278125 0.41318452343749995 0.577948909375 0.4040431546875 0.5742924109375 0.3953591265625 0.5692646328125 0.3885032234375 0.5724642859375 0.3875890375 0.564694196875 0.326342509375 0.5308715281249999 0.3194866078125 0.529957340625 0.31445907812499996 0.524015625
2 0.7458459828125 0.38806175625 0.743326140625 0.3764709828125 0.7377827375 0.3704236109375 0.7236721234375 0.369415675 0.7115773812499999 0.3699196421875 0.7040181046875 0.3734474203125 0.6969627968750001 0.382518353125 0.697970734375 0.396125 0.69444295625 0.4253541671875 0.7025062 0.436944940625 0.7060337296875 0.4429923109375 0.6989784218749999 0.4555912703125 0.6939389874999999 0.46163864062500004 0.689403521875 0.46818997968750004 0.631953125 0.874751984375 0.6989784218749999 0.873365575 0.7408063 0.3951170640625 0.7458459828125 0.38806175625