0 0.197089946875 0.43465079375000004 0.20105820156249998 0.43432010625000006 0.21164021093750002 0.4240687828125 0.2172619046875 0.4230767203125 0.2166005296875 0.416132275 0.21825396874999997 0.413486771875 0.21593915312499998 0.41051058124999995 0.21693121718750003 0.406873015625 0.2228835984375 0.4022433859375 0.2288872359375 0.41203538437500004 0.240799603125 0.3876299609375 0.2663260578125 0.3626570765625 0.2714312171875 0.3342787703125 0.29015079374999997 0.30760780468750004 0.29128538437499996 0.2951213625 0.2708640875 0.3036349203125 0.28816534374999997 0.2721279765625 0.332694775 0.286608134375 0.335531084375 0.322932209375 0.3236187171875 0.35301322812499997 0.3185135578125 0.3916078046875 0.29128538437499996 0.43133730156250005 0.3465925921875 0.3952900125 0.3834639546875 0.41288459062499994 0.38326719531250003 0.43729629687499993 0.38062169375 0.4488703703125 0.3826058203125 0.45118518593749996 0.3829365078125 0.45978306875 0.384589946875 0.463420634375 0.3869047625 0.463089946875 0.39021164062499997 0.46507407343749996 0.39252645468749997 0.4700343921875 0.397156084375 0.4700343921875 0.3991402109375 0.466396825 0.40410052968750004 0.46540476249999996 0.4074074078125 0.45812962968750004 0.40674603125 0.4554841265625 0.409391534375 0.4538306875 0.41964285781250005 0.4525079359375 0.41997354531250003 0.44920105781249997 0.4236111109375 0.44721693125 0.4292328046875 0.44820899531249997 0.43055555625 0.45184656093750003 0.4295634921875 0.4700343921875 0.42559523749999995 0.478632275 0.4229497359375 0.48689947031249997 0.4229497359375 0.4915291 0.41898148125 0.5021111109375 0.41997354531250003 0.512693121875 0.41798941875000006 0.5199682546875 0.41832010625000005 0.5236058203125 0.415343915625 0.531873015625 0.41600529062499997 0.5358412703125001 0.4143518515625 0.541132275 0.4080687828125 0.544108465625 0.403769840625 0.556013228125 0.403439153125 0.5652724874999999 0.4050925921875 0.5712248671875 0.4080687828125 0.5781693125 0.41964285781250005 0.5917275125 0.42757936562500004 0.591396825 0.428571428125 0.594042328125 0.4328703703125 0.5966878312499999 0.4328703703125 0.6026402109375 0.43022486718749997 0.6029709000000001 0.4298941796875 0.6042936515624999 0.43683862500000004 0.60925396875 0.43683862500000004 0.612891534375 0.44411375625 0.6145449734375 0.446759259375 0.6178518515625 0.45601851875 0.6201666671875 0.4672619046875 0.625457671875 0.47453703750000004 0.6327328046875 0.49007936562500004 0.6330634921875 0.5085978843750001 0.6138835984375001 0.515873015625 0.6109074078125001 0.5257936515625 0.6013174609374999 0.5304232796874999 0.5900740734375 0.540674603125 0.58478306875 0.5449735453125 0.58445238125 0.547288359375 0.5794920640625 0.552910053125 0.5765158734375 0.5555555562500001 0.568910053125 0.566137565625 0.553367725 0.5664682546875001 0.5493994703125 0.5710978843750001 0.544439153125 0.5767195765625 0.5431164015625 0.5770502640624999 0.53484920625 0.5800264546875 0.5252592593750001 0.583994709375 0.524597884375 0.587632275 0.518645503125 0.5916005296875 0.5173227515625001 0.5952380953125 0.512693121875 0.5982142859375 0.5113703703125 0.609126984375 0.49615872968749997 0.6160714281249999 0.4925211640625 0.6183862437500001 0.48293121718750004 0.6207010578125 0.481939153125 0.61904761875 0.4783015875 0.6200396828125 0.47532539687500003 0.621362434375 0.47267989374999997 0.6240079359374999 0.47168783124999997 0.63062169375 0.4640820109375 0.6335978843750001 0.45812962968750004 0.6355820109375 0.44820899531249997 0.63723545 0.44655555625 0.6375661375 0.4432486765625 0.634259259375 0.44225661406250005 0.6335978843750001 0.43729629687499993 0.6263227515625001 0.43432010625000006 0.6263227515625001 0.431343915625 0.6226851859375 0.42473015937499997 0.6130952375 0.42208465625 0.60648148125 0.416132275 0.6011904765625 0.40488888906250003 0.6005290999999999 0.39562962968750004 0.5955687828125 0.393645503125 0.59424603125 0.3900079359375 0.5869709000000001 0.38537830624999997 0.5869709000000001 0.3837248671875 0.578042328125 0.381410053125 0.5543931875 0.377174603125 0.5372900125 0.35254927187499996 0.5460502640625 0.3366888234375 0.5936054890625 0.3341845234375 0.6294804890625 0.3128981484375 0.5973597890625 0.3053852515625 0.5677420640624999 0.31581977499999997 0.5739993390625 0.3032986109375 0.5614847890625 0.2807599203125 0.58068783125 0.26963756562499996 0.5988756609375 0.268645503125 0.622354496875 0.26963756562499996 0.63062169375 0.268645503125 0.6388888890625 0.268976190625 0.646494709375 0.27162169375 0.6484788359375 0.26963756562499996 0.653108465625 0.2683148140625 0.6494709000000001 0.2676534390625 0.646164021875 0.26434656093750003 0.6445105812499999 0.26434656093750003 0.6339285718750001 0.256079365625 0.63095238125 0.2521111109375 0.6028439156250001 0.24219047656249998 0.5995370375 0.23987566093749998 0.59424603125 0.2392142859375 0.5919312171875 0.23557672031250002 0.552910053125 0.231277778125 0.5492724875 0.23326190468750002 0.48511904687499996 0.2339232796875 0.48214285781250005 0.2326005296875 0.4540343921875 0.23458465624999997 0.45105820156250004 0.2296243390625 0.4457671953125 0.23226984062499997 0.43981481406249995 0.22896296249999998 0.4113756609375 0.2283015875 0.397156084375 0.22234920625000001 0.390542328125 0.22168783125 0.384589946875 0.21904232812500002 0.3769841265625 0.218380953125 0.3763227515625 0.21970370312499998 0.3710317453125 0.22168783125 0.353174603125 0.22301058125 0.3455687828125 0.22532539687500003 0.32459358437499997 0.23524603125 0.3138227515625 0.23524603125 0.2989417984375 0.2415291 0.296296296875 0.24450529062499998 0.2883597890625 0.24682010625 0.2804232796875 0.2534338625 0.2794312171875 0.25740211562500004 0.27447089999999996 0.25905555625 0.271825396875 0.265338625 0.2705026453125 0.2772433859375 0.26917989375 0.2798888890625 0.26521164062499997 0.28286507968749997 0.2642195765625 0.2865026453125 0.2490079359375 0.2888174609375 0.2387566140625 0.288486771875 0.2367724875 0.293447090625 0.234457671875 0.2954312171875 0.2331349203125 0.307005290625 0.23048941875 0.3139497359375 0.222552909375 0.318579365625 0.222552909375 0.324862434375 0.21924603125000003 0.3304841265625 0.2179232796875 0.3460264546875 0.215277778125 0.3483412703125 0.2146164015625 0.3516481484375 0.208664021875 0.35429365156250003 0.209656084375 0.356277778125 0.20701058125 0.362560846875 0.20238095312499998 0.3661984125 0.2040343921875 0.368513228125 0.2040343921875 0.37182010625 0.2076719578125 0.3731428578125 0.197089946875 0.43465079375000004
3 0.20601851875000002 0.87725694375 0.20899470937500003 0.8752728171875 0.2490079359375 0.8127728171875 0.30687830625 0.717865409375 0.309854496875 0.7112516531249999 0.328373015625 0.6828125 0.40410052968750004 0.554505621875 0.415674603125 0.5224289015625 0.4169973546875 0.51350033125 0.41633597812499995 0.5072172625 0.422288359375 0.4870453046875 0.4249338625 0.4721643515625 0.424603175 0.467534721875 0.4269179890625 0.4572834 0.42526454999999996 0.45397652187500004 0.422288359375 0.45397652187500004 0.41964285781250005 0.45827546249999995 0.41633597812499995 0.4595982140625 0.41203703750000004 0.46422784375 0.4080687828125 0.4652199078125 0.40410052968750004 0.47414847812499994 0.400132275 0.4754712296875 0.396825396875 0.47877810781249996 0.3802910046875 0.4754712296875 0.3763227515625 0.472825728125 0.3730158734375 0.473487103125 0.36375661406250004 0.4834077375 0.35251322812499997 0.49828869062500003 0.34424603125000003 0.5058945109375 0.33167989375 0.5237516531249999 0.24173280468749997 0.6308945109375 0.24041005312500002 0.6338707015625 0.06349206406249999 0.8471643515625 0.0605158734375 0.8524553578124999 0.046626984375 0.8689897484375001 0.043320106250000004 0.8752728171875 0.0456349203125 0.879571759375 0.20502645468749997 0.879571759375 0.20601851875000002 0.87725694375
3 0 0.41793154687499995 0.0019841265625 0.41793154687499995 0.009589946875 0.42289186562500003 0.0515873015625 0.423222553125 0.1269841265625 0.42785218281250004 0.14087301562500001 0.42752149531250005 0.1504629625 0.429505621875 0.15641534375 0.4156167328125 0.1577380953125 0.407680225 0.16865079375 0.392468584375 0.171957671875 0.385193453125 0.1764219578125 0.3812251984375 0.18584656093750002 0.3828786375 0.1898148140625 0.38089451093750004 0.2043650796875 0.3584077375 0.2073412703125 0.3560929234375 0.2123015875 0.3465029765625 0.2132936515625 0.34088128281249996 0.2119709 0.335920965625 0.2175925921875 0.3319527109375 0.2208994703125 0.3217013890625 0.22585978906249998 0.317071759375 0.227513228125 0.311450065625 0.227513228125 0.30516699687500004 0.24371693125 0.28631779062499996 0.24801587343749998 0.285987103125 0.250661375 0.2843336640625 0.2519841265625 0.2813574734375 0.25694444375000003 0.2810267859375 0.259589946875 0.27937334687500004 0.2635582015625 0.28168816093750004 0.264880953125 0.2780505953125 0.26951058125 0.272759590625 0.26951058125 0.2694527109375 0.272156084375 0.26383101875000003 0.2771164015625 0.2578786375 0.28174603125000003 0.254571759375 0.2833994703125 0.25225694375 0.2830687828125 0.2492807546875 0.259259259375 0.23969080625 0.24801587343749998 0.23770667968749998 0.24173280468749997 0.2343998015625 0.23511904687500002 0.23340773750000002 0.21891534375 0.22712466875 0.2139550265625 0.22679398125 0.1832010578125 0.2158812828125 0.172288359375 0.21389715625 0.16236772500000002 0.2092675265625 0.10218253906250001 0.19008763281250002 0.090939153125 0.185458003125 0.078042328125 0.1824818125 0.0641534390625 0.17652943125 0.0446428578125 0.17586805625 0.041335978125 0.17719080625 0.035052909375 0.19008763281250002 0.03108465625 0.19438657343750002 0.0304232796875 0.197693453125 0 0.258209325 0 0.41793154687499995
3 0.14914021093750002 0.4781167328125 0.1484788359375 0.48208498750000006 0.14947090000000002 0.4834077375 0.1514550265625 0.48175429843749995 0.15641534375 0.4810929234375 0.15641534375 0.48671461562499996 0.159060846875 0.49002149531250005 0.1550925921875 0.4953125 0.1550925921875 0.498950065625 0.153439153125 0.4999421296875 0.15013227499999998 0.49828869062500003 0.146494709375 0.49961144218750003 0.1451719578125 0.50093419375 0.146494709375 0.5025876328125001 0.18187830625 0.516476521875 0.18584656093750002 0.516807209375 0.196759259375 0.5220982140625 0.2020502640625 0.5220982140625 0.2046957671875 0.5187913359375 0.208664021875 0.5201140875 0.2123015875 0.51482308125 0.21825396874999997 0.5098627640625 0.22056878281249997 0.504241071875 0.2202380953125 0.50126488125 0.21825396874999997 0.498619378125 0.2199074078125 0.4949818125 0.22486772500000002 0.494651125 0.23082010625 0.492005621875 0.2331349203125 0.492336309375 0.2357804234375 0.4949818125 0.24041005312500002 0.49299768593750004 0.24801587343749998 0.4834077375 0.2513227515625 0.4827463625 0.25562169375 0.47877810781249996 0.2552910046875 0.47613260625000003 0.26223545000000004 0.4655505953125 0.2757936515625 0.4470320765625 0.28108465625 0.441741071875 0.284060846875 0.4328125 0.2946428578125 0.42123842656250005 0.2986111109375 0.410987103125 0.3048941796875 0.40338128281249996 0.30555555624999997 0.4004050921875 0.30820105781249996 0.39809027812500003 0.31812169375 0.37990244687499997 0.321759259375 0.3560929234375 0.31878306875 0.345180225 0.32473545000000004 0.3349289015625 0.328703703125 0.3322834 0.3323412703125 0.3203786375 0.3323412703125 0.3117807546875 0.32771164062499997 0.2879712296875 0.3138227515625 0.28367228906249997 0.3101851859375 0.280365409375 0.302579365625 0.27705853125 0.2986111109375 0.2780505953125 0.2982804234375 0.2806960984375 0.29398148125 0.285656415625 0.2870370375 0.2879712296875 0.2863756609375 0.2906167328125 0.2830687828125 0.2935929234375 0.2830687828125 0.2972304890625 0.2863756609375 0.298222553125 0.2827380953125 0.308473875 0.2867063484375 0.3088045640625 0.287367725 0.3127728171875 0.2830687828125 0.3203786375 0.2794312171875 0.3326140875 0.2738095234375 0.335259590625 0.272156084375 0.342534721875 0.26951058125 0.3471643515625 0.26752645468749997 0.3593998015625 0.2638888890625 0.3679976859375 0.25892857187499996 0.3716352515625 0.25628306875 0.37560350468750003 0.25628306875 0.3779183203125 0.2513227515625 0.3812251984375 0.24834656093750002 0.3871775796875 0.24107142812500001 0.3947834 0.240740740625 0.3974289015625 0.23644179843750002 0.40073577968749996 0.2331349203125 0.4066881609375 0.2328042328125 0.40999503906249996 0.2251984125 0.4182622359375 0.22486772500000002 0.42123842656250005 0.21924603125000003 0.42553736718749996 0.21626984062500001 0.429836309375 0.20138888906250002 0.42752149531250005 0.2007275125 0.4182622359375 0.20238095312499998 0.4152860453125 0.20138888906250002 0.4086722890625 0.203042328125 0.40371197031249995 0.203373015625 0.3944527109375 0.1769179890625 0.38254795 0.17361111093749998 0.385193453125 0.1709656078125 0.392137896875 0.1613756609375 0.405365409375 0.1580687828125 0.41363260625000003 0.1577380953125 0.423222553125 0.15376984062500001 0.42785218281250004 0.152447090625 0.4341352515625 0.1458333328125 0.45033895468749996 0.14914021093750002 0.46025959062500005 0.146494709375 0.4685267859375 0.1425264546875 0.4751405421875 0.14914021093750002 0.4781167328125
3 0 0.87692625625 0.0171957671875 0.8775876328125 0.021164021875 0.8722966265625001 0.03174603125 0.8501405421875001 0.11309523749999999 0.6960400124999999 0.141203703125 0.645444775 0.14318783125 0.6351934531250001 0.1428571421875 0.61436011875 0.1451719578125 0.592534721875 0.1488095234375 0.5753389546875 0.16468253906250002 0.5214368390625 0.16501322812500002 0.5131696421874999 0.1617063484375 0.5118468921875 0.1577380953125 0.51383101875 0.1547619046875 0.5191220234375 0.1547619046875 0.5217675265625 0.1514550265625 0.5240823406249999 0.128306878125 0.561119378125 0.0641534390625 0.692402446875 0.06283068750000001 0.6996775796875 0.054232804687500004 0.7221643515625 0.0505952375 0.7271246687499999 0.046626984375 0.7396908062499999 0.0330687828125 0.7654844578125 0.0300925921875 0.7820188484374999 0.025462962500000002 0.7892939812499999 0.0248015875 0.7945849875000001 0.0171957671875 0.8061590609374999 0.015211640625 0.8385664687500001 0.009589946875 0.8527860453124999 0.0076058203125 0.855431546875 0.003637565625 0.857415675 0.0019841265625 0.86402943125 0 0.86436011875 0 0.87692625625
3 0 0.717204034375 0.0016534390625 0.717204034375 0.006944443749999999 0.7122437171875 0.0304232796875 0.669915675 0.0390211640625 0.65172784375 0.0449735453125 0.6328786375 0.0446428578125 0.6285796953125 0.0489417984375 0.6127066796875 0.0522486765625 0.592865409375 0.0621693125 0.56343419375 0.0823412703125 0.51416170625 0.0896164015625 0.504571759375 0.096560846875 0.49002149531250005 0.10185185156250001 0.486383928125 0.1084656078125 0.47447916718750005 0.112103175 0.461251653125 0.11144179843749999 0.45827546249999995 0.10681216874999999 0.46356646875 0.103835978125 0.46422784375 0.096560846875 0.4705109125 0.09391534375 0.47447916718750005 0.071759259375 0.4949818125 0.0608465609375 0.5105241406250001 0.055555556250000006 0.5125082671875 0.052910053125 0.5187913359375 0.0393518515625 0.5290426593750001 0.021164021875 0.5502066796875 0.0102513234375 0.5564897484375 0 0.5574818125000001 0 0.717204034375
3 0 0.8031828703125001 0.0042989421875 0.80152943125 0.0231481484375 0.7833416 0.052579365625 0.720180225 0.0605158734375 0.6973627640625 0.0644841265625 0.679505621875 0.06944444375 0.62593419375 0.0767195765625 0.60807705 0.078042328125 0.6024553578125 0.077711640625 0.5961722890625001 0.072089946875 0.5945188484374999 0.0697751328125 0.5968336640625 0.066137565625 0.605431546875 0.0625 0.6070849875000001 0.056547618749999994 0.617336309375 0.053902115625000004 0.6196511250000001 0.0509259265625 0.6275876328125001 0.047619046875 0.6318865734375 0.0446428578125 0.642137896875 0.0327380953125 0.6642939812499999 0.0320767203125 0.667931546875 0 0.7195188484374999 0 0.8031828703125001
3 0.124338625 0.56376488125 0.127645503125 0.5601273140624999 0.128637565625 0.548553240625 0.12566137500000002 0.5472304890624999 0.0978835984375 0.554505621875 0.090939153125 0.561119378125 0.0859788359375 0.5683945109375 0.0856481484375 0.57600033125 0.08763227500000001 0.57633101875 0.0955687828125 0.5713707015625 0.124338625 0.56376488125
3 0 0.5082093249999999 0.013888889062500001 0.5158151453125 0.021164021875 0.522759590625 0.025462962500000002 0.5237516531249999 0.029431217187499997 0.5217675265625 0.0327380953125 0.517799271875 0.0367063484375 0.5161458328124999 0.041335978125 0.516807209375 0.0390211640625 0.5131696421874999 0.041335978125 0.5088707015625 0.043981481249999996 0.5078786375 0.0486111109375 0.5088707015625 0.049603175 0.504241071875 0.047619046875 0.5035796953125 0.046296296875 0.504571759375 0.04298941875 0.5006035046874999 0.044312168750000006 0.49828869062500003 0.046626984375 0.49729662656249995 0.0479497359375 0.4933283734375 0.055555556250000006 0.48241567500000004 0.089947090625 0.44240244687499997 0.09325396875 0.436119378125 0.09986772499999999 0.430166996875 0.0958994703125 0.42752149531250005 0.052579365625 0.4252066796875 0.037037037499999995 0.42686011874999996 0.0327380953125 0.4288442453125 0.021494709375 0.4248759921875 0.01818783125 0.42586805625 0.008928571875000001 0.42421461562499996 0.003637565625 0.4377728171875 0.0023148140625 0.43942625625 0 0.43942625625 0 0.5082093249999999
3 0.0677910046875 0.498619378125 0.0982142859375 0.4688574734375 0.11342592656249999 0.4559606484375 0.11904761875 0.448024140625 0.12599206406250002 0.430166996875 0.1230158734375 0.4285135578125 0.11507936562500001 0.42785218281250004 0.10648148125000001 0.42752149531250005 0.10218253906250001 0.4288442453125 0.09325396875 0.43711144218750003 0.0886243390625 0.44471726250000004 0.0515873015625 0.48803736718749996 0.0509259265625 0.4906828703125 0.052579365625 0.4949818125 0.0641534390625 0.4999421296875 0.0677910046875 0.498619378125
4 0.1620370375 0.5882357796875 0.1666666671875 0.5809606484375001 0.1696428578125 0.5822834 0.17261904687500002 0.578976521875 0.177579365625 0.57732308125 0.18187830625 0.5717013890625 0.196097884375 0.56475694375 0.23941798906249998 0.554174934375 0.26851851875 0.5498759921875 0.27149470937500003 0.55086805625 0.2731481484375 0.554174934375 0.2708333328125 0.5594659390625 0.26752645468749997 0.5627728171874999 0.26818783125 0.566741071875 0.264880953125 0.57633101875 0.25628306875 0.5869130296875 0.259589946875 0.5912119703125 0.2791005296875 0.5697172625 0.311838625 0.529704034375 0.3736772484375 0.4493468921875 0.3763227515625 0.442071759375 0.38062169375 0.43843419375000003 0.38128306875 0.430166996875 0.3829365078125 0.42719080624999994 0.38095238125 0.416939484375 0.3769841265625 0.41363260625000003 0.375 0.4093336640625 0.3700396828125 0.4060267859375 0.35747354531250003 0.4027199078125 0.3455687828125 0.40172784375 0.3296957671875 0.40404265937500006 0.30555555624999997 0.417270171875 0.302579365625 0.4209077375 0.296957671875 0.4245453046875 0.2946428578125 0.4285135578125 0.2890211640625 0.4314897484375 0.283730159375 0.4404183203125 0.275132275 0.4496775796875 0.266203703125 0.4625744046875 0.25595238125 0.48043154687499995 0.24801587343749998 0.48539186562500003 0.24007936562499999 0.4939897484375 0.2374338625 0.4949818125 0.23148148124999998 0.504241071875 0.2265211640625 0.5072172625 0.22486772500000002 0.510854828125 0.2166005296875 0.5181299609375001 0.2123015875 0.520444775 0.209325396875 0.52639715625 0.2007275125 0.5310267859375 0.196097884375 0.5366484781249999 0.19378306875 0.5346643515625 0.191137565625 0.535325728125 0.191137565625 0.5379712296875 0.1875 0.5416087968750001 0.18154761875 0.5396246687499999 0.174603175 0.542931546875 0.1759259265625 0.5459077375 0.172288359375 0.548883928125 0.171296296875 0.55186011875 0.16699735468750002 0.554836309375 0.1673280421875 0.5581431875 0.1580687828125 0.560458003125 0.15013227499999998 0.580299271875 0.15013227499999998 0.582944775 0.153108465625 0.5842675265625 0.1504629625 0.5875744046875 0.1620370375 0.5882357796875
4 0.8022486765625001 0.2400214953125 0.8128306875 0.24961144218750003 0.8250661375 0.2578786375 0.827380953125 0.261185515625 0.8333333328125001 0.26350033125 0.8501984125 0.27838128281249996 0.872354496875 0.29392361093749997 0.8736772484375 0.2962384265625 0.9576719578124999 0.36138392812500003 0.9791666671874999 0.37560350468750003 0.997023809375 0.3908151453125 0.9996693125 0.391476521875 0.9996693125 0.342204034375 0.996362434375 0.3412119703125 0.9957010578125001 0.33889715625 0.9914021156249999 0.335259590625 0.9804894187500001 0.3309606484375 0.9391534390625 0.30152943125 0.9103835984374999 0.2849950390625 0.833664021875 0.2337384265625 0.8214285718750001 0.22712466875 0.8144841265625 0.22381779062499998 0.811838625 0.2248098546875 0.80654761875 0.2224950390625 0.8052248671875001 0.2244791671875 0.796957671875 0.22646329375000002 0.791335978125 0.229439484375 0.791005290625 0.2314236109375 0.7953042328125 0.2347304890625 0.796626984375 0.23770667968749998 0.8022486765625001 0.2400214953125
4 0.6626984125 0.348156415625 0.6666666671875 0.34617228906249997 0.747354496875 0.32699239375 0.753637565625 0.3193865734375 0.7572751328125 0.310458003125 0.7612433859375 0.308473875 0.7757936515625 0.3127728171875 0.7989417984375 0.3127728171875 0.8293650796875 0.304174934375 0.8416005296875 0.30285218281250004 0.8455687828125 0.29888392812500003 0.8614417984375 0.29756117656250003 0.8660714281249999 0.2959077375 0.8673941796875001 0.2935929234375 0.865079365625 0.28929398125 0.85648148125 0.285656415625 0.8492063484375001 0.27838128281249996 0.840608465625 0.2777199078125 0.8349867718749999 0.2787119703125 0.6865079359374999 0.31740244687499997 0.659391534375 0.3276537703125 0.65608465625 0.3332754625 0.6478174609375 0.335259590625 0.6455026453125 0.33922784375 0.646164021875 0.34617228906249997 0.650132275 0.3501405421875 0.6550925921874999 0.348487103125 0.6626984125 0.348156415625
4 0.9274550265625001 0.3610211640625 0.906729828125 0.3502380953125 0.8876626984374999 0.339869709375 0.7575079359375 0.3091795640625 0.7459017859375 0.3386256609375 0.7885959 0.3643389546875 0.8648647484374999 0.3766838625 0.8988541671875 0.36682738125 0.903413690625 0.363509590625 0.9133617718749999 0.3622652109375 0.9274550265625001 0.3610211640625
4 0.68887830625 0.4670502640625 0.683291996875 0.463696759375 0.6853032406249999 0.45676620312500005 0.6917830687500001 0.45676620312500005 0.6953581343749999 0.46414384843749995 0.6926769187499999 0.4674973546875 0.692229828125 0.47308664062499994 0.6944642859375 0.47845205 0.730215278125 0.4659325390625 0.7255231484375 0.4594490734375 0.7215009921875 0.45609556875 0.719266534375 0.451847553125 0.722171296875 0.4451405421875 0.7320029765625 0.4493885578125 0.73177943125 0.454306878125 0.7290982140625 0.45698974843749995 0.7304388234375 0.46459093906250004 0.7358015875 0.4659325390625 0.9332681875000001 0.40750297656249995 0.9235343921875 0.39565806875 0.9185357140624999 0.3906567453125 0.9230079359375001 0.3819702375 0.9319527109375001 0.38618187812500004 0.9369510578125 0.39407870312500004 0.9306372359375 0.399869378125 0.9372142859375 0.4061868390625 0.994549271875 0.3898670640625 0.982710978125 0.3803908734375 0.97455555625 0.38381283125 0.960612434375 0.3827599203125 0.9677156078125 0.3706517859375 0.9564031078124999 0.3595965609375 0.9485109125 0.362755290625 0.9406183859375 0.35907010625 0.9106276453125 0.367229828125 0.9132582671874999 0.3722311515625 0.9011567453125 0.37644279062499997 0.8969477515625 0.369598875 0.7220009921874999 0.42487566093750007 0.7243687171875 0.42856084687499996 0.7193700390625 0.4359308859375 0.7148978171875 0.4332986109375 0.7106884921875001 0.43013988124999997 0.6875376984375 0.4359308859375 0.6899054234374999 0.440932209375 0.6835916 0.44619642812500004 0.6783300265625 0.4414586640625 0.6762255296874999 0.44014252656249997 0.6689917328125 0.4421838625 0.67368419375 0.47599305625 0.6779295640624999 0.48337070156250006 0.68977215625 0.4782285046875 0.68887830625 0.4670502640625
1 0.7228835984375 0.429836309375 0.7199074078125001 0.423883928125 0.7166005296875 0.4222304890625 0.712632275 0.42586805625 0.7123015875 0.42752149531250005 0.7166005296875 0.4338045640625 0.721891534375 0.43314318749999997 0.7228835984375 0.429836309375
1 0.6878306875 0.44240244687499997 0.6888227515625001 0.43909556875 0.6858465609375 0.43479662656249995 0.68154761875 0.4338045640625 0.6795634921875 0.436450065625 0.6789021156249999 0.43909556875 0.68154761875 0.44306382343750006 0.6861772484374999 0.4437251984375 0.6878306875 0.44240244687499997
1 0.6941137562499999 0.46621197031249995 0.69378306875 0.4629050921875 0.690145503125 0.45695271093749995 0.6871693125 0.45695271093749995 0.6855158734375 0.45860615156250006 0.6858465609375 0.46588128281249996 0.6891534390625 0.4685267859375 0.6927910046875 0.467865409375 0.6941137562499999 0.46621197031249995
1 0.7298280421875 0.4562913359375 0.73115079375 0.45397652187500004 0.7294973546875 0.4500082671875 0.7258597890625 0.4463707015625 0.722222221875 0.4470320765625 0.721230159375 0.45133101875000003 0.7235449734375 0.45695271093749995 0.7251984125 0.4576140875 0.7298280421875 0.4562913359375
1 0.9755290999999999 0.3835400125 0.978174603125 0.37990244687499997 0.9771825390625001 0.37725694375 0.9705687828125 0.3713045640625 0.9666005296875 0.372958003125 0.966269840625 0.3782490078125 0.9675925921875 0.3822172625 0.9705687828125 0.3842013890625 0.9755290999999999 0.3835400125
1 0.9332010578125001 0.39544477499999997 0.9325396828124999 0.39114583281250004 0.927579365625 0.38486276406250003 0.922619046875 0.385193453125 0.9209656078125 0.3875082671875 0.9209656078125 0.391807209375 0.9236111109375 0.3970982140625 0.927579365625 0.398420965625 0.9332010578125001 0.39544477499999997
1 0.9107142859374999 0.373950065625 0.9110449734375001 0.370973875 0.9080687828125 0.36535218281250004 0.9044312171875 0.36402943125 0.900132275 0.3650214953125 0.8988095234375001 0.3679976859375 0.9014550265624999 0.373950065625 0.9041005296875 0.37593419375 0.9107142859374999 0.373950065625
1 0.9520502640625 0.361053240625 0.9517195765625001 0.35642361093749997 0.947089946875 0.35179398125 0.94345238125 0.35179398125 0.9417989421874999 0.3531167328125 0.940476190625 0.3560929234375 0.94312169375 0.3623759921875 0.947420634375 0.3630373671875 0.9520502640625 0.361053240625
4 0.432707671875 0.18998181249999999 0.441090278125 0.20172387500000002 0.447796296875 0.207762565625 0.4665734125 0.18293650781249998 0.4813267203125 0.19467857187499998 0.554674271875 0.18131084687500001 0.560257275 0.1991865078125 0.6456775796875001 0.1790763890625 0.62334556875 0.19974503906250002 0.6378614421875 0.200862434375 0.6668931875 0.20477248750000002 0.6909001328125 0.211475859375 0.65070238125 0.14276686562500002 0.6361865078125 0.12042261875 0.550207671875 0.1203125 0.386625 0.15784920625 0.3737840609375 0.16455257968749998 0.3637344578125 0.1740489421875 0.3503353171875 0.18522122968750002 0.36596759218749997 0.20601190468750002 0.3703416 0.206420634375 0.40018353125 0.1963561515625 0.432707671875 0.18998181249999999
4 0.9890734125 0.1678339953125 0.9928088624999999 0.160710978125 0.8128138234375 0.2223743390625 0.8233283734375 0.22652744687499998 0.9890734125 0.1678339953125
4 0.7892939812499999 0.23091137499999997 0.7674345234375 0.2383260578125 0.768818121875 0.24281613750000003 0.79676488125 0.2364484125 0.7892939812499999 0.23091137499999997
4 0.79787169375 0.23977083281249997 0.7375505953125 0.25907870312500003 0.7422546296875 0.262472884375 0.8003621031250001 0.2417086640625 0.79787169375 0.23977083281249997
4 0.8305228171874999 0.2311881609375 0.8842030421875 0.21014715625 0.875071759375 0.20848611093749997 0.8291392203125 0.2262046953125 0.8305228171874999 0.2311881609375
3 0.97046329375 0.187693121875 0.9768191140625 0.17830588593750002 0.9901359125000001 0.169523809375 0.955935846875 0.18284821406250001 0.8848118390625 0.25734226250000003 0.9023657406250001 0.25885615156249997 0.9126560843749999 0.2655181875 0.919314484375 0.260975859375 0.9556332671875 0.26218716875000003 0.958659721875 0.2661240078125 0.9987615734374999 0.26029034375000004 0.9992156078125 0.1882989421875 0.9728845906249999 0.1919328703125 0.97046329375 0.187693121875
3 0.9669828046875001 0.167223875 0.9996693125 0.1574110453125 0.9996693125 0.12864318749999998 0.9669828046875001 0.167223875
3 0.8545462968749999 0.1846650125 0.8578756609375 0.20404563437499998 0.9008525125 0.19041865156249999 0.9280915999999999 0.1767916671875 0.8545462968749999 0.1846650125
3 0.8079375000000001 0.2461127640625 0.72531283125 0.2927473546875 0.7362083328125 0.29910648125 0.7461957671875 0.3018320109375 0.8457695109375001 0.27427513281250004 0.8079375000000001 0.2461127640625
3 0.9008525125 0.34604398125 0.9280915999999999 0.36088194375 0.9426190468750001 0.3545228171875 0.945645503125 0.35088888906250004 0.8724031078125 0.29426124374999996 0.81172056875 0.312498346875 0.8388082015625 0.3215152109375 0.8618101859375 0.33302248749999996 0.9056951062499999 0.343318453125 0.9008525125 0.34604398125
3 0.9271835312500001 0.19130224843750002 0.9029712296874999 0.19887268593750002 0.876035053125 0.217041996875 0.857270171875 0.222492725 0.832755290625 0.23127447031249998 0.90750110625 0.279032015625 0.9135641531250001 0.265796296875 0.9047870375 0.26185945781250003 0.891167659375 0.25973974843750003 0.882693453125 0.26185945781250003 0.9538171296875 0.181611771875 0.9271835312500001 0.19130224843750002
3 0.958659721875 0.2676130953125 0.9480667984375 0.28063459062499996 0.9095658625 0.28035125625 0.9996693125 0.337921296875 0.9980049609374999 0.26125396875 0.958659721875 0.2676130953125
0 0.854910384375 0.1863773140625 0.8595959000000001 0.1827546296875 0.9516041671875 0.164641203125 0.994413690625 0.135233465625 0.7462893515625 0.198097884375 0.7721666671875 0.205079365625 0.8342509921874999 0.1893607796875 0.830204365625 0.181689153125 0.838723875 0.1908525125 0.854910384375 0.1863773140625
4 0.48421990781249996 0.222572090625 0.499160384375 0.2207781078125 0.499459325 0.226159721875 0.48690939218749996 0.2333349875 0.4940806875 0.2333349875 0.499160384375 0.2330360453125 0.505435515625 0.22974735468750002 0.5123082015625 0.22795337343750002 0.5236626984375 0.224365740625 0.51141170625 0.224963625 0.50394146875 0.22287103125000002 0.5090211640625 0.2198812828125 0.52455919375 0.21420072812500002 0.54487830625 0.21091203749999998 0.5571292984375 0.2118088625 0.5496590609374999 0.2165925921875 0.5323283734375 0.2222728171875 0.545475859375 0.22167493437500002 0.5475674609375 0.22376785781250003 0.55055555625 0.22287103125000002 0.5538425921875 0.21898412656250002 0.5711736109375 0.21689153437500003 0.5729662703125 0.2118088625 0.5604163359375 0.21001521093750003 0.56669146875 0.2070254625 0.5825281078125 0.2004477515625 0.6118115078125 0.19506646875 0.6106164015625 0.20104596562500002 0.5891018515625001 0.208520171875 0.59477943125 0.208520171875 0.597468584375 0.21360284375 0.5923888890625 0.21748941875 0.60762830625 0.211210978125 0.6210744046875 0.202540675 0.6431865078125 0.17981878281250002 0.4347671953125 0.22624040937499998 0.45613194375 0.22914947031250002 0.466590278125 0.22855125625 0.48421990781249996 0.222572090625
3 0.46569378281249996 0.19778174531249998 0.46479728906249995 0.215931546875 0.5625079359375 0.1959880953125 0.5577271828125 0.1819361765625 0.46569378281249996 0.19778174531249998
3 0.7751474875000001 0.23265443125 0.8222542984375 0.2171316140625 0.810125 0.21233366406249998 0.7238095234374999 0.195682209375 0.7054745375 0.2007622359375 0.698986771875 0.21797850468750002 0.7078720234375 0.2186164015625 0.711116071875 0.20612466875000002 0.718450065625 0.20104464218749998 0.776839946875 0.214027115625 0.7751474875000001 0.23265443125
3 0.4996127640625 0.7136322749999999 0.490406415625 0.73418055625 0.5088187828125 0.761814153125 0.5633478843749999 0.7717341265625 0.5421028437500001 0.720009259375 0.5598068781250001 0.7065469578125 0.548476190625 0.6923756609375 0.6894017859375 0.615851521875 0.6391220234375 0.46138591250000005 0.59804795 0.5209047625000001 0.5088187828125 0.6300224875 0.4826167328125 0.6456107796875 0.4397724875 0.6475436515624999 0.4564143515625 0.6987526453124999 0.4826167328125 0.7079639546875 0.49536375625 0.6923756609375 0.4996127640625 0.7136322749999999
3 0.4602457015625 0.8047969578125 0.45208763281250003 0.820101521875 0.442910053125 0.8143197750000001 0.43849107187499997 0.8221421953125001 0.4497083328125 0.8296243390625 0.44189021093749997 0.8459494046874999 0.4296531078125 0.8357463624999999 0.43645138906250003 0.8258832671875 0.43645138906250003 0.814660053125 0.4337321421875 0.8061574078125 0.40008068750000003 0.8724771828125 0.40857837343750003 0.87791898125 0.416056546875 0.8745178578124999 0.42421461562499996 0.879571759375 0.43747122968749996 0.879571759375 0.4378111765625 0.87723875625 0.44312356406250003 0.8636548703125 0.43679133593749997 0.8615939156250001 0.42625396875000005 0.8734976859374999 0.4177562828125 0.86261441875 0.426593915625 0.8473098546875001 0.4378111765625 0.8554722218749999 0.45854596562500005 0.8605737437500001 0.45004827968749994 0.8476498015624999 0.45514682500000003 0.834725859375 0.4690833328125 0.8469695765624999 0.4639847890625 0.8581931218750001 0.45854596562500005 0.863634590625 0.4721425265625 0.8724771828125 0.46704398124999996 0.8666954359375 0.47622156093749995 0.8517311515625 0.4850595234375 0.8595532406249999 0.4791301578125 0.8753739625 0.49202777812500004 0.879571759375 0.501715278125 0.853431546875 0.4962767859375 0.8479900796875001 0.506134259375 0.8265634921875 0.45072784375 0.7857513234375 0.43883101875 0.8064973546875001 0.44155026406250003 0.8105787031249999 0.450388228125 0.7949338625 0.4602457015625 0.8047969578125
3 0.853549271875 0.604303571875 0.837527778125 0.5858687171875 0.8495436515625 0.5602202375 0.9961412031249999 0.6916693125 0.9977433859374999 0.68044808125 0.838328703125 0.532166996875 0.8231081343750001 0.5377777781249999 0.8199040999999999 0.529762565625 0.5603544968749999 0.7020099203125 0.5635588625 0.7124295640625 0.5435317453125 0.71563558125 0.5996071421875 0.8777321421875 0.642064484375 0.879571759375 0.5811825390625 0.7413634265625 0.853549271875 0.604303571875
3 0.9393151453125 0.691663690625 0.8727003968749999 0.647229496875 0.7926699734375 0.692126653125 0.8083984781250001 0.7124923937500001 0.7579748671875 0.7351722890625 0.7316064812499999 0.7731266531250001 0.7010747359375 0.8300582015625 0.688353175 0.8789811515625001 0.8009970234375 0.8032123015625 0.8449441140625 0.7671094578125001 0.8481825390625 0.75229795 0.9393151453125 0.691663690625
3 0.749185515625 0.7083267203125 0.6326094578125 0.7657209 0.6730873015625 0.846367725 0.7144900796875 0.7745152109375 0.7477976187500001 0.72545238125 0.7875813484374999 0.6953667328125 0.749185515625 0.7083267203125
3 0.8278280421875 0.8304828046875 0.8160314156249999 0.8137542984374999 0.8116369046875 0.8429798281249999 0.8574345234375 0.8554771828125001 0.8278280421875 0.8304828046875
3 0.8893541671875 0.7976200390625 0.8583597890625001 0.7906772484375 0.8423998015624999 0.7873859125 0.8449441140625 0.8221514546875 0.8523459000000001 0.8221514546875 0.8722377640625 0.8031742718749999 0.8893541671875 0.7976200390625
1 0.894494046875 0.8028839281250001 0.983983796875 0.7306881609375 0.944882275 0.6943885578125 0.8590205031249999 0.7633578046875 0.879579034375 0.787557209375 0.8916722890625 0.7915906078125 0.894494046875 0.8028839281250001