4 0.4791671625 0.6025763890625 0.5077189984375 0.59981175625 0.5177353671875 0.5435017359375001 0.515662946875 0.5424650296875 0.432251984375 0.5424578375 0.422869046875 0.579998759375 0.45890426562500003 0.60522569375 0.4791671625 0.6025763890625
4 0.5406723703125 0.595909721875 0.47895808593750006 0.6032606640625 0.47491741093749995 0.614409721875 0.46855009843750006 0.67635243125 0.467631696875 0.6946314484375 0.5340600203125 0.6892063484375 0.5362641375 0.687001240625 0.5415295140625 0.59688988125 0.5406723703125 0.595909721875
4 0.39185739062499997 0.8098687999999999 0.391287946875 0.7907849703125 0.377908234375 0.709298859375 0.287380953125 0.8380674609375 0.3836016859375 0.8243953375 0.39185739062499997 0.8098687999999999
4 0.5049139390625 0.7663494546875 0.5072075890625001 0.763011409375 0.51283755 0.761342509375 0.5697614093750001 0.7400625 0.5637145343750001 0.715027034375 0.5493271328125 0.70063194375 0.44924107187500006 0.7096029265625 0.454870784375 0.7471557546875001 0.49970114062500004 0.8403435015625 0.5173204359375 0.8169499015625 0.503245784375 0.7734427078125 0.5040798609375 0.7688529265625 0.5049139390625 0.7663494546875
3 0.4561282234375 0.4409161703125 0.44502356093750006 0.48841493125 0.45738541718750003 0.542345734375 0.502641865625 0.5421361609375001 0.47687078437499997 0.4461572421875 0.4561282234375 0.4409161703125
3 0.4366197921875 0.874751984375 0.47502430625000003 0.874751984375 0.4982313984375 0.8638985609375001 0.49843675625 0.850953125 0.50172271875 0.8488983140625 0.5011066468750001 0.844788690625 0.41156448437500004 0.6592740578125 0.376856646875 0.709408234375 0.3858931046875 0.7562586812500001 0.4366197921875 0.874751984375
3 0.411310515625 0.623877728125 0.42426413749999997 0.629967509375 0.4253563984375 0.63433978125 0.4256686515625 0.638555803125 0.4216108625 0.6449580859374999 0.46726016875000004 0.6756770828125 0.475765625 0.6178005953125 0.42332762968750004 0.57958209375 0.411310515625 0.623877728125
3 0.468274553125 0.695369046875 0.4685865578125 0.6760064484375 0.45017088281250006 0.6651426093749999 0.4649970234375 0.7080173609375 0.5313249015625 0.7016150796875 0.5260186015625 0.689123015625 0.468274553125 0.695369046875
3 0.5087482640625 0.7619089781249999 0.5055939984375 0.7682204859375 0.50496329375 0.7735853171875 0.5365037203125 0.87408680625 0.6222938984375 0.874751984375 0.5740369546874999 0.7385560515625 0.5087482640625 0.7619089781249999
3 0.28502579375 0.874751984375 0.35791765937500003 0.8733876484374999 0.34343253906250004 0.8317237109375 0.287362103125 0.8387919140625 0.278016865625 0.84720709375 0.28502579375 0.874751984375
3 0.1080907734375 0.8625153765625001 0.10629414687500001 0.873899553125 0.1799513890625 0.874751984375 0.1838439984375 0.826565228125 0.11093526718749999 0.8055818453124999 0.109587796875 0.83585243125 0.1251577375 0.8418439984375 0.11946874999999998 0.8676083828125 0.1080907734375 0.8625153765625001
3 0.018179067187500002 0.873748759375 0.019900296875 0.8715962296875001 0.0168883921875 0.86363194375 0.019900296875 0.8571741078124999 0.0306572421875 0.777620784375 0.00032266875 0.767197171875 0.000537946875 0.874751984375 0.018179067187500002 0.873748759375
3 0.2702921625 0.852462796875 0.2407633921875 0.8452509921875 0.1851937 0.854556546875 0.1826361609375 0.8517648812499999 0.18031101249999998 0.874751984375 0.272384671875 0.8743306046875 0.2814526296875 0.8629313 0.27633755 0.8487405750000001 0.27377976249999997 0.8543239093749999 0.2702921625 0.852462796875
4 0 0.7654432046874999 0.2119955359375 0.8341986609375001 0.2622889390625 0.8520240578125 0.27183829375 0.8520240578125 0.2801143359375 0.8475677078125001 0.42526463281250004 0.6413018359375 0.42271800624999994 0.6304791671875 0.4029826390625 0.622839534375 0.30812574375 0.5789126984374999 0 0.4426750984375 0 0.7654432046874999
4 0.1907529765625 0.8531294640624999 0.19829513906250001 0.851244046875 0.2350629953125 0.846216021875 0.184153521875 0.8289317953124999 0.1832108140625 0.8503013390625 0.1854107140625 0.8525009921875 0.1907529765625 0.8531294640624999
4 0.5140595234374999 0.1935587796875 0.5095939984375 0.21877579374999997 0.5232532234375 0.19093204375 0.5250920140625001 0.186991815625 0.523778521875 0.1827889390625 0.5095939984375 0.175434028125 0.5067046125 0.177798115625 0.5127460312500001 0.1843650796875 0.5140595234374999 0.1935587796875