3 0.2579365078125 0.3727678578125 0.2616567453125 0.3789682546875 0.26512896874999997 0.387648809375 0.265625 0.3926091265625 0.2678571421875 0.396329365625 0.2720734125 0.4015376984375 0.278769840625 0.4072420640625 0.281498015625 0.4079861109375 0.28472222187499996 0.4074900796875 0.2876984125 0.4098048109375 0.2884424609375 0.41493055625 0.29365079375 0.4203869046875 0.2991071421875 0.424603175 0.3020833328125 0.42559523749999995 0.303075396875 0.42757936562500004 0.3110119046875 0.43303571406249997 0.318700396875 0.4357638890625 0.3244047625 0.4360119046875 0.34027777812500004 0.434771825 0.3573908734375 0.4298115078125 0.3730158734375 0.4201388890625 0.372519840625 0.4126984125 0.375 0.4072420640625 0.390376984375 0.4007936515625 0.3926091265625 0.39756944375000003 0.3945932546875 0.3891369046875 0.39409722187499996 0.375 0.3888888890625 0.343501984375 0.387648809375 0.3303571421875 0.3854166671875 0.32490079375 0.3829365078125 0.309771825 0.375744046875 0.29637896874999997 0.3678075390625 0.2891865078125 0.3521825390625 0.28025793593750004 0.3477182546875 0.281001984375 0.34424603125000003 0.28447420625 0.3363095234375 0.2891865078125 0.311755953125 0.309771825 0.3050595234375 0.313244046875 0.299355159375 0.31349206406249996 0.287450396875 0.31150793593750004 0.271825396875 0.3105158734375 0.252480159375 0.3105158734375 0.24826388906250002 0.3172123015625 0.2452876984375 0.328869046875 0.2455357140625 0.3373015875 0.2490079359375 0.349454365625 0.25049603125000003 0.3514384921875 0.2579365078125 0.3727678578125
1 0.127728175 0.9082341265625 0.1297123015625 0.9112103171875001 0.1304563484375 0.9174107140625001 0.1302083328125 0.9238591265625 0.12847222187500001 0.9295634921874999 0.12847222187500001 0.9320436515624999 0.130704365625 0.93799603125 0.12822420625 0.94717261875 0.12946428593749998 0.94990079375 0.134920634375 0.9481646828124999 0.1369047625 0.9456845234375001 0.14037698437499999 0.943700396875 0.1470734125 0.9355158734375 0.1522817453125 0.9322916671874999 0.1698908734375 0.9136904765624999 0.1731150796875 0.9126984125 0.2800099203125 0.8085317453125 0.327380953125 0.7636408734375 0.330605159375 0.7591765875 0.33407738125 0.7566964281249999 0.341269840625 0.7485119046875 0.3479662703125 0.7420634921875 0.3516865078125 0.740079365625 0.356646825 0.7333829359374999 0.3695436515625 0.7224702375 0.3797123015625 0.7113095234375 0.3985615078125 0.6939484125 0.47098214218749995 0.6230158734375 0.481646825 0.6116071421875 0.48115079375 0.609375 0.47718253906249997 0.605902778125 0.474950396875 0.6016865078125 0.471726190625 0.599950396875 0.46949404687499996 0.596478175 0.465773809375 0.596726190625 0.4580853171875 0.5920138890625 0.45535714218749995 0.5873015875 0.4521329359375 0.5848214281249999 0.4484126984375 0.5853174609375 0.4456845234375 0.5870535718750001 0.3943452375 0.6359126984375 0.14310515937499999 0.86904761875 0.14087301562500001 0.874255953125 0.1351686515625 0.87822420625 0.12847222187500001 0.88467261875 0.1292162703125 0.890873015625 0.127976190625 0.90029761875 0.1292162703125 0.9052579359375 0.127728175 0.9082341265625
1 0.50967261875 0.5853174609375 0.5543154765625 0.540674603125 0.5575396828125 0.5386904765625 0.6197916671875 0.4769345234375 0.638144840625 0.46006944375 0.6470734125 0.45089285781250005 0.656001984375 0.4389880953125 0.6607142859375 0.43700396875 0.6639384921875 0.43377976250000005 0.6644345234375 0.4320436515625 0.6773313484375 0.4201388890625 0.6790674609375 0.4166666671875 0.6860119046875 0.41220238125 0.6892361109375 0.4077380953125 0.6946924609375 0.40426587343750003 0.76884920625 0.333829365625 0.7728174609375 0.32862103125000003 0.8236607140625001 0.27802579375 0.8266369046875001 0.2740575390625 0.8320932546875 0.2703373015625 0.8422619046875001 0.25967261875 0.84375 0.25694444375000003 0.847222221875 0.255704365625 0.8549107140625001 0.2477678578125 0.8578869046875001 0.24330357187499999 0.8705357140625001 0.2321428578125 0.874751984375 0.2264384921875 0.874751984375 0.21924603125000003 0.8712797625 0.2165178578125 0.8695436515624999 0.2085813484375 0.872271825 0.20138888906250002 0.872271825 0.1912202375 0.8705357140625001 0.190228175 0.846230159375 0.21279761874999997 0.8447420640625 0.21626984062500001 0.838045634375 0.22048611093749998 0.8147321421875 0.24181547656250002 0.79637896875 0.25967261875 0.7953869046875 0.2616567453125 0.7914186515625 0.2636408734375 0.6577380953125 0.3893849203125 0.65029761875 0.3948412703125 0.6450892859375 0.4007936515625 0.6051587296875 0.4362599203125 0.47445436562500004 0.5602678578125 0.47197420625 0.5644841265625 0.4764384921875 0.5711805562500001 0.5012400796875001 0.591269840625 0.50967261875 0.5853174609375
1 0.5917658734375 0.6646825390625 0.596230159375 0.671130953125 0.6021825390625 0.6738591265625 0.606398809375 0.6783234125 0.611855159375 0.6770833328125 0.6130952375 0.674355159375 0.6160714281249999 0.67237103125 0.6359126984375 0.6498015875 0.6393849203124999 0.6473214281249999 0.6755952375 0.6083829359374999 0.677579365625 0.6051587296875 0.6917162703125 0.5915178578125 0.6939484125 0.588045634375 0.6981646828125 0.5853174609375 0.715277778125 0.5669642859375 0.7227182546875001 0.5605158734375 0.7256944437499999 0.5558035718750001 0.728174603125 0.5545634921875 0.7477678578125 0.533730159375 0.755704365625 0.5270337296875 0.763144840625 0.5176091265625 0.769097221875 0.512896825 0.7705853171875 0.509920634375 0.7760416671875 0.505704365625 0.7953869046875 0.484375 0.8105158734375 0.46949404687499996 0.84697420625 0.43055555625 0.8529265875 0.42534722187499996 0.8608630953124999 0.415178571875 0.86904761875 0.408730159375 0.8730158734375 0.4010416671875 0.874751984375 0.40054563437499996 0.874751984375 0.3926091265625 0.872023809375 0.3854166671875 0.872271825 0.36904761875 0.8710317453125 0.36830357187499996 0.86904761875 0.368799603125 0.8663194437499999 0.3727678578125 0.8625166171875 0.3753306046875 0.8581349203125 0.3767361109375 0.8489583328125001 0.3866567453125 0.8417658734375 0.3926091265625 0.8387896828124999 0.39732142812500004 0.8293650796875 0.406001984375 0.8268849203125 0.41021825468750006 0.8191964281249999 0.41840277812500004 0.8147321421875 0.41964285781250005 0.8134920640625 0.4236111109375 0.8035714281249999 0.4300595234375 0.7991071421875 0.4357638890625 0.79637896875 0.437251984375 0.700396825 0.531994046875 0.6989087296875 0.534722221875 0.6922123015625 0.540674603125 0.671626984375 0.562748015625 0.668402778125 0.5647321421875 0.661954365625 0.57217261875 0.6609623015625 0.574652778125 0.653273809375 0.581101190625 0.6445932546875001 0.5917658734375 0.6421130953125 0.5927579359374999 0.6264880953125 0.609126984375 0.622519840625 0.6113591265625 0.6143353171875 0.619295634375 0.612351190625 0.622519840625 0.6071428578125 0.62549603125 0.59052579375 0.6428571421875 0.581597221875 0.653769840625 0.5848214281249999 0.6582341265625 0.5855654765625 0.661954365625 0.5917658734375 0.6646825390625
1 0.37847222187499996 0.872023809375 0.38963293593750004 0.887152778125 0.3983134921875 0.893105159375 0.4012896828125 0.890625 0.4045138890625 0.8896329359375 0.4141865078125 0.880704365625 0.418898809375 0.874751984375 0.42609127031250005 0.86904761875 0.43799603125 0.8549107140625001 0.4454365078125 0.849454365625 0.44742063437499996 0.844494046875 0.4521329359375 0.8415178578125 0.459821428125 0.8318452375 0.4675099203125 0.8263888890625 0.4982638890625 0.7946428578125 0.5 0.7901785718750001 0.543898809375 0.7477678578125 0.547619046875 0.7423115078125 0.5513392859375 0.740079365625 0.5540674609375 0.7353670640625001 0.5580357140625 0.7326388890625 0.560019840625 0.7279265875 0.562748015625 0.7264384921875 0.575396825 0.713045634375 0.580605159375 0.7051091265625 0.580605159375 0.702876984375 0.5823412703125 0.700644840625 0.5818452375 0.6959325390625 0.580605159375 0.6946924609375 0.57762896875 0.6954365078125 0.575644840625 0.693204365625 0.5758928578125 0.6892361109375 0.5701884921875 0.68799603125 0.568700396875 0.6852678578125 0.56572420625 0.684027778125 0.565228175 0.68154761875 0.56299603125 0.6793154765625 0.5553075390625 0.681299603125 0.55009920625 0.6865079359374999 0.5483630953125 0.68700396875 0.5364583328125 0.69717261875 0.534226190625 0.7018849203124999 0.528769840625 0.7051091265625 0.5047123015625 0.728670634375 0.5014880953125 0.7323908734375 0.4985119046875 0.7393353171875 0.4920634921875 0.743799603125 0.487103175 0.750248015625 0.48363095312500004 0.7517361109375 0.471726190625 0.763144840625 0.4699900796875 0.76612103125 0.466269840625 0.768353175 0.46453372968749995 0.7720734125 0.46006944375 0.7748015875 0.45721726250000005 0.779141865625 0.4546130953125 0.781001984375 0.452876984375 0.786954365625 0.4513888890625 0.7886904765625 0.4484126984375 0.7886904765625 0.443700396875 0.79092261875 0.440228175 0.797123015625 0.4365079359375 0.7986111109375 0.41964285781250005 0.8142361109375 0.39657738125 0.83779761875 0.3945932546875 0.8420138890625 0.3886408734375 0.8454861109375 0.3883928578125 0.8475942453125 0.3856646828125 0.8504464281249999 0.381200396875 0.8524305562500001 0.377480159375 0.856646825 0.3762400796875 0.859623015625 0.374255953125 0.8613591265625 0.375248015625 0.86532738125 0.37847222187499996 0.872023809375
1 0.38715277812500004 0.44097222187499996 0.43973214218749995 0.4233630953125 0.4424603171875 0.41989087343750003 0.440228175 0.40575396875 0.43402777812500004 0.3926091265625 0.431299603125 0.390376984375 0.41840277812500004 0.3955853171875 0.4141865078125 0.396329365625 0.408978175 0.3998015875 0.4045138890625 0.39930555624999997 0.3998015875 0.40029761875 0.3960813484375 0.40252976250000005 0.387648809375 0.40401785781250005 0.375744046875 0.4077380953125 0.37400793593750004 0.41046627031250005 0.37599206406249996 0.42385912656249997 0.38095238125 0.43551587343750003 0.384424603125 0.43973214218749995 0.38715277812500004 0.44097222187499996
2 0.376273065625 0.5201135906250001 0.6767958828125 0.7731071421875 0.8737485125 0.9474216265625 0.874751984375 0.9089367562499999 0.49570114062500004 0.5874623015625 0.34855257968750003 0.46917757968749996 0.125 0.2699610609375 0.125 0.2942971234375 0.1713970734375 0.3395736609375 0.376273065625 0.5201135906250001
2 0.338365328125 0.48728819375 0.125 0.5263390375 0.125 0.557466765625 0.3604377484375 0.5087943953125 0.338365328125 0.48728819375
2 0.6094583328125001 0.434654265625 0.366097221875 0.48219444375 0.3932631453125 0.5025689484375 0.5681436015625 0.4708754953125 0.6094583328125001 0.434654265625
2 0.77565699375 0.43302628906249996 0.7871111109375 0.4302326390625 0.8072259421875 0.4257626484375 0.8094610609374999 0.4218514390625 0.7952130453125 0.3925173609375 0.7938162203125 0.392796875 0.777891865625 0.39503174531249996 0.7647614093749999 0.39894295625 0.7535865578125 0.40453050625 0.6790709328125 0.42220312499999996 0.6435141375 0.45481721249999996 0.7630853171875 0.4316294640625 0.77565699375 0.43302628906249996
0 0.6490004953125 0.394671875 0.690369046875 0.3422299109375 0.6295699406249999 0.282893353125 0.6072142859375 0.3081741078125 0.6093035718750001 0.31277058593749996 0.6469112109374999 0.3478712796875 0.662372271875 0.35998933593750004 0.643568453125 0.3833896328125 0.6205858140625 0.3614516375 0.6224662703125 0.356228421875 0.6013640875 0.324470734375 0.6099303078125 0.31444221250000004 0.6061696421875 0.307965278125 0.5823514390625 0.3344995046875 0.5714868546874999 0.347035465625 0.5656369046874999 0.3541391375 0.56856175625 0.3585267859375 0.6235109125 0.4090880453125 0.6283162203125 0.41138640937500004 0.6490004953125 0.394671875
0 0.45708779687499995 0.3694990078125 0.46477504999999997 0.3682177578125 0.4734873515625 0.36975520781250004 0.4816870046875 0.374111359375 0.5606091265625001 0.4335592765625 0.57213988125 0.42740947343749996 0.5880267859375 0.3764174109375 0.5767522328125 0.3679615578125 0.5657338796875 0.354637153125 0.5813645828125 0.334650296875 0.500648809375 0.265721478125 0.496548859375 0.267002728125 0.435563740625 0.3174821421875 0.40327728125 0.3902544640625 0.4089146828125 0.396660465625 0.4204454359375 0.3912795140625 0.4263390375 0.3887170140625 0.4522192453125 0.3710364578125 0.45708779687499995 0.3694990078125
0 0.4716937 0.084046875 0.4716937 0.086609375 0.46861879999999995 0.0884030265625 0.457600446875 0.0930153765625 0.45811284687500003 0.097115328125 0.4660563 0.269565228125 0.4739997515625 0.284683284375 0.500392609375 0.2646966765625 0.555484375 0.3115885421875 0.588539434375 0.2992891859375 0.6139072421875 0.1237641375 0.6126259921874999 0.1214580859375 0.5959702375 0.10582738124999999 0.588283234375 0.10582738124999999 0.5823896328125 0.10787723281249999 0.5795709328124999 0.10685243124999999 0.5754709828125 0.10633978125000002 0.5754709828125 0.1091584828125 0.5703462296875 0.10762103125 0.57316493125 0.08379067500000001 0.57316493125 0.081228175 0.5567656249999999 0.06636631875 0.552665675 0.06585391874999999 0.5452346234375 0.06892881875 0.544466021875 0.071491071875 0.542159721875 0.0725161203125 0.541647321875 0.0794345234375 0.542415921875 0.090709078125 0.53319146875 0.0930153765625 0.5301165671875 0.0901966765625 0.5121795640625 0.096346478125 0.5121795640625 0.09788392812499999 0.478612103125 0.10710863125 0.47835590312500004 0.10428993125 0.47681845312500004 0.0909655265625 0.47553720312500003 0.086353175 0.47374355156250003 0.0835344734375 0.4716937 0.084046875
0 0.43406299531250003 0.3179342765625 0.4397864578125 0.3122108140625 0.41488963281249996 0.2412408234375 0.3673854171875 0.220350446875 0.3605173609375 0.235803571875 0.40802157812499995 0.2555493546875 0.43406299531250003 0.3179342765625
5 0.1443452375 0.280505953125 0.15550595312499998 0.294394840625 0.15873015937499999 0.296626984375 0.20238095312499998 0.302579365625 0.234126984375 0.3048115078125 0.2606646828125 0.30902777812500004 0.2827380953125 0.3102678578125 0.299851190625 0.31299603125000003 0.30803571406249997 0.31150793593750004 0.328373015625 0.296130953125 0.3678075390625 0.2641369046875 0.3702876984375 0.2591765875 0.3606150796875 0.2383432546875 0.3554067453125 0.23685515937499999 0.3492063484375 0.23710317500000003 0.3457341265625 0.23387896874999997 0.3454861109375 0.228174603125 0.3487103171875 0.224950396875 0.3519345234375 0.22395833281250002 0.35243055624999997 0.22048611093749998 0.33159722187499996 0.21825396874999997 0.31349206406249996 0.21825396874999997 0.196924603125 0.2229662703125 0.18501984062500001 0.2266865078125 0.1800595234375 0.231398809375 0.1733630953125 0.234375 0.169146825 0.24007936562499999 0.150049603125 0.25049603125000003 0.1351686515625 0.2614087296875 0.1341765875 0.2636408734375 0.13715277812499999 0.2710813484375 0.1418650796875 0.27529761875 0.1443452375 0.280505953125
0 0.18774801562500001 0.59375 0.1929563484375 0.5915178578125 0.22767857187499999 0.568204365625 0.228174603125 0.5605158734375 0.22123015937499999 0.5523313484375 0.218501984375 0.547619046875 0.21378968281250002 0.54365079375 0.209325396875 0.5456349203124999 0.202876984375 0.5513392859375 0.169146825 0.57217261875 0.168898809375 0.5761408734375 0.17782738125 0.5892857140625 0.18501984062500001 0.593998015625 0.18774801562500001 0.59375