3 0.95253819375 0.48019369999999995 0.9449352671875 0.4666096234375 0.9329878468749999 0.457915675 0.9191396328125 0.4516671625 0.886283978125 0.4622626484375 0.49202604218749996 0.61331795625 0.5001721234375001 0.6119595734375001 0.5066889875 0.610873015625 0.51836483125 0.6187517359375 0.5281401296875 0.633694196875 0.5357430562500001 0.6513311015625 0.54198834375 0.669262153125 0.5452465281250001 0.6801294640625 0.5433377968750001 0.6884313 0.718205109375 0.610035465625 0.94737896875 0.507090278125 0.9541674109375 0.490789434375 0.95253819375 0.48019369999999995
3 0.83928125 0.6825696921875 0.83600694375 0.6881016859375 0.8338263890625001 0.69434995 0.8317447921875001 0.699110615625 0.999751984375 0.6739193953125 0.998732390625 0.635572171875 0.8569479171875001 0.6703685515625 0.8488936015625 0.6734672625 0.843915921875 0.6782762890625 0.83928125 0.6825696921875
3 0.5578940968749999 0.3904419640625 0.5575639875 0.40959920624999996 0.556243303125 0.42842609062500003 0.5605349703125 0.46541914687499997 0.5701081343750001 0.49448511875 0.5800116562500001 0.5113303578124999 0.5935463796875 0.5370935015625 0.6086989093749999 0.5383943453125 0.9220930062500001 0.45142311562500004 0.9979747031249999 0.42547296562500003 0.999751984375 0.27822296562500004 0.566146825 0.3775602671875 0.5578940968749999 0.3904419640625
3 0.1150359625 0.57444444375 0.12142286718749999 0.576574653125 0.1385419140625 0.586053571875 0.15078323437500002 0.5839233625 0.16281200468749998 0.58488194375 0.175585565625 0.5862666171875001 0.18101463281250002 0.5874382437500001 0.1913400296875 0.5893554062499999 0.19719469218750002 0.592230903125 0.20837152812499998 0.5964913187499999 0.20975545625 0.5940416671875 0.21358755000000001 0.5882901781250001 0.214971478125 0.5820064484375 0.2182713296875 0.5593380453125001 0.2195486109375 0.5373978171875 0.218697171875 0.516966021875 0.21837772812499998 0.507806546875 0.21699380000000001 0.501203125 0.2126294640625 0.47470064531249995 0.20858457343749998 0.45755307500000003 0.20496527812499998 0.4453224203125 0.20294270781249998 0.440423115625 0.19613020781249998 0.437440971875 0.0955369546875 0.44340525781249995 0.09457886875 0.4450029765625 0.0886178078125 0.45469494062500004 0.08478571406249999 0.46566517812499997 0.08201810468750001 0.48300818437500004 0.0799955359375 0.4957889390625 0.0791438484375 0.517498759375 0.08056175625 0.5303261406249999 0.0826879953125 0.54510243125 0.0885572921875 0.5695126484374999 0.0949174109375 0.569758184375 0.1049233625 0.5715687 0.1150359625 0.57444444375
3 0.2464303078125 0.8380845734375001 0.2552842265625 0.813402034375 0.25996180625 0.8012003968749999 0.25996180625 0.77980555625 0.261465278125 0.748075396875 0.260462796875 0.7373779765624999 0.25829117031250004 0.7250091765625 0.2552842265625 0.712319940625 0.25094072343749996 0.7014553578125 0.24392460312500003 0.6834310515625 0.23824454374999998 0.6757423109375 0.1468407734375 0.593199653125 0.131805803125 0.5861795640625 0.11610292656250001 0.577655009375 0.09705853125 0.57297495 0.0885389390625 0.572139384375 0.0668216765625 0.5733092765625 0.0561302078125 0.5771537703125 0.0414295640625 0.5784908234375 0.019470982812500003 0.5848373015624999 0 0.594021578125 0.0002021328125 0.874751984375 0.2317294140625 0.874751984375 0.2464303078125 0.8380845734375001
3 0.009043651562500001 0.58839136875 0.015777034375000002 0.5857495046875 0.02541493125 0.582446925 0.035052828125000005 0.5792765375 0.0435024796875 0.576766865625 0.051556051562500003 0.5763705359375 0.0330724203125 0.5269875984375 0.030167906249999998 0.5128531749999999 0.02620709375 0.5050592765624999 0.0219821421875 0.499643353125 0.015908978125 0.49462351250000003 0.01009995 0.49000000000000005 0.00039608125 0.48470362031249997 0.00006597187500000001 0.5924863593749999 0.001518353125 0.5911654265624999 0.009043651562500001 0.58839136875
3 0.543231646875 0.6885396828125 0.5396458328125 0.6661168156249999 0.5306817953125 0.6454875984374999 0.519924603125 0.6257557046875 0.5136495531249999 0.6190287703124999 0.5109603171875 0.6145441468749999 0.5015478671875 0.6114050093750001 0.24561954375 0.6822611609375 0.2577212296875 0.7145500984375001 0.2657891859375 0.7459419640625 0.2635478671875 0.7706071421875 0.2635478671875 0.7908172125 0.39308085312499996 0.775091765625 0.5400939984375001 0.722173859375 0.5454727187499999 0.7096170640625 0.543231646875 0.6885396828125
3 0.433519840625 0.62939608125 0.43605282812499996 0.6240739093750001 0.43706597187499996 0.6027849703125 0.440865328125 0.56405084375 0.4426383921875 0.5402279265625001 0.443905009375 0.5123705359375 0.4459313 0.47612896875 0.44719791718749996 0.42725744062500004 0.44770436562500004 0.3955776296875 0.44770436562500004 0.357350446875 0.44719791718749996 0.3380892859375 0.4466912203125 0.319841765625 0.4454248515625 0.30184771875 0.4433983140625 0.297792659375 0.3301741078125 0.2896827875 0.32282837343750004 0.2967790171875 0.31320312499999997 0.30919742031249997 0.306870784375 0.32820510937499997 0.3018048109375 0.3418908734375 0.294459078125 0.3887348703125 0.292179315625 0.42066790625 0.28913988125 0.43942237031250003 0.287170634375 0.46979092187499993 0.287170634375 0.50153819375 0.28845262968749996 0.5352095734375 0.2926192953125 0.5758563984375 0.29806770781249997 0.6034350203125001 0.30960590312499997 0.6287686015625 0.3147338796875 0.6310133921875 0.3278745046875 0.6322961312500001 0.39678273750000004 0.635502728125 0.40793675625 0.637505953125 0.42465426562499997 0.6339578375 0.433519840625 0.62939608125
5 0.9986297125 0.6747013890625 0.26829613124999996 0.7925431546875 0.2404848703125 0.874751984375 0.9995362109375 0.8735615078125001 0.9986297125 0.6747013890625
3 0.029733382812499997 0.5085813484374999 0.0321282234375 0.5159687500000001 0.03352505 0.52854761875 0.041307539062499996 0.54571875 0.0806197921875 0.5421247515625 0.0788236609375 0.512375 0.0796220234375 0.48961334375 0.0812182546875 0.48022916718750003 0.0059866078125 0.4863916171875 0.0089799109375 0.4878162203125 0.021152778125 0.49779935468750003 0.029733382812499997 0.5085813484374999
3 0.21211359062500001 0.4696170640625 0.2143045640625 0.479398065625 0.2193611109375 0.509584078125 0.2195295140625 0.5288087796875 0.2867790171875 0.52189459375 0.285936259375 0.4726525296875 0.285936259375 0.46506398750000005 0.21211359062500001 0.4696170640625
3 0.54675545625 0.45501066406249996 0.5430587796874999 0.4496937 0.5208789687500001 0.4536235125 0.509987846875 0.4513000984375 0.4481014390625 0.4533075390625 0.44417385937500004 0.508366071875 0.5425967265625 0.5000689484375 0.54675545625 0.45501066406249996