3 0.27638640937500003 0.097600446875 0.26641493125000004 0.0921614578125 0.2567455359375 0.0873266375 0.24284573437499998 0.0918591265625 0.2343849203125 0.10213293593749999 0.232571925 0.116334821875 0.23770882968749998 0.13144320468749998 0.241334821875 0.13899752031249998 0.2425436515625 0.1465518359375 0.24737822343750002 0.161055803125 0.2597671125 0.18825099218750002 0.25855853125 0.19640947343749998 0.25734995 0.2045682046875 0.261580109375 0.2187700890625 0.268530009375 0.2320654765625 0.2839407234375 0.2393174609375 0.2945166171875 0.24143278750000002 0.31445957343750003 0.2390153765625 0.3259422125 0.22934598281250002 0.3280572921875 0.2214895828125 0.3298702875 0.2057767859375 0.32382688437499996 0.1864379953125 0.3117400796875 0.1752576890625 0.296631696875 0.129328125 0.2863578875 0.1211696421875 0.283336309375 0.1127088296875 0.2827318953125 0.106061259375 0.27638640937500003 0.097600446875
3 0.3301510421875 0.624704365625 0.3680818453125 0.623779265625 0.36764136875000003 0.5650553078125 0.3655262890625 0.5632420640625 0.3631088796875 0.2928013390625 0.3594828875 0.29189484062500004 0.3262442953125 0.29098834375 0.3301510421875 0.624704365625
3 0.240996528125 0.5819181546875 0.2371245046875 0.589662203125 0.23567261875 0.59595386875 0.23551116093750002 0.602568453125 0.23857638906249998 0.6074084828124999 0.242287203125 0.612732390625 0.24857886875 0.61579761875 0.257613590625 0.61708829375 0.26809995 0.6162814984375 0.2819744546875 0.6070858140625 0.300366071875 0.6072470234375 0.31730555625 0.579014384375 0.299720734375 0.5491681546875 0.2664866078125 0.5493296125 0.253902778125 0.5717544640625001 0.25083755 0.5735290171874999 0.247126984375 0.57594915625 0.240996528125 0.5819181546875
3 0.5108387890625 0.5318923609375 0.4972006453125 0.547514384375 0.49224131875 0.571071428125 0.49992832343750004 0.5795022328125 0.51356646875 0.5824779265625 0.5274528765625 0.5812380953125 0.5356356640625 0.5772705859375 0.5448105156249999 0.5651200390625 0.5487780265625 0.5547053578125001 0.5492740578124999 0.547514384375 0.549769840625 0.5356118546874999 0.5482822421875 0.5266850203125 0.539107390625 0.518998015625 0.53513988125 0.5182539687500001 0.5257170140625 0.522717509375 0.5108387890625 0.5318923609375
3 0.502811259375 0.45806547656249996 0.5098077875 0.45580183593749996 0.5091904765625 0.44448387968749997 0.5030171125 0.443043403125 0.4956091265625 0.445101190625 0.4929337796875 0.449628471875 0.4956091265625 0.456625 0.502811259375 0.45806547656249996
0 0.5402428078125 0.2779563484375 0.590758184375 0.1607313984375 0.5342001484375001 0.134144096875 0.4759501484375 0.24460168593749998 0.47256646875 0.2525778765625 0.5363754953125001 0.285207340625 0.5402428078125 0.2779563484375
0 0.50132886875 0.3644853671875 0.5291245046874999 0.3502251984375 0.5421763390625001 0.3364481640625 0.542659721875 0.3209791671875 0.5066463296875 0.26998015937500003 0.4703911203125 0.25209449375 0.481267609375 0.23445014843749998 0.4109325390625 0.138011409375 0.3710518359375 0.16121478125 0.3853122515625 0.192394096875 0.50132886875 0.3644853671875
0 0.382653521875 0.3316140875 0.397397321875 0.3275052078125 0.410690971875 0.31566170625 0.4193921125 0.30478521875000003 0.42350099218750004 0.29028323437500003 0.423017609375 0.277472965625 0.4222924109375 0.264662946875 0.41745858125 0.2513692953125 0.409482390625 0.24242633906250002 0.4029563484375 0.233 0.391596478125 0.22623239062499997 0.38241170625 0.2228484625 0.3674263390625 0.2199481640625 0.351232390625 0.221881696875 0.33890550625000004 0.228165921875 0.32343675625 0.2383174609375 0.3207780265625 0.24315153750000001 0.318602678125 0.2491939484375 0.3130436515625 0.26079563437500003 0.31207663750000003 0.2692552078125 0.31256026718749996 0.2849657734375 0.31570238125 0.296809028125 0.3239201390625 0.310102678125 0.326337053125 0.28955803593749996 0.36452579375 0.2905248015625 0.36452579375 0.3323392859375 0.382653521875 0.3316140875
0 0.46392981093749996 0.555122271875 0.4960161203125 0.608703125 0.5025577875 0.60745709375 0.4904087296875 0.5918812 0.4891626984375 0.57381324375 0.488228175 0.5576143359375 0.4963276296875 0.5398578875 0.5268561515625 0.51836334375 0.5380706843749999 0.5164942953125 0.5480391859375 0.51836334375 0.5620575390625 0.531446925 0.5642380953125 0.5448422625 0.5595654765625 0.5604181546875 0.5536465781250001 0.5797321421875 0.5349556046874999 0.592504215625 0.51377256875 0.598423115625 0.5050500984374999 0.600915178125 0.5143955859375 0.6252135421875 0.5402514875 0.6311321921874999 0.5580079359375001 0.6292631453124999 0.5685994546875001 0.62552505 0.581371528125 0.617737103125 0.5985049609375 0.60247271875 0.6009970234375 0.587831596875 0.6034893359375 0.5784861109375 0.604423859375 0.57038665625 0.6059813984375 0.564779265625 0.6003740078125 0.5445307546875 0.59788194375 0.5379888390625001 0.5950783734375 0.5333162203125 0.5847981156250001 0.5233474703125001 0.5782564484375 0.5171173109375 0.567353421875 0.511821428125 0.5499084828125 0.5065257937500001 0.5405629953125 0.50496800625 0.5224950390624999 0.5012299109375 0.5084766859375 0.5018529265625 0.495081596875 0.5012299109375 0.490097221875 0.5002953875 0.483866815625 0.50278745 0.46922569375 0.5130674609375 0.466421875 0.5236592265625 0.46237227187499996 0.535808284375 0.46392981093749996 0.555122271875
0 0.453961309375 0.42833506874999994 0.44741939531249997 0.44858358125000003 0.44991170625 0.46197891875 0.452715278125 0.47007837343750003 0.46424131874999996 0.48471949375 0.4748328375 0.4965572921875 0.48480158749999996 0.5002953875 0.514084078125 0.5006068953125 0.528413690625 0.4934419640625 0.5402514875 0.48471949375 0.5467931546875 0.47412797656250005 0.550219990625 0.45699454375000004 0.550219990625 0.44515699375000006 0.5499084828125 0.44017261875 0.547727678125 0.43300793593750003 0.5471046625 0.42958110156249996 0.5309060015625 0.41182465312499994 0.529659721875 0.409644096875 0.5175106640625 0.403413690625 0.50131175625 0.40029861093749997 0.490097221875 0.3996755953125 0.48480158749999996 0.40123313437499997 0.48635912656249997 0.4093325890625 0.4963276296875 0.43238467187499996 0.5075421625 0.4398611109375 0.5128380453125 0.44391096250000006 0.51377256875 0.452321925 0.5119032734375 0.45948660781250006 0.5066076390625 0.4635364578125 0.4953931046875 0.463847965625 0.490097221875 0.4604213796875 0.488228175 0.44297643906250006 0.4910317453125 0.439549603125 0.497262153125 0.4392380953125 0.47763665624999996 0.4037251984375 0.4679796625 0.409644096875 0.460191715625 0.4189895828125 0.453961309375 0.42833506874999994
1 0.2355491078125 0.477985615625 0.125 0.18888789687500002 0.125 0.2926768359375 0.1941927078125 0.49508506875 0.2355491078125 0.477985615625
1 0.6312237109375001 0.359046875 0.6228134921875 0.347402034375 0.61990228125 0.336080853125 0.6208727671875 0.32055431562500003 0.6263717765625 0.310527034375 0.6270186015625 0.3043812 0.6176381453124999 0.29241294687499997 0.58238045625 0.327670634375 0.5749407234375 0.3419032734375 0.5700887890625 0.3480491078125 0.568471478125 0.3571061515625 0.569118303125 0.36616319375 0.5810865578125 0.391393353125 0.614080109375 0.372632440625 0.6393102671875 0.374896578125 0.6483673109375 0.379748759375 0.65354290625 0.3884821421875 0.6629233625000001 0.390423115625 0.678449653125 0.3852475203125 0.67230381875 0.3700446421875 0.6845954859375001 0.3700446421875 0.694946428125 0.35484176562499997 0.705620784375 0.3331696421875 0.704003471875 0.320230903125 0.7023861609375001 0.3102036203125 0.6978576390625 0.29758829375 0.6894474203125001 0.284002728125 0.6771557546875 0.27688665625 0.6596887406249999 0.2707408234375 0.63801636875 0.2733283734375 0.6221666671875 0.27850396875 0.61860863125 0.28367931562500004 0.6156974203125001 0.28853125 0.6257247031250001 0.29564756875 0.6286359125 0.3030873015625 0.6318705359375001 0.31408506875 0.6309002968749999 0.3169962796875 0.6292829859375 0.320230903125 0.6406041671875 0.3351103671875 0.641574653125 0.34998983125 0.6393102671875 0.364545634375 0.6312237109375001 0.359046875
2 0.5493869046875 0.42503372968750003 0.551004215625 0.435061259375 0.5532686015625 0.446382440625 0.5584439484375 0.4492936515625 0.5907904265624999 0.44411830312499995 0.5852916671874999 0.4327971234375 0.58432118125 0.41921155781249997 0.5859384921874999 0.40465550625 0.596289434375 0.4062728171875 0.6040525796875 0.425680803125 0.60308209375 0.43991319375 0.5985535718749999 0.45058755 0.589496528125 0.45770386875 0.5772048609375 0.462232390625 0.633164434375 0.45867435468749995 0.651278521875 0.446382440625 0.6587182546875 0.43215005 0.6632467765625 0.42147569375 0.6632467765625 0.4069196421875 0.658071428125 0.3946279765625 0.64675 0.38621800624999997 0.6389868546875 0.3807189984375 0.6247544640625 0.37619047656250004 0.60049454375 0.38007217187500003 0.587555803125 0.3897760421875 0.5568266375 0.40594940468749996 0.5471225203125 0.4133891375 0.5451817953125 0.418887896875 0.5493869046875 0.42503372968750003
2 0.3694397328125 0.56094295625 0.3829875984375 0.5620959828125 0.4025890375 0.5620959828125 0.40114756875 0.5583487109374999 0.40230059531249995 0.558060515625 0.413542659375 0.5574838796875 0.422766865625 0.560078125 0.4319908234375 0.5583487109374999 0.43343229218749996 0.55316021875 0.4337204859375 0.5257760421875 0.43227926562499996 0.3663712796875 0.4276671625 0.3683891375 0.41844295625 0.3706951890625 0.406336309375 0.3689655265625 0.405759671875 0.3580119046875 0.3942296625 0.3577237109375 0.3688630953125 0.35916493125 0.3705927578125 0.3718482140625 0.36569246093749996 0.5592135421875 0.3694397328125 0.56094295625
2 0.4325674609375 0.3678125 0.43544990156249996 0.37271279687500003 0.4449623015625 0.3830900296875 0.455339534375 0.3960615078125 0.46456374062499994 0.3949084828125 0.501171875 0.364065228125 0.4613928578125 0.3084322921875 0.41498387968749995 0.347346478125 0.41930778750000003 0.35599404687499997 0.423919890625 0.364641865625 0.4325674609375 0.3678125
2 0.6026374015625 0.2787420640625 0.6037904265625 0.27038268906249996 0.598313740625 0.25827579375 0.59283680625 0.2522224703125 0.5867834828125 0.2435749015625 0.5804419640625 0.2352155265625 0.5749650296875 0.2297388390625 0.5657408234375 0.22426190468749999 0.538356646875 0.28594841249999997 0.515873015625 0.27758903749999997 0.5449866078125 0.322268353125 0.6026374015625 0.2787420640625
2 0.20517113125000003 0.49526512968749997 0.195265625 0.49774156718749996 0.18474131875 0.46926364062500003 0.1822651296875 0.4760736609375 0.1785505953125 0.49124107187500005 0.1810267859375 0.49619369999999996 0.18783680625000002 0.501455853125 0.1958849203125 0.5045513390624999 0.21136185468750002 0.5104325390625 0.23086284687499997 0.5147661203125 0.24943526718750003 0.518790178125 0.325891865625 0.334923115625 0.31939161718750003 0.3315181046875 0.2983427578125 0.3175887890625 0.2726510421875 0.30613566406250003 0.26676959375 0.30768353125000003 0.25810243125 0.3073740078125 0.2457209828125 0.33399454375 0.22652926562500003 0.3745443953125 0.21290947343750002 0.40983184531249994 0.21445734062500002 0.4178799609375 0.23798239062499998 0.4794786703125 0.20517113125000003 0.49526512968749997