5 0.439980159375 0.78075396875 0.443700396875 0.7829861109375 0.4516369046875 0.78447420625 0.4543650796875 0.7859623015625 0.4632936515625 0.78720238125 0.47321428593750003 0.7904265875 0.474950396875 0.7921626984375 0.478174603125 0.7924107140625 0.4833829359375 0.802579365625 0.491071428125 0.8112599203125 0.5069444437499999 0.818204365625 0.5243055562500001 0.8229166671874999 0.530505953125 0.8258928578125 0.5359623015625 0.8266369046875001 0.5448908734375 0.8261408734375 0.5515873015625 0.8234126984374999 0.556795634375 0.8199404765624999 0.564980159375 0.8115079359375 0.568700396875 0.806299603125 0.575396825 0.791170634375 0.577380953125 0.7792658734375 0.57762896875 0.771329365625 0.5766369046875 0.75967261875 0.5744047625 0.7517361109375 0.568700396875 0.7418154765625 0.5644841265625 0.7366071421875 0.5607638890625 0.7331349203124999 0.5538194437499999 0.7301587296875 0.5223214281249999 0.7256944437499999 0.512648809375 0.7254464281249999 0.5039682546875001 0.7276785718750001 0.48214285781250005 0.7380952375 0.47247023749999995 0.736855159375 0.46924603125 0.7353670640625001 0.46031746093750003 0.73487103125 0.4548611109375 0.7331349203124999 0.45089285781250005 0.73387896875 0.4476686515625 0.7323908734375 0.44320436562500004 0.7323908734375 0.43948412656249997 0.73387896875 0.43402777812500004 0.733630953125 0.4310515875 0.73487103125 0.4298115078125 0.7361111109375 0.428571428125 0.743799603125 0.4295634921875 0.7554563484375 0.4273313484375 0.7748015875 0.4283234125 0.7792658734375 0.439980159375 0.78075396875
5 0.419146825 0.6485615078125 0.422123015625 0.6510416671875 0.44072420625 0.655505953125 0.4516369046875 0.6542658734375 0.45262896875 0.6525297625 0.4637896828125 0.64657738125 0.466269840625 0.6426091265625 0.47271825468750006 0.6391369046875 0.4769345234375 0.6160714281249999 0.4761904765625 0.60342261875 0.4751984125 0.5954861109375 0.46949404687499996 0.5835813484375 0.4670138890625 0.5677083328125 0.4670138890625 0.5639880953125 0.468501984375 0.5612599203124999 0.46800595312500004 0.5483630953125 0.468998015625 0.5451388890625 0.468998015625 0.5359623015625 0.4677579359375 0.531498015625 0.46478174531249994 0.5270337296875 0.46180555625 0.5245535718750001 0.45709325468750006 0.5220734125 0.4449404765625 0.5205853171875 0.43973214218749995 0.521825396875 0.434523809375 0.5248015875 0.43055555625 0.5302579359374999 0.428075396875 0.5359623015625 0.4265873015625 0.544146825 0.42633928593750003 0.5612599203124999 0.4273313484375 0.5679563484375 0.42559523749999995 0.5853174609375 0.42237103125 0.5890376984375 0.41071428593750003 0.5957341265625 0.4072420640625 0.6138392859375 0.40674603125 0.630704365625 0.4077380953125 0.6396329359374999 0.41344246093750003 0.646825396875 0.419146825 0.6485615078125
5 0.1289682546875 0.7735615078125 0.143353175 0.7738095234375 0.1470734125 0.7748015875 0.1498015875 0.7767857140625 0.1582341265625 0.7772817453124999 0.1768353171875 0.7760416671875 0.1820436515625 0.7775297625 0.1852678578125 0.7770337296875 0.18998015937499999 0.7792658734375 0.2227182546875 0.7822420640625001 0.23611111093749998 0.78174603125 0.2390873015625 0.7822420640625001 0.2435515875 0.784722221875 0.2460317453125 0.783730159375 0.2512400796875 0.784722221875 0.25595238125 0.783730159375 0.28447420625 0.787450396875 0.2886904765625 0.786954365625 0.2921626984375 0.78447420625 0.299355159375 0.783978175 0.3060515875 0.78174603125 0.3110119046875 0.778769840625 0.3147321421875 0.7519841265625 0.31299603125000003 0.7435515875 0.31597222187499996 0.7363591265625 0.3139880953125 0.7326388890625 0.31200396874999997 0.734126984375 0.290674603125 0.7321428578125 0.2824900796875 0.7333829359374999 0.2705853171875 0.7326388890625 0.2643849203125 0.7299107140625 0.25892857187499996 0.7306547625 0.2522321421875 0.7299107140625 0.2490079359375 0.73115079375 0.2435515875 0.728174603125 0.22767857187499999 0.7269345234375 0.2232142859375 0.7256944437499999 0.215277778125 0.7264384921875 0.21130952343749998 0.7254464281249999 0.20138888906250002 0.7256944437499999 0.18799603125 0.7237103171875 0.1783234125 0.7239583328125 0.17361111093749998 0.7227182546875001 0.1703869046875 0.7237103171875 0.16071428593749998 0.7207341265625 0.15972222187500001 0.7167658734375 0.15550595312499998 0.709325396875 0.149553571875 0.7046130953125 0.14236111093749998 0.703869046875 0.1297123015625 0.706101190625 0.12946428593749998 0.713045634375 0.127976190625 0.7167658734375 0.127728175 0.7207341265625 0.1262400796875 0.7232142859375 0.125 0.7232142859375 0.125 0.7708333328125 0.1262400796875 0.7708333328125 0.1289682546875 0.7735615078125
5 0.146329365625 0.6875 0.1525297625 0.7018849203124999 0.159226190625 0.7100694437499999 0.1641865078125 0.7123015875 0.16741071406250002 0.7123015875 0.17137896875 0.71552579375 0.171875 0.7177579359374999 0.1698908734375 0.7204861109375 0.20238095312499998 0.7242063484375 0.2053571421875 0.7229662703125 0.21031746093749998 0.7232142859375 0.2142857140625 0.724950396875 0.2202380953125 0.724950396875 0.22395833281250002 0.721230159375 0.22619047656250002 0.7083333328125 0.2266865078125 0.6976686515625 0.22395833281250002 0.6884920640625001 0.22445436562499999 0.6865079359374999 0.22594246093749998 0.6855158734375 0.22395833281250002 0.684771825 0.2227182546875 0.681299603125 0.21701388906250002 0.6741071421875 0.2147817453125 0.6696428578125 0.2140376984375 0.6641865078125 0.21552579375 0.655505953125 0.2175099203125 0.6545138890625 0.215277778125 0.6426091265625 0.20808531718749998 0.641369046875 0.20138888906250002 0.643353175 0.1939484125 0.643601190625 0.18799603125 0.6418650796875001 0.181795634375 0.6418650796875001 0.1798115078125 0.6443452375 0.1706349203125 0.6473214281249999 0.161954365625 0.653521825 0.1525297625 0.656994046875 0.1460813484375 0.6617063484375 0.140625 0.669146825 0.14087301562500001 0.6765873015625 0.14310515937499999 0.68154761875 0.143601190625 0.6852678578125 0.146329365625 0.6875
5 0.17881944375 0.5607638890625 0.19345238125 0.5518353171875 0.2021329359375 0.549603175 0.21701388906250002 0.5515873015625 0.21949404687500002 0.5535714281249999 0.22619047656250002 0.5555555562500001 0.234623015625 0.5605158734375 0.240575396875 0.5664682546875001 0.2462797625 0.574652778125 0.24925595312499998 0.57490079375 0.2519841265625 0.5694444437499999 0.2547123015625 0.568204365625 0.2571924609375 0.5644841265625 0.2564484125 0.5612599203124999 0.2571924609375 0.5483630953125 0.25446428593750003 0.5401785718750001 0.250248015625 0.533730159375 0.24925595312499998 0.5297619046875 0.2445436515625 0.52529761875 0.24429563437500001 0.5208333328125 0.2457837296875 0.5193452375 0.24826388906250002 0.5205853171875 0.24950396874999997 0.5230654765625 0.2519841265625 0.5220734125 0.2552083328125 0.5223214281249999 0.2571924609375 0.5176091265625 0.2579365078125 0.50967261875 0.2542162703125 0.5019841265625 0.24950396874999997 0.49950396875 0.24925595312499998 0.49801587343750003 0.24826388906250002 0.49950396875 0.24255952343749998 0.4987599203125 0.24032738125000003 0.497271825 0.2408234125 0.49404761875 0.2353670640625 0.497271825 0.231398809375 0.49627976250000005 0.2264384921875 0.49801587343750003 0.22123015937499999 0.5071924609375 0.2110615078125 0.51512896875 0.19469246093749998 0.521329365625 0.1835317453125 0.5322420640625001 0.17261904687500002 0.5481150796875001 0.1696428578125 0.5572916671875 0.16939484062500001 0.564980159375 0.1703869046875 0.5691964281249999 0.17212301562500001 0.5664682546875001 0.17881944375 0.5607638890625
5 0.2398313484375 0.48809523749999995 0.24107142812500001 0.48809523749999995 0.24330357187499999 0.491071428125 0.246527778125 0.49280753906249997 0.25 0.49280753906249997 0.252976190625 0.4987599203125 0.25669642812500004 0.50049603125 0.2601686515625 0.5049603171875 0.2619047625 0.5119047625 0.2609126984375 0.5198412703125 0.2517361109375 0.5332341265625 0.2554563484375 0.53447420625 0.256200396875 0.54092261875 0.25967261875 0.553075396875 0.2584325390625 0.55654761875 0.26116071406249997 0.5572916671875 0.2678571421875 0.54737103125 0.278521825 0.5138888890625 0.28447420625 0.5104166671875 0.29017857187499996 0.5101686515625 0.2946428578125 0.50595238125 0.2948908734375 0.502728175 0.297619046875 0.49776785781250005 0.299355159375 0.490575396875 0.299603175 0.4858630953125 0.29786706406249996 0.4764384921875 0.2953869046875 0.47296627031250005 0.290674603125 0.4702380953125 0.27008928593750003 0.46676587343750003 0.2455357140625 0.465773809375 0.24032738125000003 0.46676587343750003 0.23487103125000003 0.474950396875 0.23387896874999997 0.478174603125 0.2333829359375 0.484623015625 0.234375 0.49007936562500004 0.2380952375 0.49007936562500004 0.2398313484375 0.48809523749999995
5 0.36805555624999997 0.4925595234375 0.37177579375 0.49553571406249997 0.3797123015625 0.497271825 0.38616071406249997 0.5064484125 0.389880953125 0.5086805562500001 0.3958333328125 0.509424603125 0.4047619046875 0.506200396875 0.4208829359375 0.49404761875 0.42385912656249997 0.4890873015625 0.42757936562500004 0.47842261875 0.4283234125 0.46651785781250005 0.4144345234375 0.4513888890625 0.4072420640625 0.4481646828125 0.39930555624999997 0.44072420625 0.3955853171875 0.439980159375 0.3869047625 0.4422123015625 0.3834325390625 0.44469246093750003 0.37822420625 0.446428571875 0.369295634375 0.4548611109375 0.3648313484375 0.4613095234375 0.36036706406249996 0.47098214218749995 0.35838293593750004 0.47842261875 0.36036706406249996 0.4861111109375 0.3630952375 0.49032738125 0.36805555624999997 0.4925595234375
5 0.3420138890625 0.4987599203125 0.35243055624999997 0.4947916671875 0.3606150796875 0.4945436515625 0.362351190625 0.4898313484375 0.356894840625 0.47321428593750003 0.3501984125 0.4702380953125 0.34375 0.47073412656249997 0.34027777812500004 0.47271825468750006 0.32862103125000003 0.48660714218749995 0.3177083328125 0.5017361109375 0.3110119046875 0.51612103125 0.3110119046875 0.518601190625 0.3144841265625 0.5223214281249999 0.3167162703125 0.5233134921875 0.3420138890625 0.4987599203125
5 0.159226190625 0.862847221875 0.16468253906250002 0.8616071421875 0.1681547625 0.8578869046875001 0.1666666671875 0.8415178578125 0.1703869046875 0.828869046875 0.1696428578125 0.8144841265625 0.16592261875 0.8105158734375 0.162450396875 0.8023313484375001 0.1614583328125 0.796875 0.1582341265625 0.7946428578125 0.1547619046875 0.7896825390625 0.1542658734375 0.786954365625 0.1498015875 0.7849702375 0.1483134921875 0.7818286203125 0.1483134921875 0.7790178578125 0.146825396875 0.7775297625 0.143353175 0.7775297625 0.14136904687500002 0.7765376984375 0.137648809375 0.7775297625 0.1351686515625 0.7757936515625 0.1329365078125 0.7767857140625 0.125 0.7762896828125 0.125 0.862847221875 0.1292162703125 0.8635912703124999 0.159226190625 0.862847221875
5 0.1669146828125 0.7978670640625001 0.1671626984375 0.80282738125 0.1698908734375 0.8058035718750001 0.1738591265625 0.8139880953124999 0.1741071421875 0.818204365625 0.1765873015625 0.82490079375 0.17435515937499999 0.828869046875 0.17286706406250002 0.8296130953124999 0.16939484062500001 0.837549603125 0.16840277812499999 0.843501984375 0.169146825 0.8492063484375001 0.17162698437499999 0.8556547625 0.1733630953125 0.8648313484375001 0.1852678578125 0.888144840625 0.190476190625 0.893601190625 0.196428571875 0.896825396875 0.21155753906250002 0.89657738125 0.21701388906250002 0.8950892859374999 0.2229662703125 0.89112103125 0.23363095312499998 0.887152778125 0.240575396875 0.8826884921874999 0.24404761874999997 0.8764880953124999 0.2547123015625 0.8730158734375 0.25669642812500004 0.869295634375 0.2604166671875 0.8658234125 0.2673611109375 0.856398809375 0.2705853171875 0.8487103171875001 0.26661706406249996 0.838045634375 0.265376984375 0.8301091265625 0.2609126984375 0.824652778125 0.2547123015625 0.81299603125 0.252480159375 0.8060515875 0.24677579375 0.7988591265625 0.2435515875 0.79637896875 0.237847221875 0.7951388890625 0.221044146875 0.7958829359374999 0.21800595312499998 0.7946428578125 0.2172619046875 0.7921626984375 0.2147817453125 0.790674603125 0.2147817453125 0.786954365625 0.2085813484375 0.7832341265625 0.20585317500000003 0.784226190625 0.20262896874999997 0.7829861109375 0.1917162703125 0.7822420640625001 0.1832837296875 0.7790178578125 0.17633928593749998 0.777777778125 0.17137896875 0.778769840625 0.1671626984375 0.778273809375 0.16344246093749998 0.7792658734375 0.162450396875 0.780505953125 0.1612103171875 0.786954365625 0.1644345234375 0.7924107140625 0.1644345234375 0.7956349203124999 0.1669146828125 0.7978670640625001
5 0.2929067453125 0.8603670640625 0.302579365625 0.8603670640625 0.30555555624999997 0.8616071421875 0.3172123015625 0.86259920625 0.3345734125 0.856646825 0.344494046875 0.8514384921874999 0.349454365625 0.8474702375 0.3551587296875 0.83779761875 0.35838293593750004 0.82862103125 0.359623015625 0.81845238125 0.35838293593750004 0.794394840625 0.3521825390625 0.775049603125 0.344494046875 0.7678571421875 0.343005953125 0.76240079375 0.341021825 0.7604166671875 0.3415178578125 0.7569444437499999 0.34325396874999997 0.755704365625 0.343501984375 0.7514880953125 0.340773809375 0.7480158734375 0.34052579375 0.74404761875 0.3417658734375 0.7380952375 0.341269840625 0.7326388890625 0.33779761875 0.728174603125 0.33407738125 0.728174603125 0.327876984375 0.7242063484375 0.3226686515625 0.724950396875 0.31845238125 0.734126984375 0.3162202375 0.740079365625 0.31597222187499996 0.7435515875 0.3139880953125 0.747519840625 0.3172123015625 0.7514880953125 0.3137400796875 0.762648809375 0.315476190625 0.7668650796875001 0.3142361109375 0.7723214281249999 0.31150793593750004 0.7743055562500001 0.30902777812500004 0.781001984375 0.3048115078125 0.7832341265625 0.3018353171875 0.7876984125 0.299603175 0.7886904765625 0.29340277812500004 0.7881944437499999 0.2876984125 0.7901785718750001 0.2862103171875 0.79092261875 0.283978175 0.7951388890625 0.2770337296875 0.796875 0.2760416671875 0.8015873015625001 0.2728174609375 0.8020833328125001 0.268601190625 0.8142361109375 0.2676091265625 0.8201884921874999 0.2676091265625 0.8298611109375 0.2728174609375 0.843998015625 0.28472222187499996 0.8551587296875001 0.2929067453125 0.8603670640625
5 0.28472222187499996 0.8799603171875001 0.2876984125 0.8819444437499999 0.2886904765625 0.88467261875 0.2904265875 0.8856646828124999 0.294394840625 0.8864087296875001 0.296130953125 0.888144840625 0.3048115078125 0.8888888890625 0.3105158734375 0.888144840625 0.31349206406249996 0.8893849203125 0.330853175 0.8916170640625 0.3390376984375 0.8923611109375 0.343998015625 0.8916170640625 0.3477182546875 0.8928571421875 0.3551587296875 0.893105159375 0.359126984375 0.8955853171875001 0.3611111109375 0.90029761875 0.3643353171875 0.9042658734375 0.3665674609375 0.9052579359375 0.38169642812500004 0.90625 0.38392857187499996 0.9072420640625 0.4045138890625 0.906498015625 0.41071428593750003 0.9050099203125 0.4164186515625 0.9017857140625001 0.421875 0.896329365625 0.42881944375 0.8772321421875 0.428075396875 0.8606150796875 0.42509920625 0.85987103125 0.41964285781250005 0.8608630953124999 0.41790674531249994 0.86259920625 0.41071428593750003 0.865079365625 0.4077380953125 0.8670634921874999 0.38963293593750004 0.8680555562500001 0.36904761875 0.8616071421875 0.3616071421875 0.856398809375 0.3551587296875 0.849454365625 0.35267857187499996 0.8484623015625001 0.33159722187499996 0.859375 0.32465277812500004 0.85987103125 0.3196924609375 0.862103175 0.3077876984375 0.86259920625 0.299355159375 0.8603670640625 0.2948908734375 0.8606150796875 0.2916666671875 0.85987103125 0.2862103171875 0.856398809375 0.284226190625 0.856398809375 0.281994046875 0.859375 0.2790178578125 0.8611111109375 0.278769840625 0.8660714281249999 0.2800099203125 0.8727678578125 0.2834821421875 0.8759920640625 0.28472222187499996 0.8799603171875001
5 0.43344915625 0.8978174609374999 0.43675595312500004 0.8993055562500001 0.43948412656249997 0.902777778125 0.4427083328125 0.9117063484375001 0.44866071406249997 0.91865079375 0.466021825 0.928075396875 0.4779265875 0.931299603125 0.4893353171875 0.9335317453125 0.5014880953125 0.9322916671874999 0.5106646828125 0.92782738125 0.5200892859375 0.916170634375 0.5208333328125 0.9082341265625 0.5178571421875 0.9047619046875001 0.5176091265625 0.900049603125 0.515376984375 0.8980654765624999 0.5136408734375 0.89384920625 0.5138888890625 0.888144840625 0.5176091265625 0.8767361109375 0.521329365625 0.869295634375 0.5240575390625 0.8663194437499999 0.5260416671875 0.8608630953124999 0.519097221875 0.849950396875 0.5138888890625 0.8449900796875 0.5071924609375 0.841269840625 0.484126984375 0.8370535718750001 0.46453372968749995 0.8395337296875001 0.46031746093750003 0.841021825 0.4513888890625 0.8477182546875 0.4424603171875 0.856646825 0.43402777812500004 0.85615079375 0.4325396828125 0.8573908734375 0.43303571406249997 0.8613591265625 0.43055555625 0.8697916671874999 0.4298115078125 0.881200396875 0.4270833328125 0.888144840625 0.4268353171875 0.893105159375 0.428075396875 0.8960813484375001 0.430803571875 0.8978174609374999 0.43344915625 0.8978174609374999
5 0.521329365625 0.9072420640625 0.5243055562500001 0.9131944437499999 0.54092261875 0.9288194437499999 0.549355159375 0.9352678578125 0.5625 0.940972221875 0.565476190625 0.943204365625 0.5731646828125 0.9446924609374999 0.580605159375 0.9439484125 0.5915178578125 0.9330357140625001 0.6001984125 0.9198908734375 0.609623015625 0.896825396875 0.609375 0.8923611109375 0.6056547625 0.8839285718750001 0.599454365625 0.8735119046875001 0.59325396875 0.8670634921874999 0.5699404765625 0.84970238125 0.556299603125 0.8425099203125 0.5481150796875001 0.843501984375 0.546130953125 0.8457341265625 0.5419146828125 0.8474702375 0.5396825390625 0.8501984125 0.5334821421875 0.8519345234375001 0.5322420640625001 0.8551587296875001 0.5272817453124999 0.8608630953124999 0.5171130953125 0.8767361109375 0.5141369046875 0.8864087296875001 0.5138888890625 0.893353175 0.5166170640625001 0.9012896828124999 0.5178571421875 0.9042658734375 0.521329365625 0.9072420640625
5 0.50049603125 0.8348214281249999 0.5017361109375 0.837549603125 0.5071924609375 0.8395337296875001 0.5114087296875 0.8427579359375 0.5166170640625001 0.8449900796875 0.5198412703125 0.849454365625 0.5290178578125 0.855902778125 0.53075396875 0.85615079375 0.5334821421875 0.8529265875 0.5419146828125 0.849454365625 0.546130953125 0.846726190625 0.5481150796875001 0.84375 0.5548115078125 0.8415178578125 0.5533234125 0.8370535718750001 0.5535714281249999 0.833829365625 0.5483630953125 0.8271329359375 0.546130953125 0.827876984375 0.5332341265625 0.827380953125 0.5047123015625 0.8179563484375001 0.5012400796875001 0.8177083328125001 0.499751984375 0.818204365625 0.499751984375 0.8191964281249999 0.5012400796875001 0.825396825 0.50049603125 0.8348214281249999
5 0.44122023749999995 0.8345734125 0.4484126984375 0.8395337296875001 0.4518849203125 0.8392857140625001 0.4548611109375 0.840773809375 0.46031746093750003 0.8387896828124999 0.474950396875 0.8360615078125001 0.4831349203125 0.830853175 0.484623015625 0.8268849203125 0.48487103125 0.8216765875 0.48834325468750006 0.8142361109375 0.46949404687499996 0.7904265875 0.4578373015625 0.786954365625 0.450396825 0.7867063484375 0.4451884921875 0.78720238125 0.43824404687499996 0.79092261875 0.4375 0.7948908734375 0.4389880953125 0.8072916671874999 0.43973214218749995 0.8350694437499999 0.44122023749999995 0.8345734125
5 0.5825892859375 0.8581349203125 0.5897817453124999 0.8608630953124999 0.5949900796875001 0.8645833328125001 0.6081349203124999 0.8670634921874999 0.6180555562500001 0.8673115078125001 0.627480159375 0.8663194437499999 0.6386408734375 0.8613591265625 0.650545634375 0.84970238125 0.6542658734375 0.841021825 0.656001984375 0.8328373015625001 0.65674603125 0.8050595234375001 0.653769840625 0.790674603125 0.6510416671875 0.78447420625 0.6428571421875 0.7757936515625 0.640873015625 0.7695932546875001 0.637648809375 0.766369046875 0.63740079375 0.765625 0.6421130953125 0.7636408734375 0.64112103125 0.762152778125 0.6423611109375 0.7614087296875 0.643105159375 0.7564484125 0.6423611109375 0.7480158734375 0.6391369046875 0.7428075390625 0.6331845234375 0.7363591265625 0.6269841265625 0.740079365625 0.6227678578125 0.7455357140625 0.60987103125 0.747519840625 0.606894840625 0.7517361109375 0.6039186515625 0.750744046875 0.6004464281249999 0.7519841265625 0.5947420640625001 0.7643849203124999 0.5833333328125 0.771825396875 0.581597221875 0.7745535718750001 0.5798611109375 0.7832341265625 0.5672123015625 0.81299603125 0.5647321421875 0.815476190625 0.565228175 0.8330853171875001 0.5701884921875 0.843998015625 0.5734126984375 0.8489583328125001 0.5825892859375 0.8581349203125
5 0.35243055624999997 0.75967261875 0.35342261875 0.7633928578125 0.3578869046875 0.7638888890625 0.375 0.755704365625 0.375 0.7517361109375 0.377728175 0.7480158734375 0.3772321421875 0.74404761875 0.3804563484375 0.740079365625 0.3829365078125 0.7331349203124999 0.390873015625 0.7224702375 0.396825396875 0.719494046875 0.4015376984375 0.71825396875 0.41592261875 0.719494046875 0.422123015625 0.7227182546875001 0.42534722187499996 0.7259424609375 0.428075396875 0.7266865078125 0.4310515875 0.7301587296875 0.439980159375 0.7274305562500001 0.4422123015625 0.728670634375 0.45882936562500004 0.7294146828125 0.4632936515625 0.7304067453124999 0.466021825 0.7323908734375 0.4796626984375 0.7321428578125 0.497519840625 0.7251984125 0.5044642859375 0.7197420640625001 0.505704365625 0.716269840625 0.50595238125 0.7041170640625001 0.5039682546875001 0.69345238125 0.5014880953125 0.687748015625 0.49429563437499996 0.6855158734375 0.4925595234375 0.6820436515625 0.4895833328125 0.6795634921875 0.4826388890625 0.6579861109375 0.477678571875 0.652777778125 0.474950396875 0.646329365625 0.46180555625 0.65029761875 0.456101190625 0.6545138890625 0.44866071406249997 0.656994046875 0.44320436562500004 0.6602182546875001 0.44146825468750006 0.661954365625 0.440476190625 0.668402778125 0.4362599203125 0.677579365625 0.4325396828125 0.6795634921875 0.428075396875 0.6800595234375 0.42113095312500004 0.684771825 0.4154265875 0.68700396875 0.4126984125 0.689980159375 0.40228174531249994 0.6939484125 0.3970734125 0.6954365078125 0.3928571421875 0.6939484125 0.38963293593750004 0.6966765875 0.3834325390625 0.6964285718750001 0.381200396875 0.6954365078125 0.37822420625 0.6991567453124999 0.3730158734375 0.700148809375 0.3665674609375 0.7041170640625001 0.365575396875 0.7051091265625 0.365079365625 0.708829365625 0.3633432546875 0.7108134921875 0.3606150796875 0.7118055562500001 0.3576388890625 0.7147817453124999 0.3519345234375 0.7170138890625 0.3484623015625 0.7209821421875 0.346230159375 0.7296626984375 0.346726190625 0.7445436515625 0.3487103171875 0.756200396875 0.35243055624999997 0.75967261875
5 0.3945932546875 0.6951884921875 0.3960813484375 0.6956845234375 0.3990575390625 0.69345238125 0.41319444375 0.6884920640625001 0.419394840625 0.6852678578125 0.421626984375 0.677579365625 0.419146825 0.674603175 0.4126984125 0.6733630953125 0.4074900796875 0.6703869046875 0.40178571406249997 0.6698908734375 0.388144840625 0.67782738125 0.380704365625 0.67782738125 0.3787202375 0.6765873015625 0.375248015625 0.6773313484375 0.372271825 0.6830357140625 0.372519840625 0.690476190625 0.375248015625 0.6956845234375 0.37847222187499996 0.6981646828125 0.3945932546875 0.6951884921875
5 0.4045138890625 0.6698908734375 0.4072420640625 0.669146825 0.4114583328125 0.6701388890625 0.4298115078125 0.677579365625 0.43154761875 0.677579365625 0.437748015625 0.6703869046875 0.4392361109375 0.6579861109375 0.4375 0.65674603125 0.431299603125 0.6545138890625 0.4228670640625 0.653521825 0.4166666671875 0.650049603125 0.412946428125 0.6510416671875 0.41046627031250005 0.6475694437499999 0.4079861109375 0.646825396875 0.40625 0.65029761875 0.406498015625 0.6545138890625 0.40823412656249997 0.659226190625 0.4050099203125 0.665674603125 0.4045138890625 0.6698908734375
5 0.2738095234375 0.66865079375 0.2740575390625 0.6696428578125 0.27802579375 0.6708829359374999 0.2988591265625 0.67137896875 0.3020833328125 0.6728670640625001 0.3085317453125 0.672619046875 0.3107638890625 0.6738591265625 0.3144841265625 0.6741071421875 0.3196924609375 0.671875 0.3293650796875 0.6706349203124999 0.3363095234375 0.6669146828125 0.34275793593750004 0.6664186515625 0.346726190625 0.6679067453124999 0.3489583328125 0.671130953125 0.3546626984375 0.674355159375 0.3665674609375 0.6738591265625 0.3727678578125 0.674851190625 0.384424603125 0.6708829359374999 0.3958333328125 0.669146825 0.40178571406249997 0.6641865078125 0.4047619046875 0.6636904765625 0.40625 0.661954365625 0.4072420640625 0.6582341265625 0.4047619046875 0.6227678578125 0.39930555624999997 0.6009424609375 0.3928571421875 0.593005953125 0.389880953125 0.59325396875 0.38740079375 0.5917658734375 0.37549603125000003 0.5917658734375 0.3611111109375 0.5952380953125 0.3541666671875 0.5987103171875 0.34722222187499996 0.6046626984375 0.3382936515625 0.6073908734375 0.3355654765625 0.6145833328125 0.33407738125 0.6230158734375 0.327876984375 0.625 0.3177083328125 0.6264880953125 0.3085317453125 0.6302083328125 0.29365079375 0.634424603125 0.290674603125 0.6369047625 0.287450396875 0.6366567453124999 0.2849702375 0.637648809375 0.283730159375 0.6383928578125 0.281498015625 0.643601190625 0.275049603125 0.6495535718750001 0.27256944375000003 0.6540178578125 0.2728174609375 0.6604662703125 0.27455357187499996 0.6617063484375 0.2738095234375 0.66865079375
5 0.47271825468750006 0.57862103125 0.47470238125 0.5900297625 0.478174603125 0.5957341265625 0.47867063437499996 0.599454365625 0.4828869046875 0.6073908734375 0.484375 0.6145833328125 0.4796626984375 0.6227678578125 0.47569444375 0.6269841265625 0.4751984125 0.6354166671875 0.4761904765625 0.6426091265625 0.4779265875 0.6493055562500001 0.48015872968749995 0.6542658734375 0.484623015625 0.6599702375 0.49032738125 0.6770833328125 0.4925595234375 0.6805555562500001 0.4982638890625 0.684771825 0.51612103125 0.684027778125 0.5267857140625 0.6825396828125 0.530505953125 0.6805555562500001 0.5334821421875 0.6803075390625 0.5394345234375 0.6768353171875 0.5416666671875 0.674355159375 0.5510912703125 0.67137896875 0.556795634375 0.6679067453124999 0.562748015625 0.6582341265625 0.5639880953125 0.65029761875 0.5637400796875001 0.6421130953125 0.5587797625 0.6267361109375 0.556299603125 0.6232638890625 0.5518353171875 0.6130952375 0.5483630953125 0.608630953125 0.5431547625 0.6078869046875 0.5394345234375 0.6026785718750001 0.5364583328125 0.6021825390625 0.533978175 0.599454365625 0.5265376984375 0.5959821421875 0.521825396875 0.5873015875 0.5133928578125 0.56200396875 0.4990079359375 0.5426587296875 0.49553571406249997 0.541170634375 0.48834325468750006 0.5431547625 0.48363095312500004 0.5426587296875 0.47718253906249997 0.547123015625 0.474950396875 0.54637896875 0.47197420625 0.5510912703125 0.46924603125 0.5642361109375 0.468998015625 0.5689484125 0.47098214218749995 0.5734952875 0.47098214218749995 0.5761408734375 0.47271825468750006 0.57862103125
5 0.575148809375 0.7410714281249999 0.58134920625 0.7415674609375 0.5865575390625 0.744295634375 0.5885416671875 0.7410714281249999 0.59052579375 0.740079365625 0.5922619046875 0.74404761875 0.5949900796875001 0.7460317453124999 0.6039186515625 0.7460317453124999 0.609375 0.7452876984375 0.6158234125 0.7420634921875 0.6175595234375 0.740079365625 0.6168154765625 0.73759920625 0.622023809375 0.7366071421875 0.622271825 0.737351190625 0.62450396875 0.737351190625 0.6264880953125 0.7361111109375 0.627214421875 0.731995259375 0.6328432546875 0.7334776781250001 0.6277046125 0.6889417156250001 0.624751984375 0.68154761875 0.621527778125 0.6783234125 0.6195436515625 0.67782738125 0.6180555562500001 0.6738591265625 0.6140873015625 0.6736111109375 0.6111111109375 0.672123015625 0.606894840625 0.6264880953125 0.6054067453124999 0.618799603125 0.6019345234375 0.6106150796875001 0.5920138890625 0.6024305562500001 0.5803571421875 0.6014384921875 0.5716765875 0.6054067453124999 0.5704365078125 0.6078869046875 0.5667162703125 0.6113591265625 0.562748015625 0.618799603125 0.562251984375 0.6230158734375 0.5637400796875001 0.6262400796875001 0.56299603125 0.63095238125 0.5667162703125 0.6423611109375 0.5667162703125 0.655505953125 0.5677083328125 0.6574900796875001 0.564980159375 0.6646825390625 0.56572420625 0.6765873015625 0.5587797625 0.68154761875 0.5575396828125 0.6805555562500001 0.5560515875 0.68154761875 0.5550595234375 0.6862599203124999 0.552579365625 0.6892361109375 0.550347221875 0.7013888890625 0.5488591265625 0.7048611109375 0.5488591265625 0.7172619046875 0.5510912703125 0.7242063484375 0.560019840625 0.72842261875 0.5669642859375 0.7264384921875 0.575148809375 0.7410714281249999
5 0.60887896875 0.6515376984375 0.6108630953125 0.6698908734375 0.612847221875 0.67237103125 0.624751984375 0.6790674609375 0.6287202375 0.688244046875 0.6336805562500001 0.70634920625 0.6364087296875 0.70907738125 0.6416170640625001 0.7085813484375 0.6445932546875001 0.7046130953125 0.6483134921875 0.6830357140625 0.6483134921875 0.672619046875 0.6470734125 0.66592261875 0.640873015625 0.659722221875 0.63740079375 0.653769840625 0.6388888890625 0.6460813484375 0.6428571421875 0.6391369046875 0.6426091265625 0.6339285718750001 0.643601190625 0.6314484125 0.643105159375 0.6183035718750001 0.644097221875 0.615575396875 0.6443452375 0.606894840625 0.6423611109375 0.5917658734375 0.637896825 0.5870535718750001 0.6304563484375 0.5860615078125 0.62450396875 0.587549603125 0.6195436515625 0.590277778125 0.606894840625 0.5920138890625 0.603174603125 0.6026785718750001 0.603670634375 0.6116071421875 0.60615079375 0.6183035718750001 0.6078869046875 0.627976190625 0.60887896875 0.6515376984375
5 0.57862103125 0.49032738125 0.5818452375 0.4953702875 0.5818452375 0.49801587343750003 0.5850694437499999 0.5009920640625001 0.5870535718750001 0.5066964281249999 0.590773809375 0.509920634375 0.5887896828125 0.5138888890625 0.59375 0.5171130953125 0.5917658734375 0.5208333328125 0.593501984375 0.5265376984375 0.59325396875 0.5292658734375 0.59052579375 0.536954365625 0.5870535718750001 0.5396825390625 0.5863095234375 0.5426587296875 0.5863095234375 0.5491071421875 0.5885416671875 0.5625 0.59325396875 0.5709325390625 0.5982142859375 0.5761408734375 0.6009424609375 0.583829365625 0.6039186515625 0.5865575390625 0.609623015625 0.588045634375 0.6183035718750001 0.58779761875 0.6272321421875 0.5860615078125 0.6314484125 0.5833333328125 0.6364087296875 0.5820932546875001 0.6475694437499999 0.5768849203124999 0.6512896828125 0.5763888890625 0.6644345234375 0.5642361109375 0.668402778125 0.556795634375 0.6681547625 0.55282738125 0.659226190625 0.5329861109375 0.6522817453124999 0.5238095234375 0.6359126984375 0.49801587343750003 0.6331845234375 0.49603174531249994 0.6294642859375 0.49627976250000005 0.627480159375 0.4950396828125 0.624255953125 0.4947916671875 0.621527778125 0.4895833328125 0.6173115078125 0.48511904687499996 0.615575396875 0.48065476250000005 0.612847221875 0.47842261875 0.6130952375 0.4742063484375 0.6108630953125 0.47073412656249997 0.603670634375 0.46478174531249994 0.6019345234375 0.46527777812500004 0.5992063484375 0.462053571875 0.5974702375 0.46180555625 0.5917658734375 0.46453372968749995 0.5863095234375 0.46428571406249997 0.580853175 0.466269840625 0.5763888890625 0.471478175 0.5761408734375 0.475446428125 0.5803571421875 0.47842261875 0.581597221875 0.48115079375 0.57862103125 0.49032738125
5 0.568700396875 0.6009424609375 0.5741567453124999 0.6029265875 0.5771329359374999 0.6016865078125 0.5853174609375 0.6009424609375 0.593501984375 0.6014384921875 0.5949900796875001 0.6026785718750001 0.6014384921875 0.5959821421875 0.6039186515625 0.5882936515625 0.5992063484375 0.5833333328125 0.596478175 0.5761408734375 0.591269840625 0.56845238125 0.5835813484375 0.56200396875 0.57862103125 0.563244046875 0.572420634375 0.5701884921875 0.5689484125 0.571924603125 0.5642361109375 0.577380953125 0.562251984375 0.5835813484375 0.561755953125 0.588045634375 0.5634920640625001 0.5915178578125 0.5637400796875001 0.5957341265625 0.568700396875 0.6009424609375
5 0.580853175 0.547123015625 0.5833333328125 0.546130953125 0.5882936515625 0.5381944437499999 0.5927579359374999 0.534722221875 0.594494046875 0.5292658734375 0.593501984375 0.5220734125 0.591269840625 0.5176091265625 0.5892857140625 0.515625 0.5860615078125 0.5146329359374999 0.5850694437499999 0.5173611109375 0.578869046875 0.5220734125 0.5766369046875 0.52529761875 0.5771329359374999 0.5292658734375 0.575644840625 0.533730159375 0.5791170640625001 0.5446428578125 0.580853175 0.547123015625
5 0.53075396875 0.597222221875 0.5334821421875 0.5979662703125 0.5367063484375 0.6024305562500001 0.5426587296875 0.6044146828125 0.5453869046875 0.6073908734375 0.549851190625 0.6078869046875 0.5518353171875 0.6106150796875001 0.5560515875 0.6135912703125 0.560019840625 0.61904761875 0.5625 0.6116071421875 0.5694444437499999 0.603670634375 0.5714285718750001 0.60342261875 0.5672123015625 0.6019345234375 0.565972221875 0.5982142859375 0.5612599203124999 0.5917658734375 0.560019840625 0.5863095234375 0.556795634375 0.5848214281249999 0.559027778125 0.5801091265625 0.556795634375 0.5796130953125 0.5555555562500001 0.581101190625 0.5538194437499999 0.581101190625 0.5523313484375 0.5791170640625001 0.5404265875 0.5739087296875 0.5364583328125 0.56845238125 0.533978175 0.5615079359374999 0.53075396875 0.5585317453124999 0.5245535718750001 0.559523809375 0.5178571421875 0.562251984375 0.51612103125 0.5642361109375 0.515873015625 0.568700396875 0.5176091265625 0.575644840625 0.5248015875 0.5920138890625 0.53075396875 0.597222221875
5 0.52157738125 0.7018849203124999 0.525049603125 0.702876984375 0.5295138890625 0.7113095234375 0.53125 0.7167658734375 0.531994046875 0.7197420640625001 0.531498015625 0.724454365625 0.5362103171875 0.7261904765625 0.5389384921875 0.7251984125 0.5431547625 0.7259424609375 0.54737103125 0.724454365625 0.5486111109375 0.718005953125 0.5483630953125 0.702876984375 0.5513392859375 0.688244046875 0.553075396875 0.6855158734375 0.5533234125 0.6820436515625 0.5560515875 0.67782738125 0.5535714281249999 0.672619046875 0.5510912703125 0.671875 0.546130953125 0.675347221875 0.540674603125 0.677579365625 0.537450396875 0.6803075390625 0.5324900796875001 0.681299603125 0.528769840625 0.684027778125 0.519097221875 0.6855158734375 0.5138888890625 0.68799603125 0.5136408734375 0.693204365625 0.515873015625 0.7018849203124999 0.518353175 0.703125 0.52157738125 0.7018849203124999
5 0.3162202375 0.5709325390625 0.3226686515625 0.580853175 0.33134920625 0.5803571421875 0.3328373015625 0.5793650796875001 0.333829365625 0.5768849203124999 0.3333333328125 0.5679563484375 0.3355654765625 0.5639880953125 0.3373015875 0.5634920640625001 0.34275793593750004 0.55654761875 0.34821428593750003 0.552579365625 0.35491071406249997 0.5456349203124999 0.3576388890625 0.5446428578125 0.3695436515625 0.5322420640625001 0.375248015625 0.5228174609375 0.3769841265625 0.513144840625 0.375248015625 0.5084325390625 0.37053571406249997 0.502728175 0.3695436515625 0.5 0.362351190625 0.4947916671875 0.3608630953125 0.4918154765625 0.356894840625 0.49429563437499996 0.34970238125 0.49429563437499996 0.346726190625 0.497023809375 0.3397817453125 0.50049603125 0.33159722187499996 0.5079365078125 0.3293650796875 0.51240079375 0.325644840625 0.5146329359374999 0.32217261875 0.519097221875 0.31944444375000003 0.5203373015625 0.313244046875 0.5270337296875 0.3085317453125 0.534722221875 0.3053075390625 0.537450396875 0.30009920625 0.5379464281249999 0.296626984375 0.5327380953125 0.297123015625 0.531001984375 0.3005952375 0.5292658734375 0.2981150796875 0.5290178578125 0.29637896874999997 0.5292658734375 0.2904265875 0.5354662703125 0.2894345234375 0.5384424609375 0.29017857187499996 0.5488591265625 0.29241071406249997 0.552579365625 0.3112599203125 0.565972221875 0.3162202375 0.5709325390625
5 0.37822420625 0.547619046875 0.3893849203125 0.5458829359374999 0.40029761875 0.54637896875 0.40575396875 0.54737103125 0.41964285781250005 0.5533234125 0.421875 0.5518353171875 0.42385912656249997 0.5478670640625001 0.4265873015625 0.5329861109375 0.42509920625 0.53125 0.41964285781250005 0.53125 0.41195436562500004 0.5275297625 0.408730159375 0.52157738125 0.406498015625 0.50967261875 0.40401785781250005 0.5084325390625 0.3980654765625 0.5101686515625 0.38715277812500004 0.50967261875 0.3851686515625 0.5106646828125 0.37847222187499996 0.518105159375 0.37599206406249996 0.5245535718750001 0.3702876984375 0.533978175 0.3700396828125 0.537450396875 0.37152777812500004 0.5414186515625 0.375248015625 0.546130953125 0.37822420625 0.547619046875
5 0.3727678578125 0.5915178578125 0.3772321421875 0.5895337296875 0.3888888890625 0.5892857140625 0.3923611109375 0.59052579375 0.40178571406249997 0.5979662703125 0.4074900796875 0.5977182546875001 0.40823412656249997 0.5959821421875 0.41765872968749995 0.588045634375 0.42137896875 0.5835813484375 0.42509920625 0.5729166671875 0.42509920625 0.5612599203124999 0.42385912656249997 0.5582837296875 0.4203869046875 0.5548115078125 0.4154265875 0.5518353171875 0.4077380953125 0.549603175 0.40426587343750003 0.546875 0.38963293593750004 0.5458829359374999 0.381200396875 0.5481150796875001 0.37450396874999997 0.553075396875 0.37177579375 0.5570436515625 0.3695436515625 0.5639880953125 0.368799603125 0.5716765875 0.369295634375 0.5850694437499999 0.3685515875 0.588045634375 0.3707837296875 0.591021825 0.3727678578125 0.5915178578125
5 0.3397817453125 0.603670634375 0.3459821421875 0.603670634375 0.353174603125 0.5977182546875001 0.359126984375 0.5954861109375 0.3640873015625 0.5920138890625 0.36631944375000003 0.5830853171875 0.368799603125 0.5642361109375 0.3710317453125 0.5575396828125 0.37450396874999997 0.55282738125 0.3737599203125 0.5508432546875001 0.3643353171875 0.544146825 0.3606150796875 0.5446428578125 0.3521825390625 0.550347221875 0.34474206406249996 0.5615079359374999 0.3355654765625 0.5796130953125 0.33258928593750003 0.5895337296875 0.331101190625 0.591269840625 0.330853175 0.596230159375 0.3318452375 0.599454365625 0.334325396875 0.6019345234375 0.3397817453125 0.603670634375
5 0.30803571406249997 0.6299603171875 0.313244046875 0.627976190625 0.322420634375 0.627480159375 0.33258928593750003 0.6237599203124999 0.33705357187499996 0.60987103125 0.34027777812500004 0.6071428578125 0.33134920625 0.6029265875 0.3196924609375 0.6044146828125 0.315228175 0.6073908734375 0.312251984375 0.6108630953125 0.3105158734375 0.615079365625 0.30803571406249997 0.6158234125 0.306299603125 0.6230158734375 0.3043154765625 0.6267361109375 0.3053075390625 0.6294642859375 0.30803571406249997 0.6299603171875
5 0.419394840625 0.5295138890625 0.4283234125 0.5295138890625 0.43030753906249997 0.5270337296875 0.43402777812500004 0.525545634375 0.43675595312500004 0.52157738125 0.440228175 0.521825396875 0.44444444375 0.5203373015625 0.450148809375 0.5200892859375 0.4543650796875 0.5203373015625 0.45709325468750006 0.5220734125 0.46304563437499996 0.5233134921875 0.47222222187499996 0.5290178578125 0.47842261875 0.5295138890625 0.48214285781250005 0.528521825 0.49925595312500004 0.5297619046875 0.5069444437499999 0.528273809375 0.515873015625 0.525049603125 0.5223214281249999 0.521825396875 0.5270337296875 0.5173611109375 0.5290178578125 0.5138888890625 0.5300099203124999 0.5089285718750001 0.5302579359374999 0.4935515875 0.527777778125 0.48214285781250005 0.5210813484375 0.4739583328125 0.5200892859375 0.46949404687499996 0.51612103125 0.4632936515625 0.5101686515625 0.45758928593750003 0.5037202375 0.4548611109375 0.4950396828125 0.4541170640625 0.4898313484375 0.455853175 0.47222222187499996 0.4580853171875 0.4632936515625 0.4610615078125 0.45684523749999995 0.4670138890625 0.45262896875 0.47743055625 0.444196428125 0.48809523749999995 0.43303571406249997 0.493303571875 0.42559523749999995 0.493799603125 0.41741071406249997 0.499751984375 0.4126984125 0.5014880953125 0.408978175 0.505704365625 0.40848214218749995 0.50967261875 0.40823412656249997 0.5136408734375 0.41071428593750003 0.5223214281249999 0.4136904765625 0.5267857140625 0.419394840625 0.5295138890625
5 0.2792658734375 0.8866567453125 0.28720238125 0.88467261875 0.28447420625 0.881200396875 0.281001984375 0.8697916671874999 0.28125 0.8606150796875 0.28472222187499996 0.8571428578125 0.283730159375 0.8578869046875001 0.28025793593750004 0.8519345234375001 0.2728174609375 0.8459821421875 0.2619047625 0.8640873015625001 0.2574404765625 0.8683035718750001 0.255704365625 0.87177579375 0.252480159375 0.874255953125 0.24479166718749998 0.8767361109375 0.24305555625 0.8799603171875001 0.24280753906250002 0.88467261875 0.2490079359375 0.887152778125 0.2673611109375 0.887896825 0.2792658734375 0.8866567453125
5 0.268353175 0.7956349203124999 0.2678571421875 0.7931547625 0.2668650796875 0.7914186515625 0.2636408734375 0.7926587296875 0.2619047625 0.7946428578125 0.263144840625 0.7986111109375 0.2668650796875 0.800347221875 0.268353175 0.7956349203124999
5 0.5654794140625 0.5752123015625 0.573512153125 0.56379761875 0.575203125 0.5519598218749999 0.5713983140625001 0.5156014390625 0.58069915625 0.504609375 0.5785853171875 0.4906577375 0.5726666671875 0.4805111609375 0.573512153125 0.4716329359375 0.573512153125 0.46275471250000005 0.5637884421875 0.45725868125 0.5515280265625 0.4555674609375 0.538844990625 0.458949653125 0.5308122515625 0.4631775796875 0.52320238125 0.46782787656249997 0.521934028125 0.47290128906250006 0.5282755453125 0.48473883906250004 0.5303896328125 0.49615377031249996 0.5325034718749999 0.5058774796875001 0.529701884375 0.5136096234374999 0.533771578125 0.562951884375 0.539267609375 0.5735213296875 0.5532189984375 0.5764806546875 0.5654794140625 0.5752123015625
5 0.4813482140625 0.545618303125 0.49360838281249997 0.5451954359375 0.5029094734374999 0.54688665625 0.5037549609374999 0.5435044640625 0.5037549609374999 0.535048859375 0.49656795625 0.5303983140625 0.4864213796875 0.5291302078125 0.47295064531250003 0.5308209328125 0.4707787703125 0.549423115625 0.475429315625 0.5481550093750001 0.4813482140625 0.545618303125
5 0.22218973281249998 0.6521572421874999 0.2166937 0.6593442453125 0.21542534687499998 0.66610863125 0.21838492031249998 0.676678075 0.2314908234375 0.6851334328124999 0.2348727671875 0.686824653125 0.238677828125 0.687247271875 0.25305208281249997 0.6825969734374999 0.267003471875 0.6694908234375 0.28560540625 0.62636805625 0.29575173593750004 0.6297502484375 0.3025161203125 0.6301728671875 0.3147765375 0.6043836812500001 0.32407738125 0.5870500984375 0.3194270828125 0.571830109375 0.3118172125 0.5612609125 0.29448363125 0.553228175 0.291946925 0.5498459828125 0.2889875984375 0.54181324375 0.27757266875000003 0.5439270828125 0.26150744062500003 0.557455853125 0.256011409375 0.5735213296875 0.25093824374999996 0.5790173609375 0.2505153765625 0.5819766859375 0.2513608625 0.591277778125 0.25262921562499996 0.6035381937500001 0.2395233140625 0.619180803125 0.22979960312499997 0.636091765625 0.22218973281249998 0.6521572421874999
5 0.20485615156249998 0.642433284375 0.2158482140625 0.6356688984375001 0.2276857640625 0.6246768359375 0.24248263906249998 0.6183353171875 0.250092509375 0.6064977671875 0.24966989062499997 0.5959283234375 0.2475560515625 0.5832450390624999 0.2437509921875 0.574366815625 0.23360466249999998 0.5612609125 0.22726289687499998 0.5553420140625 0.20316517812499998 0.5481550093750001 0.187099703125 0.55576488125 0.1651158234375 0.5777490078125 0.1570830859375 0.5900094250000001 0.1558147328125 0.599310515625 0.1570830859375 0.6086116078125 0.136790178125 0.6246768359375 0.1334079859375 0.636091765625 0.1334079859375 0.6420106640625 0.136790178125 0.650043403125 0.1410178578125 0.6568077875 0.146091021875 0.658498759375 0.1507415671875 0.6597671125 0.1808209328125 0.6415324906250001 0.1854087296875 0.6382056046875 0.19048189531249998 0.639896825 0.20485615156249998 0.642433284375
5 0.2463928578125 0.6843501984375 0.23871726249999997 0.6885367062500001 0.2345307546875 0.6937700890625 0.22615749062499999 0.7049345234375 0.225459821875 0.7223787203125001 0.2289486609375 0.7251698906249999 0.2596505453125 0.7297053578125 0.3165186015625 0.7335431546875 0.314425346875 0.731798859375 0.3217517359375 0.723425346875 0.341987103125 0.7126098703125 0.3541981640625 0.7042366078125 0.3548958328125 0.7010967265625 0.3552447921875 0.6867924109375 0.354546875 0.6798147328125 0.34652256875 0.671790178125 0.3329161703125 0.671790178125 0.323147321875 0.6735347218750001 0.3081453375 0.6819079859375 0.3039588296875 0.6780701890625 0.29663219218750003 0.6735347218750001 0.286228421875 0.671832340625 0.28093229218750004 0.6735347218750001 0.2746525296875 0.6749303078125 0.2463928578125 0.6843501984375
5 0.4300595234375 0.3320932546875 0.44866071406249997 0.3360615078125 0.46031746093750003 0.33705357187499996 0.46155753906249997 0.3355654765625 0.46478174531249994 0.3261408734375 0.46304563437499996 0.3139880953125 0.46006944375 0.30282738125 0.45709325468750006 0.2981150796875 0.4451884921875 0.29017857187499996 0.440228175 0.28819444375000003 0.43303571406249997 0.2876984125 0.42237103125 0.2904265875 0.4079861109375 0.2986111109375 0.406498015625 0.3015873015625 0.4047619046875 0.306795634375 0.40674603125 0.3189484125 0.41021825468750006 0.3261408734375 0.4300595234375 0.3320932546875
5 0.25446428593750003 0.2946428578125 0.263144840625 0.27678571406249997 0.265625 0.275049603125 0.2676091265625 0.271329365625 0.268105159375 0.26661706406249996 0.265376984375 0.259424603125 0.2614087296875 0.2554563484375 0.2579365078125 0.2537202375 0.25322420625 0.252480159375 0.2462797625 0.25347222187499996 0.2388392859375 0.259920634375 0.22544642812500001 0.2832341265625 0.224950396875 0.28794642812500004 0.22594246093749998 0.2904265875 0.24305555625 0.2951388890625 0.25446428593750003 0.2946428578125
5 0.37274900781250003 0.2602966265625 0.369904265625 0.2534689984375 0.2694838796875 0.2190471234375 0.2683459828125 0.209090278125 0.2666391375 0.204254215625 0.23648462343749999 0.1960044640625 0.2231143359375 0.20766790624999998 0.21884697343749998 0.23298660781249997 0.217424603125 0.243227678125 0.22396775781249997 0.25290005 0.23648462343749999 0.254037946875 0.24786359062500002 0.251762153125 0.2545860609375 0.2482549609375 0.34686160781250003 0.2750892859375 0.3542579359375 0.268830853125 0.36848189531250003 0.26769295625 0.37274900781250003 0.2602966265625
5 0.24928596249999999 0.178935515625 0.24985491093749998 0.19088368125 0.25924280781250003 0.2016939484375 0.2711907234375 0.206814484375 0.2817165171875 0.20766790624999998 0.2956557546875 0.20311631874999997 0.30817286718750003 0.1880389390625 0.305043403125 0.1627202375 0.306466021875 0.1558928578125 0.3007762890625 0.149634425 0.2973625984375 0.140246528125 0.296224703125 0.13114310468749998 0.2945178578125 0.1257380953125 0.29058209375 0.114912946875 0.278018353125 0.14223784687500002 0.2558291171875 0.149634425 0.2504241078125 0.16072891875 0.24928596249999999 0.178935515625
5 0.45610069375 0.24155704375 0.365352678125 0.22505729218749998 0.33462921562500003 0.223350446875 0.3343447421875 0.23785863125 0.340603175 0.2438328375 0.3792919140625 0.249237846875 0.38270560468750003 0.24781547656249997 0.49194469218750003 0.24354836249999998 0.45610069375 0.24155704375
5 0.38469692499999997 0.2700047125 0.3864037703125 0.2765478671875 0.3883950890625 0.2782547125 0.49080679531250004 0.27427207343750004 0.4964962796875 0.289633928125 0.5090133921875 0.2904873515625 0.524375 0.2853665671875 0.5292110609375 0.2845131453125 0.5329094734375001 0.2782547125 0.53461631875 0.26346180625 0.533762896875 0.2338759921875 0.5272197421875 0.2296088796875 0.5081599703124999 0.2270486109375 0.495073909375 0.22875545625 0.4933670640625 0.23785863125 0.4939360125 0.2407036203125 0.48853100156249996 0.24610863125 0.3818521828125 0.249237846875 0.381283234375 0.25691889843750004 0.38242113125 0.26488417656249996 0.38469692499999997 0.2700047125
5 0.407170634375 0.30108506875 0.4108688 0.295680059375 0.422248015625 0.28885243125 0.43732514843750003 0.287430059375 0.44472147812499996 0.289990328125 0.4535404265625 0.2925505953125 0.46093675625 0.3036453375 0.4637814984375 0.30563665625 0.49592733125 0.3036453375 0.499341021875 0.30023164687500004 0.50019444375 0.29027480156249996 0.49621180625 0.28885243125 0.4945049609375 0.28344742031250003 0.48767757968750003 0.2774732140625 0.3909556046875 0.2811716265625 0.387826140625 0.27861135937500003 0.38469692499999997 0.26865451406249996 0.372180059375 0.267801090625 0.35112872031250003 0.2717837296875 0.352835565625 0.28486979218749997 0.3565337296875 0.31815377031250003 0.38953298593749996 0.32185193437500004 0.38953298593749996 0.3209985125 0.3906708828125 0.31217981093749997 0.39982266875 0.310230903125 0.40318799531250005 0.30791245 0.402903521875 0.30506770781250003 0.407170634375 0.30108506875
5 0.8395364578125 0.49119022812499996 0.8410828374999999 0.4946264875 0.8431443453125 0.5035607640624999 0.8419417156250001 0.5073405265625001 0.8367874499999999 0.5128385421874999 0.8278531750000001 0.5181646828125 0.814795634375 0.51335391875 0.807923115625 0.506481646875 0.8034561015625 0.494969990625 0.8044868546874999 0.48981572343749996 0.8067204859375 0.4841458328125 0.8120466265624999 0.478304315625 0.8192626484375 0.4771016859375 0.8283688 0.47985069375 0.8367874499999999 0.4695419140625 0.8328358140625 0.46730828437499994 0.8244169140625001 0.46318477187499996 0.8173727671875 0.46232564531250003 0.8074077375 0.4642157734375 0.7958963296875 0.47143179531249996 0.7888521828124999 0.4832869546875 0.786962053125 0.49222098281250004 0.7888521828124999 0.498578125 0.79658358125 0.5111205359375 0.808266865625 0.5207420640625 0.8218397812499999 0.5289890875000001 0.8395364578125 0.5262400796875 0.8489861109374999 0.521085565625 0.8537968749999999 0.5128385421874999 0.8548276296875 0.5052787703125 0.8543122515625001 0.4946264875 0.8479551093750001 0.48036607187499997 0.8378182046875 0.47074454374999997 0.8291892359374999 0.48000619999999994 0.8324920640625001 0.48036607187499997 0.8340384421874999 0.481740575 0.8395364578125 0.49119022812499996
5 0.874751984375 0.4781098703125 0.874751984375 0.3372021328125 0.86783829375 0.3372021328125 0.8578988093750001 0.3407103171875 0.8567294140625 0.359419890625 0.862576140625 0.36351264843750003 0.8684228671875 0.365266865625 0.8680332343750001 0.3725600203125 0.84971329375 0.4617388390625 0.8514672624999999 0.47694047656249994 0.867253471875 0.4781098703125 0.874751984375 0.4781098703125
5 0.635640625 0.3340627484375 0.612521825 0.3071436015625 0.5944702375 0.31157738125 0.581169146875 0.3251951890625 0.56881795625 0.340396578125 0.5894030265625 0.37301636875 0.6008040671875 0.3663658234375 0.617272321875 0.383783978125 0.6660431546875001 0.3929682546875 0.6264563484375001 0.3451470734375 0.6296232640625 0.3432470234375 0.6312068453124999 0.342296875 0.635640625 0.3340627484375
5 0.5837026296875 0.3204446921875 0.5852862109375 0.3131607140625 0.5890865578125 0.285608134375 0.5856029265625 0.2757904265625 0.5764186515625 0.269456596875 0.5643841765625 0.26280605156250003 0.548549603125 0.266923115625 0.5368318453125001 0.2738903765625 0.5339816468749999 0.279591021875 0.5320813484375 0.2900419140625 0.5276478171875 0.2985927578125 0.5285977187500001 0.3004928078125 0.5336649312499999 0.3049265875 0.5346150796875 0.3058767359375 0.53968204375 0.315377728125 0.5371485609375 0.358131696875 0.5669179062499999 0.36668253906250003 0.5713514390625 0.327412203125 0.5837026296875 0.3204446921875
5 0.5342983625 0.319178075 0.5295478671875 0.310310515625 0.526380953125 0.30302653749999997 0.51561334375 0.301759671875 0.507379215625 0.3071436015625 0.5044717265625 0.3516376484375 0.5355649796875 0.356548115625 0.5352485125 0.324878471875 0.5342983625 0.319178075
5 0.6346904765625 0.2436837796875 0.633740328125 0.238616815625 0.5409489093750001 0.21201413750000003 0.5361984125 0.199662946875 0.5235307546875 0.1949126984375 0.517196925 0.1930124015625 0.504845734375 0.192695684375 0.49756175625 0.1993462296875 0.4947115578125 0.21138070468749998 0.492178075 0.21771478125 0.4909112109375 0.230065971875 0.4915446421875 0.23544965312500002 0.5004119546875 0.2272155265625 0.5168802078125 0.22848239062500003 0.5327147812499999 0.23164930625000002 0.5365151296875 0.23798338281250003 0.5371485609375 0.2424171625 0.5384154265625 0.24020014843749998 0.6118883921875 0.26933630937499997 0.6296232640625 0.2721865078125 0.63595709375 0.2626857640625 0.6346904765625 0.2436837796875
5 0.6001512890625 0.30953199374999996 0.61414608125 0.3063901296875 0.6352810015625 0.3343799609375 0.6998286203124999 0.348375 0.6995431546875001 0.3535158734375 0.702113590625 0.3689389875 0.7258191968750001 0.377221478125 0.73153125 0.375222221875 0.7378147328125 0.357514384375 0.7469541171875 0.339806546875 0.7540942453125 0.324097965625 0.720678075 0.313815971875 0.7129667656249999 0.324097965625 0.60871949375 0.296108134375 0.604435515625 0.29582266874999996 0.6015793656249999 0.30182043593749996 0.6001512890625 0.30953199374999996
5 0.7689459328125 0.3374494046875 0.7872249499999999 0.341162203125 0.8046470734375 0.3285954859375 0.8095024796875 0.3028903765625 0.8083598703125 0.29118055625 0.7903665671875 0.2848970734375 0.7783710312500001 0.2808985609375 0.773515625 0.291466021875 0.762376984375 0.29118055625 0.6861195437500001 0.277756696875 0.6312824906250001 0.2706165671875 0.61557415625 0.2740438984375 0.54074454375 0.24862450468750003 0.5344613093749999 0.24862450468750003 0.5333189484374999 0.2623338296875 0.5353182046875 0.2729012890625 0.5615939984375 0.2623338296875 0.577873759375 0.26804588281249997 0.584728421875 0.2734724703125 0.5904404765625 0.280612846875 0.5910119046875 0.2877532234375 0.5898692953125 0.292037203125 0.5881557546875 0.2940364578125 0.7640907734375 0.3177423109375 0.761805803125 0.3274528765625 0.7609489093749999 0.333165178125 0.7689459328125 0.3374494046875
5 0.67583755 0.2614045140625 0.6761232640625 0.2751138390625 0.706683284375 0.279398065625 0.7115386906250001 0.2731145828125 0.713537946875 0.2625471234375 0.71182415625 0.24712400781250002 0.7121098703125 0.21827728125 0.6815498515625 0.21856299531249998 0.6746951890624999 0.2325580359375 0.634138640625 0.2368420140625 0.6364236109375 0.24284002968750001 0.6384228671875001 0.2628325890625 0.67583755 0.2614045140625
5 0.8166426093749999 0.2607971234375 0.8197842265625 0.2653670640625 0.824068453125 0.27136483125 0.8374920640625 0.2762202375 0.8534861109375 0.28078993125 0.8569134421875001 0.2739352671875 0.860055059375 0.2670806046875 0.8591984125 0.23794841249999998 0.8583415171875 0.2253814484375 0.8266388890625 0.22766641875000002 0.8234972718750001 0.23851959374999998 0.715537203125 0.23994766875 0.7141091265624999 0.24937276718749998 0.716394096875 0.2636532734375 0.8166426093749999 0.2607971234375
5 0.42163492031249994 0.005316715625 0.4124955359375 0.0056021828125 0.39393105156249997 0.0150275296875 0.3830778765625 0.0267373515625 0.37679439531250003 0.042731646875 0.37708010937499997 0.0512998515625 0.4007963796875 0.0512998515625 0.410221478125 0.0627244546875 0.422502728125 0.06386681562499999 0.4304997515625 0.0858588796875 0.4939047625 0.1701138390625 0.51503993125 0.156119046875 0.4236450890625 0.037305059375 0.4233487109375 0.0273087796875 0.42420535781249996 0.019597221875 0.42163492031249994 0.005316715625
5 0.255705109375 0.14002579375 0.2624771828125 0.14061483125000002 0.27337103125 0.1409092265625 0.2786708828125 0.13325396875 0.309586309375 0.0678896328125 0.3145915171875 0.0678896328125 0.3222467765625 0.05493452343750001 0.3263688 0.046984870312499996 0.3240133921875 0.034912946875 0.31724131875 0.0257857140625 0.3078196921875 0.02019146875 0.2986922125 0.019013640625 0.2895647328125 0.021074653125000002 0.2810262890625 0.028435515625 0.281320684375 0.0419794140625 0.286326140625 0.0461014390625 0.2827700890625 0.0534935515625 0.248933284375 0.11970982187500001 0.2474610609375 0.13237053593749998 0.24952207343750002 0.13619816406250002 0.255705109375 0.14002579375
5 0.3405014875 0.025084821875000003 0.36111185468749996 0.00035243125000000003 0.33168849218749996 0.001011409375 0.315474703125 0.0224350203125 0.3246021828125 0.032445684375 0.32784102187499997 0.0430453875 0.3405014875 0.025084821875000003
5 0.3793665671875 0.0542338796875 0.3787775296875 0.0436341765625 0.3767165171875 0.038334325 0.3734779265625 0.0333291171875 0.3664114578125 0.0292068453125 0.350512153125 0.0292068453125 0.3363794640625 0.030384671875 0.3334352671875 0.037745535937500005 0.330196428125 0.0445173609375 0.3340240578125 0.057766865625 0.3472735609375 0.0648333328125 0.35640079375 0.06601116093750001 0.3793665671875 0.0542338796875
5 0.3145915171875 0.08724752031250001 0.31635813437500004 0.095491815625 0.3478623515625 0.0925473703125 0.3458013390625 0.0819479171875 0.34550694375 0.067226190625 0.3258571421875 0.0602966265625 0.32136334375 0.06369295625 0.3190079359375 0.072231646875 0.3145915171875 0.08724752031250001
5 0.3634672625 0.09019196406249999 0.3946768359375 0.08400892812500001 0.3937936515625 0.0748814484375 0.3873162203125 0.0631041671875 0.38201636875 0.0548598703125 0.3705334828125 0.059276537500000004 0.35846180625 0.0760592765625 0.3561063984375 0.083419890625 0.3540453875 0.090486359375 0.3634672625 0.09019196406249999
5 0.2954533734375 0.12287400781249999 0.3890828375 0.1046192953125 0.3955602671875 0.10933010937500001 0.40262648749999996 0.11286334375 0.4055709328125 0.119341021875 0.41381497968750003 0.12670163750000002 0.43148090312500004 0.1178688 0.43530853125 0.1105079359375 0.42883110156250004 0.09401959374999999 0.42559226250000004 0.0678149796875 0.41675942499999996 0.0654595734375 0.394382440625 0.0701703875 0.3926158234375 0.08371453437500001 0.299575396875 0.1016748515625 0.2925091765625 0.1052080859375 0.29398139843750004 0.1096245046875 0.2954533734375 0.12287400781249999
5 0.466518353125 0.0960806046875 0.48595064531250004 0.10138045625 0.4930171125 0.0922529765625 0.493605903125 0.0795922625 0.48330084375000004 0.0569208828125 0.46386830312500005 0.037782737500000003 0.4503244046875 0.031599703125 0.44973561562500003 0.05132663750000001 0.445319196875 0.0619263390625 0.452091021875 0.07282043593750001 0.466518353125 0.0960806046875
5 0.50155555625 0.08724752031250001 0.496550346875 0.10285267812500001 0.542481646875 0.109919146875 0.5483702874999999 0.10609127031250001 0.5471924609375 0.09343080312499999 0.533059771875 0.083419890625 0.52776016875 0.0795922625 0.510388640625 0.08253670625000001 0.50155555625 0.08724752031250001
5 0.5186326890624999 0.137081596875 0.5206937 0.14503125 0.53453199375 0.155630953125 0.54601488125 0.1585751484375 0.5486646828125 0.1547475203125 0.5495478671875 0.1453256453125 0.5589697421875 0.12294866093750001 0.5577921625 0.11286334375 0.5292321421875 0.1081525296875 0.5245213296875 0.1146299609375 0.4747624015625 0.0996138390625 0.49242832343750004 0.1253040671875 0.5136272328125 0.13325396875 0.5186326890624999 0.137081596875
5 0.44266939531249994 0.1491532734375 0.4573908734375 0.15327529687500002 0.468873759375 0.14355902812500002 0.43600471250000006 0.1192579359375 0.4261810515625 0.1264818953125 0.4285364578125 0.13060391875 0.44266939531249994 0.1491532734375
5 0.3861383921875 0.132076140625 0.3961490578125 0.14709226250000002 0.41852579375000004 0.15327529687500002 0.43295312499999994 0.14944766874999998 0.43295312499999994 0.141498015625 0.40439310468749995 0.122654265625 0.3961490578125 0.12118204375 0.382605159375 0.129720734375 0.3861383921875 0.132076140625
5 0.3413849203125 0.16663665625 0.324896578125 0.1660478671875 0.32136334375 0.17929737031249998 0.35139558593750003 0.1904858625 0.3413849203125 0.16663665625
5 0.40939856093750004 0.207857390625 0.4091041671875 0.2196349203125 0.42559226250000004 0.22464012968749997 0.438252728125 0.2299399796875 0.45356324375 0.227290178125 0.454741071875 0.22169593281250002 0.45945188437500006 0.20432415625 0.4597462796875 0.192546875 0.4512078375 0.184597221875 0.42706448437500005 0.18076959374999998 0.41705381875 0.1884248515625 0.406748759375 0.1828306046875 0.3714169140625 0.1893080359375 0.3655282734375 0.1928412703125 0.3699446921875 0.1946078875 0.40939856093750004 0.207857390625
5 0.47564558593750006 0.2364174109375 0.48153422656249995 0.2290567953125 0.48801165625 0.2187514875 0.4947837296875 0.201085565625 0.5009667656250001 0.193724703125 0.5074441968750001 0.1919580859375 0.524226934375 0.196080109375 0.5342375984375 0.191369046875 0.5383596234375 0.18548040625 0.5336485609375 0.173703125 0.5259935515625 0.163398065625 0.5139218750000001 0.15780381875 0.503027778125 0.163398065625 0.49066170624999994 0.172819940625 0.4903673109375 0.1784141859375 0.494194940625 0.17870858125 0.49593799531249994 0.18502256875 0.4618072921875 0.2240513390625 0.460040675 0.2275845734375 0.46946255 0.23317881875 0.47564558593750006 0.2364174109375
5 0.7959744546875 0.3340297625 0.7847651296875 0.34562574375 0.779740328125 0.3607001484375 0.7847651296875 0.3788670640625 0.7886304562500001 0.3862110609375 0.7982936515625 0.3920091765625 0.8083432546875 0.3951014390625 0.8311483140625 0.37809399843749997 0.8442901781250001 0.3649521328125 0.8404248515624999 0.3560620046875 0.8454499015625 0.3545158734375 0.874751984375 0.328618303125 0.8736661703124999 0.2992420640625 0.82716245 0.3292306546875 0.8214851187500001 0.3278452375 0.8129816468750001 0.3259126984375 0.7959744546875 0.3340297625
5 0.702821428125 0.1068435015625 0.704754215625 0.1068435015625 0.7271726187499999 0.10143204374999999 0.8083432546875 0.059300346875 0.8288291171875001 0.063165675 0.83540005 0.05350247968750001 0.83540005 0.033402778125 0.8319213796874999 0.01871478125 0.8245773812499999 0.00866493125 0.81027579375 0.015235862499999999 0.8044779265625 0.01871478125 0.799839534375 0.02489930625 0.798680059375 0.029151042187499997 0.798242559375 0.034926090625 0.6997294140625 0.08249206406250001 0.69431795625 0.0933149796875 0.693544890625 0.10065897812499999 0.702821428125 0.1068435015625
5 0.682722221875 0.09012475156250001 0.6850411703125 0.073117559375 0.6761510421875 0.0653869046875 0.564444940625 0.0514717265625 0.5590334828125 0.04490079375 0.5543953375 0.0325317453125 0.5455052078125 0.031758928125 0.54048040625 0.0309858625 0.5308172124999999 0.0433546625 0.589955853125 0.0804615578125 0.67383209375 0.097082340625 0.682722221875 0.09012475156250001
5 0.603870784375 0.13882738125 0.606962796875 0.14076016875 0.622423859375 0.134962053125 0.6374985125 0.1283911203125 0.6421369046875001 0.1156356640625 0.6436830359375 0.0963092765625 0.6425233140625 0.087032490625 0.622810515625 0.09012475156250001 0.6154665171875 0.098628471875 0.446554315625 0 0.4278102671875 0.0038797125 0.43379910781250003 0.0224821421875 0.6027110609374999 0.12066046562499999 0.60309771875 0.1303236609375 0.603870784375 0.13882738125
5 0.350695684375 0.17748040625 0.3607455359375 0.18675694375000002 0.374660465625 0.18405133906249999 0.3951463296875 0.18405133906249999 0.39707886875 0.176707340625 0.467040178125 0.180959078125 0.47902256875000004 0.17709375 0.47902256875000004 0.1705228171875 0.4759303078125 0.1577673609375 0.4059689984375 0.15003670625 0.3939868546875 0.147717509375 0.3943732640625 0.13921378906249998 0.3715682046875 0.1318697921875 0.352241815625 0.13071031718749998 0.3476036703125 0.1338025796875 0.342965278125 0.1426927078125 0.3433516859375 0.1593134921875 0.3479900796875 0.1736150796875 0.349149553125 0.1759342765625 0.350695684375 0.17748040625
5 0.5420265375 0.1945364578125 0.541253471875 0.20690550624999998 0.5435724203125 0.2123169640625 0.5891827875 0.2239126984375 0.5922748015625 0.2134764390625 0.5922748015625 0.1999479171875 0.5877212296875001 0.193561259375 0.5814521328125 0.1856463296875 0.561352678125 0.17946180625000002 0.5485974703125 0.1810079359375 0.5420265375 0.1945364578125
5 0.5926614578125 0.20690550624999998 0.5942075890625 0.21270337343749998 0.5945939984375 0.2215935015625 0.6096686515624999 0.23203000937499998 0.6363390375 0.2304838796875 0.6402041171875 0.2262318953125 0.6440694437500001 0.21850148749999998 0.63440625 0.21077083281250003 0.6297678578125 0.204586309375 0.6251297124999999 0.1883521828125 0.6309275796875 0.17946180625000002 0.6077358625 0.175983134375 0.5953670640625 0.18448685468749998 0.5918883921875 0.18680605156250002 0.5907286703125 0.19067113125 0.5926614578125 0.20690550624999998
5 0.5431860125 0.17946180625000002 0.5559414687500001 0.1825540671875 0.5926614578125 0.18216765937499999 0.6185587796875 0.1755967265625 0.6286083828125 0.169412203125 0.6402041171875 0.1554970234375 0.6394310515625 0.14506076406249999 0.6332467765625001 0.1404223703125 0.613533978125 0.1431282234375 0.6015515875 0.1346245046875 0.5953670640625 0.121869046875 0.5741081343750001 0.1114327875 0.5686966765625 0.11568452343749999 0.575267609375 0.153177828125 0.5578740078125 0.1589759421875 0.556714534375 0.16863913749999998 0.5431860125 0.17946180625000002
5 0.7773598703125 0.133257440625 0.7728040671875 0.145298115625 0.7718278765625 0.147576140625 0.776058284375 0.1547353671875 0.7806140874999999 0.1589657734375 0.7926547625 0.16970486093749998 0.809251240625 0.1716572421875 0.8177120531250001 0.1527827375 0.8173866562500001 0.14659970312499998 0.8167358625000001 0.133257440625 0.8609928078125 0.09843725156250001 0.8606674109375 0.0896510421875 0.8551354171875 0.084444196875 0.8472061015625 0.0834717265625 0.8050205859374999 0.12089136874999999 0.7907021328125 0.12219320468749999 0.7828921125 0.12447122968749999 0.7773598703125 0.133257440625
5 0.6589072421875 0.115684771875 0.6458903765625 0.1303286203125 0.6523988093749999 0.144647321875 0.6634630453125 0.14367113125 0.673551090625 0.1384642859375 0.692425346875 0.1413931046875 0.6999099703125 0.1394404765625 0.6989337796874999 0.13000322343749998 0.6960049609375 0.11698635937499999 0.6934015375 0.11373214218750001 0.6885203375 0.1075491078125 0.6785600203125 0.1017326390625 0.6611850203125 0.1052713296875 0.6598834328125001 0.1075491078125 0.6589072421875 0.115684771875
5 0.6091178078125 0.048322420312499996 0.6120466265625 0.042790178125 0.614324653125 0.030098710937500002 0.54989136875 0.0008107640625 0.49652256875 0.0001599703125 0.5869893359375 0.0450682046875 0.6091178078125 0.048322420312499996
5 0.708696428125 0.143996528125 0.7038149796875001 0.1527827375 0.6969811515625 0.16970486093749998 0.6979575890625 0.19248437499999999 0.7373333328125 0.1843487109375 0.7519771828125 0.16547420625 0.7519771828125 0.1501795640625 0.744492559375 0.14171850156250002 0.72789608125 0.1400912703125 0.7181334328125 0.115359375 0.7057676093749999 0.11243055625000001 0.6999099703125 0.1234947921875 0.708696428125 0.143996528125
5 0.6296192953124999 0.166248759375 0.6302700890625 0.18837747968750002 0.632548115625 0.2069265875 0.6429615578125001 0.2176654265625 0.657930803125 0.22515029687500002 0.6810357140625001 0.2205942453125 0.6881949406250001 0.2052993546875 0.69275074375 0.193584325 0.6966557546875001 0.1779640375 0.6979575890625 0.1695029765625 0.693726934375 0.162669146875 0.6989337796874999 0.1490014875 0.6894965281250001 0.1418422625 0.66960863125 0.1457740578125 0.6689950390625 0.150303075 0.6523988093749999 0.1532318953125 0.6296192953124999 0.166248759375
5 0.849277778125 0.13891344218749999 0.834959325 0.1542080859375 0.8300778765624999 0.166899553125 0.8261728671874999 0.174709821875 0.8203154765624999 0.1841470734375 0.83203050625 0.19130629999999998 0.835284721875 0.19586210312500002 0.8391897328125 0.1965131453125 0.87140625 0.1984655265625 0.87433506875 0.19130629999999998 0.8736842765624999 0.162018353125 0.8736842765624999 0.14542187499999998 0.8678266375 0.14054042656250001 0.8679737109375001 0.0974360125 0.850579365625 0.1102762890625 0.8509047624999999 0.1229677578125 0.849277778125 0.13891344218749999
5 0.6979575890625 0.214819196875 0.709998015625 0.215469990625 0.7210622515625 0.2229546125 0.725618303125 0.2229546125 0.7298487109375 0.22490724218749997 0.74253993125 0.23597147812500002 0.7643432546875 0.236296875 0.7695498515625 0.234669890625 0.778336309375 0.21156497968750002 0.7815905265625 0.20212772812500002 0.7679228671875 0.19301587343749999 0.7464451890625 0.19106324375 0.7331029265625 0.199849703125 0.7191098703125001 0.1939920640625 0.6898219250000001 0.1982224703125 0.6881949406250001 0.21254117031250003 0.688845734375 0.2128665671875 0.6979575890625 0.214819196875
5 0.79818675625 0.1819513890625 0.781915921875 0.19008705312500002 0.7854955359375 0.1982224703125 0.7851701390625 0.20375471250000002 0.7666210312499999 0.231415675 0.7695498515625 0.23564608125 0.7926547625 0.236622271875 0.8190136406249999 0.2349952875 0.8216170640625 0.2294630453125 0.8264982640625 0.22002579375 0.8278000984375 0.20408010937499999 0.8291016859375 0.189436259375 0.81608506875 0.1832532234375 0.8246485609375 0.16618328437500002 0.8134816468749999 0.1643787203125 0.8076240078125 0.17804637968749998 0.79818675625 0.1819513890625
5 0.8059970234374999 0.315415675 0.8183628468749999 0.3277817453125 0.835284721875 0.3199717265625 0.85025396875 0.28840575468749996 0.8225932546875001 0.281897321875 0.8212916671875 0.29881919687499997 0.8059970234374999 0.315415675
5 0.7555567953125 0.1570133921875 0.745794146875 0.178165675 0.7379841265625 0.1856505453125 0.7545806046875 0.1866267359375 0.76304141875 0.1863013390625 0.782566715625 0.1846741078125 0.7861463296875 0.17979290625 0.78354290625 0.1713318453125 0.7802886906250001 0.16547420625 0.7741056546875 0.1579895828125 0.7724786703125 0.147576140625 0.77508209375 0.12642361093750001 0.7675974703125 0.115684771875 0.7532790171875 0.11601016875 0.7519771828125 0.1378134921875 0.7555567953125 0.1570133921875
5 0.69144915625 0.076226190625 0.740912946875 0.045636656250000004 0.762390625 0.051819443750000006 0.7640178578125 0.045636656250000004 0.7685736609375 0.028063740625 0.7526279765624999 0.0017046124999999998 0.7308249015625 0 0.72301488125 0.010816468749999999 0.72301488125 0.027738343749999998 0.6715984625 0.062233134375 0.6748526781249999 0.0661381453125 0.6826626984375 0.06548735156249999 0.69144915625 0.076226190625
5 0.6104196421875 0.026069940625 0.6296192953124999 0.028998759375 0.6387311515625 0.0150057046875 0.636453125 0.0000362109375 0.5639811515625001 0.0014759421875 0.5729962796875 0.00524305625 0.5934977671875 0.0166326890625 0.6104196421875 0.026069940625
5 0.666391865625 0.053080109375 0.6777814984375 0.0472224703125 0.6881949406250001 0.042666418750000004 0.6953541671875 0.0319275796875 0.6960049609375 0.014354910937500001 0.693726934375 0 0.6452395828124999 0.0019888390625 0.63450074375 0.02444295625 0.6449141859374999 0.039412203125 0.655978421875 0.0508020828125 0.666391865625 0.053080109375
5 0.6452395828124999 0.034531001562500004 0.6302700890625 0.025419146875 0.61399925625 0.0319275796875 0.6068400296875 0.05340550625 0.656629215625 0.0608901296875 0.655001984375 0.0527547125 0.6452395828124999 0.034531001562500004
5 0.8418206843749999 0.0353484625 0.8594451890625001 0.0426282234375 0.874751984375 0.0479923109375 0.874751984375 0.0200228171875 0.790862846875 0 0.754405009375 0.004688740625 0.7966098703125 0.0234709828125 0.814617559375 0.009677828125 0.8330084328125 0.0150419140625 0.8418206843749999 0.0353484625
5 0.86787425625 0.2437353671875 0.874751984375 0.2464174109375 0.874751984375 0.2149997515625 0.8621272328125 0.20197271875 0.84411954375 0.201589534375 0.8277584328125001 0.2057780265625 0.8322420640624999 0.2238120046875 0.8651922125 0.229559028125 0.86787425625 0.2437353671875