2 0.1731150796875 0.453125 0.17509920625 0.4546130953125 0.17633928593749998 0.45882936562500004 0.1810515875 0.46304563437499996 0.1832837296875 0.4699900796875 0.18923611093749998 0.48239087343750003 0.1894841265625 0.48487103125 0.1976686515625 0.500744046875 0.1989087296875 0.5054563484375 0.20362103125000003 0.5133928578125 0.2053571421875 0.528769840625 0.2085813484375 0.5364583328125 0.21056547656250002 0.5381944437499999 0.21130952343749998 0.5414186515625 0.21304563437500001 0.5416666671875 0.2202380953125 0.561755953125 0.2296626984375 0.5768849203124999 0.23189484062500001 0.5850694437499999 0.23759920625 0.5892857140625 0.24255952343749998 0.59052579375 0.25347222187499996 0.5887896828125 0.2693452375 0.5823412703125 0.2829861109375 0.5744047625 0.2946428578125 0.5691964281249999 0.30009920625 0.5639880953125 0.3107638890625 0.561755953125 0.31597222187499996 0.5577876984375 0.32862103125000003 0.553075396875 0.33506944375000003 0.5488591265625 0.3360615078125 0.5456349203124999 0.3353174609375 0.534226190625 0.3226686515625 0.50595238125 0.31919642812500004 0.50049603125 0.3142361109375 0.4982638890625 0.31299603125000003 0.49578372968749995 0.312251984375 0.486855159375 0.3110119046875 0.48363095312500004 0.3077876984375 0.4831349203125 0.30654761875 0.47842261875 0.29365079375 0.46428571406249997 0.29340277812500004 0.4623015875 0.2914186515625 0.466021825 0.2832341265625 0.4704861109375 0.2824900796875 0.481398809375 0.280505953125 0.4831349203125 0.27232142812500004 0.4833829359375 0.2705853171875 0.48239087343750003 0.2708333328125 0.47098214218749995 0.26884920625 0.46825396875 0.25595238125 0.43824404687499996 0.250744046875 0.4300595234375 0.24677579375 0.419394840625 0.24255952343749998 0.412450396875 0.2408234125 0.40674603125 0.2353670640625 0.400049603125 0.23511904687500002 0.396329365625 0.23189484062500001 0.39384920625 0.228174603125 0.393353175 0.22594246093749998 0.391369046875 0.2232142859375 0.38392857187499996 0.2242063484375 0.3799603171875 0.2229662703125 0.37400793593750004 0.2177579359375 0.362351190625 0.212549603125 0.3571428578125 0.21155753906250002 0.35342261875 0.2095734125 0.3519345234375 0.2053571421875 0.3417658734375 0.1994047625 0.3417658734375 0.1703869046875 0.3516865078125 0.1584821421875 0.358630953125 0.1458333328125 0.3675595234375 0.14012896875 0.375744046875 0.13988095312499998 0.384920634375 0.14409722187500001 0.39508928593750003 0.1669146828125 0.444196428125 0.1731150796875 0.453125
2 0.419146825 0.577380953125 0.424355159375 0.57862103125 0.428075396875 0.581597221875 0.428571428125 0.583829365625 0.43824404687499996 0.588045634375 0.439980159375 0.591269840625 0.43973214218749995 0.599454365625 0.43427579375 0.6076388890625 0.4300595234375 0.6108630953125 0.428571428125 0.6170634921875 0.42410714218749995 0.61904761875 0.4233630953125 0.6227678578125 0.41765872968749995 0.6267361109375 0.4171626984375 0.6314484125 0.41195436562500004 0.634424603125 0.4112103171875 0.6388888890625 0.40699404687499996 0.6416170640625001 0.4050099203125 0.650049603125 0.4052579359375 0.6545138890625 0.40029761875 0.656001984375 0.39732142812500004 0.6584821421875 0.3990575390625 0.6614583328125 0.403769840625 0.6654265875 0.40625 0.6698908734375 0.415674603125 0.67782738125 0.41989087343750003 0.6835317453124999 0.42237103125 0.6852678578125 0.4283234125 0.68700396875 0.43427579375 0.693700396875 0.44072420625 0.6989087296875 0.44196428593750003 0.7011408734375 0.44866071406249997 0.703373015625 0.4513888890625 0.7053571421875 0.4548611109375 0.7113095234375 0.46676587343750003 0.71825396875 0.47197420625 0.7170138890625 0.48214285781250005 0.7046130953125 0.486855159375 0.700644840625 0.4899967765625 0.695519096875 0.4925595234375 0.693204365625 0.49429563437499996 0.6892361109375 0.499751984375 0.6837797625 0.5069444437499999 0.6728670640625001 0.5109126984375 0.669394840625 0.515873015625 0.6607142859375 0.5176091265625 0.655505953125 0.540674603125 0.6287202375 0.5587797625 0.603174603125 0.568700396875 0.5984623015625 0.5736607140625 0.5865575390625 0.5803571421875 0.5818452375 0.581597221875 0.5793650796875001 0.5920138890625 0.5679563484375 0.5927579359374999 0.5639880953125 0.5947420640625001 0.5602678578125 0.594494046875 0.5560515875 0.5952380953125 0.5548115078125 0.6009424609375 0.55282738125 0.6009424609375 0.5520833328125 0.5992063484375 0.55009920625 0.5979662703125 0.5404265875 0.593005953125 0.5327380953125 0.58779761875 0.528521825 0.5863095234375 0.5248015875 0.5835813484375 0.5238095234375 0.577876984375 0.5176091265625 0.5709325390625 0.514880953125 0.565228175 0.50967261875 0.5602678578125 0.5071924609375 0.5577876984375 0.5042162703125 0.5538194437499999 0.5017361109375 0.54637896875 0.49925595312500004 0.5451388890625 0.49801587343750003 0.5384424609375 0.497271825 0.53075396875 0.5 0.52802579375 0.502976190625 0.5248015875 0.5047123015625 0.5205853171875 0.5133928578125 0.512896825 0.5193452375 0.5111607140625 0.5233134921875 0.4897713296875 0.5461894843749999 0.4757415671875 0.5389327875000001 0.41623660781250005 0.5486083828125 0.41344246093750003 0.559771825 0.41021825468750006 0.5677083328125 0.41071428593750003 0.568700396875 0.4169146828125 0.5706845234375 0.41790674531249994 0.5761408734375 0.419146825 0.577380953125
2 0.3360615078125 0.7576884921875 0.3373015875 0.75967261875 0.34052579375 0.7614087296875 0.35243055624999997 0.766369046875 0.3608630953125 0.7710813484375 0.368799603125 0.7728174609375 0.372271825 0.7745535718750001 0.37599206406249996 0.7740575390625 0.37822420625 0.775545634375 0.38740079375 0.7852182546875001 0.3953373015625 0.8008432546875 0.40848214218749995 0.8139880953124999 0.4114583328125 0.8199404765624999 0.415178571875 0.8236607140625001 0.4201388890625 0.834325396875 0.4310515875 0.843005953125 0.4454365078125 0.846726190625 0.45734127031250005 0.84697420625 0.46031746093750003 0.8447420640625 0.474950396875 0.8420138890625 0.48090277812500004 0.8385416671874999 0.48635912656249997 0.8335813484375001 0.4985119046875 0.8172123015625001 0.502728175 0.80654761875 0.5054563484375 0.7921626984375 0.5052083328125 0.783978175 0.50049603125 0.7668650796875001 0.49280753906249997 0.755704365625 0.4898313484375 0.7544642859375 0.48660714218749995 0.7509920640625001 0.477678571875 0.746527778125 0.47842261875 0.7435515875 0.47718253906249997 0.740079365625 0.471726190625 0.7383432546875001 0.46924603125 0.7326388890625 0.4201388890625 0.7333829359374999 0.4164186515625 0.734623015625 0.41071428593750003 0.7323908734375 0.4074900796875 0.7323908734375 0.38740079375 0.7271825390625 0.3841765875 0.7271825390625 0.38095238125 0.72470238125 0.3712797625 0.7224702375 0.36631944375000003 0.719494046875 0.3501984125 0.7145337296875 0.3459821421875 0.7105654765625 0.341021825 0.7080853171875 0.3382936515625 0.708829365625 0.3358134921875 0.71279761875 0.3303571421875 0.7264384921875 0.3263888890625 0.7445436515625 0.3268849203125 0.7477678578125 0.331101190625 0.755704365625 0.3360615078125 0.7576884921875
2 0.2849702375 0.3769841265625 0.2889384921875 0.38194444375000003 0.29588293593750004 0.38368055624999997 0.30282738125 0.3883928578125 0.325396825 0.39732142812500004 0.33159722187499996 0.3978174609375 0.35491071406249997 0.403769840625 0.3668154765625 0.40426587343750003 0.375744046875 0.40277777812500004 0.3804563484375 0.39508928593750003 0.38368055624999997 0.37834821406249997 0.3854166671875 0.3762400796875 0.387896825 0.375744046875 0.38963293593750004 0.3735119046875 0.393353175 0.37400793593750004 0.3945932546875 0.3730158734375 0.393353175 0.3700396828125 0.39161706406249996 0.368799603125 0.3926091265625 0.36383928593750003 0.3948412703125 0.36036706406249996 0.3953373015625 0.3529265875 0.39955357187499996 0.3449900796875 0.4007936515625 0.33482142812500004 0.40054563437499996 0.3242393359375 0.40203372968749995 0.3204365078125 0.40401785781250005 0.318700396875 0.4052579359375 0.315228175 0.408730159375 0.3105158734375 0.40848214218749995 0.306299603125 0.41071428593750003 0.302579365625 0.40997023749999995 0.2983630953125 0.41220238125 0.2951388890625 0.41195436562500004 0.290674603125 0.4136904765625 0.281994046875 0.4206349203125 0.2676091265625 0.41815476250000005 0.263144840625 0.419394840625 0.2614087296875 0.422123015625 0.2609126984375 0.4233630953125 0.2591765875 0.42609127031250005 0.2579365078125 0.4310515875 0.249751984375 0.43526785781250005 0.2460317453125 0.44122023749999995 0.23239087343749998 0.443700396875 0.22048611093749998 0.44593253906249997 0.2172619046875 0.4580853171875 0.1855158734375 0.45882936562500004 0.18154761875 0.4578373015625 0.18030753906250002 0.4543650796875 0.17782738125 0.4310515875 0.1671626984375 0.419394840625 0.1602182546875 0.3943452375 0.1483134921875 0.3926091265625 0.1458333328125 0.384424603125 0.14136904687500002 0.3764880953125 0.14087301562500001 0.3670634921875 0.1421130953125 0.3611111109375 0.14657738125 0.35838293593750004 0.1455853171875 0.3544146828125 0.146329365625 0.35342261875 0.1483134921875 0.3479662703125 0.15277777812499999 0.3454861109375 0.1522817453125 0.3415178578125 0.1540178578125 0.34325396874999997 0.15798611093749998 0.3360615078125 0.16592261875 0.3333333328125 0.17137896875 0.3231646828125 0.19990079375 0.3229166671875 0.22470238125000003 0.318204365625 0.2353670640625 0.3172123015625 0.24032738125000003 0.3144841265625 0.243799603125 0.3060515875 0.275049603125 0.296875 0.294394840625 0.294146825 0.2983630953125 0.2884424609375 0.3125 0.28720238125 0.3258928578125 0.28794642812500004 0.33289930624999997 0.2854662703125 0.33680555624999997 0.2859623015625 0.3417658734375 0.278521825 0.34325396874999997 0.27678571406249997 0.3452380953125 0.2775297625 0.353670634375 0.2728174609375 0.36284722187499996 0.2728174609375 0.3658234125 0.27678571406249997 0.3727678578125 0.28174603125000003 0.3764880953125 0.2849702375 0.3769841265625
2 0.45734127031250005 0.271329365625 0.45659722187499996 0.2790178578125 0.45386904687499996 0.28174603125000003 0.4513888890625 0.2827380953125 0.4543650796875 0.28819444375000003 0.45758928593750003 0.28447420625 0.4585813484375 0.28025793593750004 0.46031746093750003 0.2792658734375 0.4605654765625 0.27777777812500004 0.463417659375 0.27678571406249997 0.47569444375 0.27802579375 0.48090277812500004 0.2795138890625 0.4895833328125 0.284226190625 0.4925595234375 0.28447420625 0.493799603125 0.28025793593750004 0.4925595234375 0.26463293593750004 0.48387896875 0.2251984125 0.481894840625 0.22073412656250002 0.48090277812500004 0.2132936515625 0.4702380953125 0.2224702375 0.45386904687499996 0.2299107140625 0.4429563484375 0.2333829359375 0.440228175 0.23710317500000003 0.43973214218749995 0.24032738125000003 0.4456845234375 0.264880953125 0.45362103125 0.2671130953125 0.45734127031250005 0.271329365625
2 0.5324900796875001 0.7579365078125 0.5359623015625 0.759920634375 0.6185515875 0.7876984125 0.627480159375 0.7899305562500001 0.6339285718750001 0.7929067453124999 0.6391369046875 0.79365079375 0.6547619046875 0.78447420625 0.659722221875 0.78447420625 0.6676587296875 0.7889384921875 0.6763392859375 0.7921626984375 0.68427579375 0.7948908734375 0.7008928578125 0.7986111109375 0.709325396875 0.8020833328125001 0.7118055562500001 0.8013392859374999 0.715277778125 0.8020833328125001 0.7177579359374999 0.7991071421875 0.7209821421875 0.7988591265625 0.7269345234375 0.7876984125 0.731894840625 0.7710813484375 0.7390873015625 0.7363591265625 0.7326388890625 0.7291666671875 0.7291666671875 0.728174603125 0.7269345234375 0.7261904765625 0.7207341265625 0.7259424609375 0.7145337296875 0.7234623015625 0.705853175 0.721726190625 0.70262896875 0.7197420640625001 0.6884920640625001 0.7167658734375 0.6855158734375 0.7147817453124999 0.6830357140625 0.7145337296875 0.6808035718750001 0.7120535718750001 0.67509920625 0.7085813484375 0.6654265875 0.6917162703125 0.66220238125 0.6924603171875 0.659226190625 0.6914682546875001 0.659226190625 0.6862599203124999 0.6654265875 0.68427579375 0.6654265875 0.67782738125 0.6634424609375 0.6763392859375 0.6669146828125 0.6698908734375 0.66865079375 0.662450396875 0.669394840625 0.6540178578125 0.6654265875 0.6426091265625 0.661954365625 0.6383928578125 0.63467261875 0.6262400796875001 0.62177579375 0.624751984375 0.618799603125 0.62549603125 0.6158234125 0.62450396875 0.609375 0.6267361109375 0.606646825 0.6292162703125 0.6056547625 0.6329365078125 0.6039186515625 0.63467261875 0.6039186515625 0.6386408734375 0.6009424609375 0.6453373015625 0.599950396875 0.6495535718750001 0.6004464281249999 0.6540178578125 0.5900297625 0.669394840625 0.580853175 0.6679067453124999 0.5741567453124999 0.6649305562500001 0.565972221875 0.6629464281249999 0.5602678578125 0.659226190625 0.556299603125 0.659722221875 0.5515873015625 0.6582341265625 0.549603175 0.656001984375 0.5448908734375 0.6542658734375 0.543898809375 0.65029761875 0.5424107140625 0.6493055562500001 0.5394345234375 0.6522817453124999 0.533978175 0.6547619046875 0.530505953125 0.6540178578125 0.527777778125 0.6552579359374999 0.5230654765625 0.6649305562500001 0.51512896875 0.6889880953125 0.5111607140625 0.706101190625 0.506200396875 0.721478175 0.5054563484375 0.7269345234375 0.5054563484375 0.7353670640625001 0.5089285718750001 0.7480158734375 0.5240575390625 0.756200396875 0.5324900796875001 0.7579365078125
2 0.370965278125 0.6460364578125 0.357367559375 0.63999305625 0.34165476250000004 0.6297192453125 0.3014665171875 0.6260932546875 0.3093229171875 0.6644687499999999 0.3389352671875 0.66416641875 0.38305183593750003 0.649964534375 0.370965278125 0.6460364578125
2 0.35525247968749996 0.630927828125 0.36703695468749997 0.636669146875 0.380332340625 0.6418060515625 0.392419146875 0.6427125499999999 0.4048080359375 0.63999305625 0.408434028125 0.6263953375 0.39574305625 0.5756312 0.40722544687499995 0.5671703875 0.4135709328125 0.55115550625 0.393627728125 0.5541770828125 0.3900017359375 0.5898330859375001 0.3872822421875 0.6330431546875 0.35525247968749996 0.630927828125
2 0.35676339218750003 0.693476934375 0.370662946875 0.693476934375 0.3754977671875 0.6844117062499999 0.3757998515625 0.6768576390625001 0.3800302578125 0.6647708328124999 0.38395833281249997 0.6554035218750001 0.3848650796875 0.64966245 0.3483025796875 0.6605404265625 0.318387896875 0.6647708328124999 0.30902058593750004 0.6650729171875 0.30388368125 0.64543204375 0.295423115625 0.661446925 0.3189923109375 0.6838075390625 0.342561259375 0.6983115078125001 0.35676339218750003 0.693476934375
2 0.37942584375 0.71402430625 0.40027554531250004 0.7191612109375 0.4235424109375 0.7218807046875 0.444996528125 0.71946329375 0.38637574375 0.693476934375 0.38546924531250004 0.7016354171875 0.36069146875 0.6928725203125 0.3486046625 0.6995200890625 0.3582740578125 0.7043549109375 0.3673392859375 0.7097938984375001 0.37942584375 0.71402430625
2 0.5211428578125 0.5034126984375 0.5036173109375001 0.465339534375 0.5033149796874999 0.45476364062499997 0.48730009843750005 0.45023115156250004 0.48216319375000005 0.4511376484375 0.46191790624999995 0.48649131875 0.472191715625 0.49616071406250006 0.5144952875000001 0.5148953374999999 0.5211428578125 0.5034126984375
2 0.4452986109375 0.5055280265625 0.4507375984375 0.5006932046875 0.48337202343749996 0.44902256874999996 0.5018040671875 0.45415922656249996 0.539273065625 0.45929613125 0.546222965625 0.44902256874999996 0.5531728671875 0.43663368125 0.5592162703125 0.41880555625 0.5564967765625 0.40551016874999996 0.5474315468750001 0.396747271875 0.5329275796874999 0.3891932046875 0.5241646828125 0.3870778765625 0.5519642859375 0.3420548109375 0.552870784375 0.3308745046875 0.5425969734375 0.31818353125 0.52507118125 0.3021686515625 0.5005954859374999 0.2870600203125 0.4776307046875 0.27769295625 0.46342881875 0.2785994546875 0.45466592187500005 0.2885709328125 0.453155009375 0.29793824375 0.4700763890625 0.37045858125 0.4042036203125 0.40369717187500004 0.39906696406250003 0.5037150296874999 0.404505953125 0.5064345234375 0.41991641875 0.5097584328125 0.435931546875 0.5103625984375 0.4452986109375 0.5055280265625
2 0.200215278125 0.33043055625 0.2550478671875 0.2666984125 0.2630860609375 0.2560763890625 0.288636409375 0.21444965312500003 0.2653826890625 0.20267931562500002 0.224904265625 0.260669890625 0.182990328125 0.2354067453125 0.1792584328125 0.237129215625 0.174665178125 0.24057415624999998 0.16318179531250002 0.25148313437500003 0.15485639843750001 0.263540675 0.147679315625 0.27933010937499997 0.1494017859375 0.2885166171875 0.1875838296875 0.3155022328125 0.18098090312499998 0.3258373015625 0.1720813484375 0.3422008921875 0.1720813484375 0.351674603125 0.2025119046875 0.3396170640625 0.19935416718750001 0.335023809375 0.200215278125 0.33043055625
2 0.305 0.27473685468750003 0.3167703375 0.2342584328125 0.3067224703125 0.227368303125 0.29466493125 0.21904290624999997 0.2788754953125 0.24344494062500002 0.2820334828125 0.24430605156250002 0.29610044687500003 0.23110044687500003 0.305 0.27473685468750003