1 0.47636731093750007 0.3274938 0.481264384375 0.33667584375000004 0.49411929531250004 0.3464702375 0.4935071921875 0.365446428125 0.46167584375 0.467061259375 0.5075863093749999 0.502565228125 0.5241140875 0.501341021875 0.5394174109375001 0.46950992031250005 0.56267881875 0.435230159375 0.5755334828125 0.44318799531249997 0.5871641859375 0.43767881875 0.582879215625 0.39238045625 0.5718608625 0.37646478125 0.5749213796875 0.365446428125 0.5675758921875 0.3225967265625 0.5675758921875 0.3146388890625 0.5461510421875 0.3054568453125 0.5241140875 0.3385124015625 0.516768353125 0.3415729171875 0.5020771328125 0.33422743125 0.47636731093750007 0.3274938
1 0.46228794687499997 0.23628521875000003 0.450657490625 0.2687286703125 0.4469846234375 0.28219568437500003 0.451881696875 0.301783978125 0.4604516375 0.3195359625 0.46718526718750003 0.328105903125 0.51493204375 0.3311666671875 0.54125396875 0.307293403125 0.5473752484375 0.2981111109375 0.559005953125 0.30974181562499997 0.5614543656250001 0.300559771875 0.5583938484375001 0.2534250984375 0.5553330859375001 0.225266865625 0.5534965281249999 0.2203697921875 0.5449265875 0.2038420140625 0.5192170140625 0.19955704375 0.489834325 0.2130240578125 0.4757552078125 0.2203697921875 0.46228794687499997 0.23628521875000003
1 0.4341297125 0.2785228171875 0.43535391875 0.25158878906250004 0.43351760937500006 0.23934598281250002 0.43045684531250006 0.22771527812499998 0.42372346250000004 0.21975744062499997 0.398013640625 0.209351190625 0.382097965625 0.2062904265625 0.350266865625 0.216696925 0.3441453375 0.22587896875000002 0.34230902812499997 0.2424067453125 0.343533234375 0.265055803125 0.3190478671875 0.2724015375 0.308029265625 0.2889290671875 0.3055806046875 0.2950505953125 0.3221083828125 0.2889290671875 0.362509671875 0.283419890625 0.4127048609375 0.290153521875 0.4445359625 0.3042326390625 0.44331175624999997 0.29443849218749996 0.43474181562499997 0.2828077875 0.4341297125 0.2785228171875
1 0.3117021328125 0.21975744062499997 0.3074171625 0.21057539687500001 0.301295634375 0.20016914687499998 0.3025200890625 0.2870927578125 0.3178234125 0.26566790625 0.314762896875 0.254037203125 0.3117021328125 0.2405701890625 0.3117021328125 0.21975744062499997
1 0.544314484375 0.49460763906249994 0.5222775296875 0.5099109625 0.5645151296875001 0.5503120046875 0.5822671125000001 0.5258266375 0.5865520828124999 0.4872619046875 0.5865520828124999 0.45359424531250003 0.5883883921875 0.44624875937499997 0.5871641859375 0.43951512968750006 0.570636409375 0.4517579359375 0.56267881875 0.459103421875 0.560230159375 0.47440699375 0.544314484375 0.49460763906249994
1 0.3288420140625 0.5166445937499999 0.3055806046875 0.501953125 0.308029265625 0.5466393843749999 0.3104779265625 0.5466393843749999 0.331902778125 0.544802828125 0.3710796125 0.538681546875 0.3784250984375 0.5227658734375 0.37536458281249996 0.51909300625 0.33924826406249997 0.51909300625 0.3288420140625 0.5166445937499999
1 0.5198291171875 0.682533978125 0.5192170140625 0.6715153765624999 0.5302353671875 0.6543754953125 0.532071925 0.6415205859374999 0.5314595734374999 0.6433571421875001 0.51615625 0.65682415625 0.4769794140625 0.6721274796875 0.450657490625 0.66478199375 0.43351760937500006 0.65682415625 0.41698983125 0.65559995 0.41698983125 0.6690669640625 0.4078077875 0.6794732140625 0.3661822921875 0.6953888890625 0.31721130937500003 0.7308928578125 0.3117021328125 0.8006765874999999 0.3233328375 0.803125 0.34536979218749997 0.7896579859374999 0.4843251484375 0.6966130953125 0.49167063437499997 0.7057951390625 0.50697420625 0.69110391875 0.5198291171875 0.682533978125
1 0.3967891859375 0.7872095734375 0.425559771875 0.801288690625 0.43045684531250006 0.803125 0.53574454375 0.792106646875 0.55166021875 0.7229350203125 0.53574454375 0.7149771828125 0.5118712796875 0.7064072421875001 0.4818764875 0.699673859375 0.4022986109375 0.7541540171875 0.40046205312499994 0.7602755453125 0.3967891859375 0.7872095734375
1 0.699185515625 0.7015101687499999 0.67347569375 0.6782490078125 0.6385838296874999 0.6635575390625 0.5871641859375 0.657436259375 0.5663514390625 0.66478199375 0.5375811015624999 0.7884337796875001 0.6857185015625 0.7798638390625 0.7022462796875 0.7412991078125 0.699185515625 0.7015101687499999
1 0.5847157734375 0.9267770343749999 0.6373596234375001 0.910861359375 0.651438740625 0.8827031249999999 0.5265625 0.8888244046875 0.5565572921874999 0.9133100203125 0.5847157734375 0.9267770343749999
5 0.5570436515625 0.6517857140625 0.572420634375 0.6550099203124999 0.5845734125 0.65625 0.625744046875 0.658730159375 0.6507936515625 0.656994046875 0.6540178578125 0.656001984375 0.65674603125 0.653769840625 0.6577380953125 0.6475694437499999 0.6584821421875 0.6056547625 0.6572420640625001 0.6019345234375 0.6522817453124999 0.5987103171875 0.6416170640625001 0.59697420625 0.6391369046875 0.5957341265625 0.6329365078125 0.5957341265625 0.62450396875 0.593998015625 0.60987103125 0.5897817453124999 0.6078869046875 0.590277778125 0.5992063484375 0.5863095234375 0.5865575390625 0.5828373015625 0.574652778125 0.58134920625 0.571924603125 0.5825892859375 0.568700396875 0.5798611109375 0.56572420625 0.5791170640625001 0.56299603125 0.5801091265625 0.559771825 0.5873015875 0.5587797625 0.5922619046875 0.55009920625 0.6148313484375 0.549851190625 0.6183035718750001 0.549603175 0.6388888890625 0.550347221875 0.6455853171875 0.552579365625 0.6498015875 0.5570436515625 0.6517857140625
5 0.3764880953125 0.5917658734375 0.3802083328125 0.594494046875 0.3831845234375 0.6001984125 0.3958333328125 0.615575396875 0.41021825468750006 0.630704365625 0.4141865078125 0.6316964281249999 0.41493055625 0.634920634375 0.41815476250000005 0.6388888890625 0.43675595312500004 0.652777778125 0.4543650796875 0.6639384921875 0.4632936515625 0.6681547625 0.46527777812500004 0.6671626984375 0.4672619046875 0.6676587296875 0.468998015625 0.6703869046875 0.4704861109375 0.6703869046875 0.487103175 0.6649305562500001 0.509920634375 0.6545138890625 0.5228174609375 0.6455853171875 0.5265376984375 0.6416170640625001 0.5290178578125 0.640873015625 0.5379464281249999 0.6321924609375 0.546130953125 0.6202876984375 0.5513392859375 0.6076388890625 0.5548115078125 0.5957341265625 0.5570436515625 0.5927579359374999 0.5607638890625 0.5726686515625 0.562748015625 0.5669642859375 0.5634920640625001 0.559771825 0.56299603125 0.5560515875 0.559523809375 0.5533234125 0.5555555562500001 0.547123015625 0.5322420640625001 0.5235615078125 0.5238095234375 0.515873015625 0.5176091265625 0.5119047625 0.5141369046875 0.5076884921875 0.47743055625 0.4853670640625 0.47470238125 0.481646825 0.46031746093750003 0.4742063484375 0.45758928593750003 0.48214285781250005 0.45386904687499996 0.484623015625 0.4513888890625 0.49007936562500004 0.4484126984375 0.49280753906249997 0.446428571875 0.49801587343750003 0.4427083328125 0.5022321421875 0.44072420625 0.5091765875 0.4392361109375 0.5109126984375 0.42509920625 0.51884920625 0.409226190625 0.5230654765625 0.4050099203125 0.5203373015625 0.3958333328125 0.521329365625 0.388144840625 0.5295138890625 0.381200396875 0.531001984375 0.3764880953125 0.540674603125 0.3712797625 0.5634920640625001 0.3702876984375 0.5716765875 0.3695436515625 0.5803571421875 0.372023809375 0.5858134921875 0.37450396874999997 0.58779761875 0.3764880953125 0.5917658734375
5 0.3068209328125 0.5550322421875 0.3080171125 0.7093407734375 0.34988368125 0.6991733625000001 0.3732095734375 0.6925942453125 0.4114875984375 0.6734551093750001 0.39593700468750004 0.6256076390625 0.3761999015625 0.6262056046875 0.375601934375 0.6112532234375 0.3678266375 0.579554315625 0.3672286703125 0.550845734375 0.35287425625 0.546658978125 0.34210863125 0.5520419140625 0.3068209328125 0.5550322421875