2 0.6001984125 0.573970734375 0.606646825 0.4697420640625 0.6168154765625 0.2730654765625 0.6168154765625 0.2616567453125 0.615575396875 0.2554563484375 0.6109456843750001 0.2949521328125 0.6050359624999999 0.395955853125 0.5959821421875 0.512152778125 0.581101190625 0.7418154765625 0.5716765875 0.8712797625 0.5704365078125 0.8767361109375 0.5704365078125 0.8916170640625 0.563244046875 0.987103175 0.562748015625 0.999751984375 0.575396825 0.999751984375 0.590277778125 0.768105159375 0.6001984125 0.573970734375
2 0.65947420625 0.3980654765625 0.6644345234375 0.380704365625 0.668898809375 0.356646825 0.659722221875 0.3511904765625 0.6542658734375 0.35069444375000003 0.6421130953125 0.346726190625 0.6393849203124999 0.3474702375 0.6361607140625 0.34970238125 0.6336805562500001 0.35342261875 0.6302083328125 0.36036706406249996 0.6272321421875 0.3697916671875 0.625 0.3799603171875 0.6264880953125 0.384920634375 0.6304563484375 0.387648809375 0.65947420625 0.3980654765625
2 0.7738095234375 0.4392361109375 0.7857142859375 0.44320436562500004 0.79365079375 0.431299603125 0.80009920625 0.41865079375 0.80282738125 0.41195436562500004 0.8038194437499999 0.403769840625 0.7988591265625 0.3985615078125 0.750248015625 0.3824404765625 0.747519840625 0.38616071406249997 0.7390873015625 0.41195436562500004 0.736855159375 0.42410714218749995 0.7415674609375 0.4268353171875 0.7542162703125 0.43055555625 0.7738095234375 0.4392361109375
2 0.6609623015625 0.4856150796875 0.705605159375 0.4893353171875 0.7123015875 0.4890873015625 0.715277778125 0.4861111109375 0.7271825390625 0.45089285781250005 0.73115079375 0.43526785781250005 0.746527778125 0.39012896874999997 0.7482638890625 0.380704365625 0.7514880953125 0.3730158734375 0.7509920640625001 0.3643353171875 0.7445436515625 0.34052579375 0.7415674609375 0.33506944375000003 0.724454365625 0.330853175 0.7165178578125 0.3298611109375 0.681299603125 0.32762896874999997 0.6773313484375 0.327876984375 0.675347221875 0.3293650796875 0.6666666671875 0.372519840625 0.6629464281249999 0.384920634375 0.6574900796875001 0.4166666671875 0.6507936515625 0.44469246093750003 0.6507936515625 0.46304563437499996 0.65302579375 0.481646825 0.6545138890625 0.48363095312500004 0.6609623015625 0.4856150796875
2 0.6339285718750001 0.3355654765625 0.637896825 0.341021825 0.6493055562500001 0.3449900796875 0.653769840625 0.3452380953125 0.656498015625 0.34722222187499996 0.668402778125 0.3509424609375 0.672123015625 0.3420138890625 0.674355159375 0.3301091265625 0.6760912703125 0.328373015625 0.6839037703125 0.327876984375 0.7234623015625 0.3293650796875 0.7256944437499999 0.327876984375 0.7289186515625 0.31845238125 0.735119046875 0.3082837296875 0.7457837296875 0.297123015625 0.759424603125 0.2981150796875 0.7646329359374999 0.30009920625 0.769097221875 0.299851190625 0.7708333328125 0.2986111109375 0.7678571421875 0.2929067453125 0.7616567453124999 0.2864583328125 0.75322420625 0.280505953125 0.7380952375 0.27232142812500004 0.715277778125 0.26512896874999997 0.6889880953125 0.2614087296875 0.6855158734375 0.259920634375 0.668898809375 0.26215277812500004 0.66220238125 0.26215277812500004 0.6510416671875 0.2643849203125 0.6455853171875 0.265873015625 0.63467261875 0.27256944375000003 0.6299603171875 0.27777777812500004 0.6269841265625 0.2834821421875 0.6230158734375 0.3053075390625 0.6227678578125 0.3142361109375 0.624255953125 0.32142857187499996 0.6299603171875 0.3328373015625 0.6339285718750001 0.3355654765625
2 0.5198412703125 0.3851686515625 0.5248015875 0.387896825 0.52802579375 0.387648809375 0.549851190625 0.3769841265625 0.5550595234375 0.3730158734375 0.556795634375 0.36036706406249996 0.5548115078125 0.35342261875 0.5354662703125 0.34052579375 0.5014880953125 0.315228175 0.49131944375 0.310019840625 0.47743055625 0.3164682546875 0.4761904765625 0.31845238125 0.47594246093750003 0.3318452375 0.4779265875 0.35491071406249997 0.484375 0.358630953125 0.5198412703125 0.3851686515625
2 0.35838293593750004 0.2234623015625 0.3608630953125 0.2242063484375 0.43700396875 0.22544642812500001 0.4427083328125 0.22767857187499999 0.4466765875 0.22445436562499999 0.4456845234375 0.2224702375 0.440476190625 0.2202380953125 0.40699404687499996 0.2147817453125 0.3735119046875 0.2078373015625 0.3611111109375 0.206597221875 0.35491071406249997 0.20907738125000003 0.343501984375 0.21924603125000003 0.3422619046875 0.22048611093749998 0.34325396874999997 0.2227182546875 0.3487103171875 0.22395833281250002 0.35838293593750004 0.2234623015625
2 0.12532167656249998 0.32584300625 0.12532167656249998 0.35832886875000003 0.1456924609375 0.4502080859375 0.1778501984375 0.5765419140625 0.1958782234375 0.6336383921875 0.4642966265625 0.6182157734375 0.46987500000000004 0.6159186515624999 0.4741408734375 0.59951165625 0.4774223703125 0.4544739578125 0.4738127484375 0.2851537703125 0.4593747515625 0.284169146875 0.4557651296875 0.26382465312500003 0.45018675625000004 0.23888591250000002 0.44165500937499996 0.2260885421875 0.2375520828125 0.21985367031249997 0.2286922125 0.23101066406249998 0.22147321406249998 0.25594915625 0.215894840625 0.2874506453125 0.21425396874999997 0.3110766375 0.2060438984375 0.314686259375 0.1535416671875 0.3228896328125 0.12532167656249998 0.32584300625
1 0.4608134921875 0.28125 0.47222222187499996 0.2832341265625 0.4742063484375 0.2862103171875 0.474950396875 0.29241071406249997 0.47974925625 0.29380109062500004 0.49049330312499995 0.2953638390625 0.5012373515624999 0.2996614578125 0.505339534375 0.303763640625 0.5016279765625 0.30591245 0.496158234375 0.30591245 0.47545163749999997 0.3031775796875 0.4764283234375 0.30552182499999997 0.4906884921875 0.3070845734375 0.5016279765625 0.3113821921875 0.5069444437499999 0.3172123015625 0.5101686515625 0.31597222187499996 0.51612103125 0.30803571406249997 0.5235615078125 0.2948908734375 0.5248015875 0.2914186515625 0.5233134921875 0.28794642812500004 0.5240575390625 0.2832341265625 0.5895337296875 0.159226190625 0.603670634375 0.130704365625 0.6039186515625 0.1269841265625 0.6004464281249999 0.125 0.5863095234375 0.12202380937499999 0.5580357140625 0.118303571875 0.5376984125 0.1170634921875 0.531498015625 0.118799603125 0.525545634375 0.125 0.5109126984375 0.1445932546875 0.45089285781250005 0.2197420640625 0.44890872968749995 0.2234623015625 0.4451884921875 0.22693452343749998 0.44469246093750003 0.2289186515625 0.45262896875 0.25049603125000003 0.459325396875 0.2795138890625 0.4608134921875 0.28125
1 0.736855159375 0.3318452375 0.7420634921875 0.334325396875 0.7457837296875 0.3417658734375 0.752976190625 0.3697916671875 0.752976190625 0.3735119046875 0.750744046875 0.3767361109375 0.749751984375 0.380704365625 0.750248015625 0.384424603125 0.7537202375 0.38392857187499996 0.794146825 0.3970734125 0.8060515875 0.3988095234375 0.811755953125 0.4050099203125 0.8053075390625001 0.4117063484375 0.8060515875 0.4126984125 0.8087797625 0.41195436562500004 0.8147321421875 0.4045138890625 0.8216765875 0.3883928578125 0.8454861109375 0.3258928578125 0.844494046875 0.32217261875 0.8179563484375001 0.3142361109375 0.80927579375 0.31349206406249996 0.803075396875 0.3102678578125 0.78075396875 0.3048115078125 0.7740575390625 0.3023313484375 0.764880953125 0.30133928593750003 0.74950396875 0.297619046875 0.7445436515625 0.29786706406249996 0.740079365625 0.3040674609375 0.735119046875 0.3085317453125 0.7294146828125 0.3179563484375 0.7266865078125 0.3261408734375 0.7274305562500001 0.3293650796875 0.7326388890625 0.3320932546875 0.736855159375 0.3318452375
1 0.6262400796875001 0.281498015625 0.6304563484375 0.27678571406249997 0.639880953125 0.26909722187499996 0.6485615078125 0.26463293593750004 0.6629464281249999 0.2619047625 0.6808035718750001 0.2604166671875 0.6857638890625 0.25892857187499996 0.6917162703125 0.2539682546875 0.6946924609375 0.24751984062500001 0.6961805562500001 0.23958333281250002 0.6944444437499999 0.23635912656250002 0.684027778125 0.23164682499999997 0.6795634921875 0.230902778125 0.6185515875 0.2576884921875 0.6168154765625 0.259424603125 0.6165674609375 0.2730654765625 0.6175595234375 0.278273809375 0.6185515875 0.2795138890625 0.6262400796875001 0.281498015625
4 0.478174603125 0.990575396875 0.500248015625 0.872023809375 0.502728175 0.8541666671874999 0.5044642859375 0.84970238125 0.5086805562500001 0.8229166671874999 0.5119047625 0.8105158734375 0.525049603125 0.74032738125 0.553075396875 0.580605159375 0.560019840625 0.547123015625 0.5848214281249999 0.41046627031250005 0.5868055562500001 0.40401785781250005 0.6004464281249999 0.328869046875 0.6046626984375 0.3110119046875 0.606646825 0.2929067453125 0.612351190625 0.268105159375 0.612847221875 0.2606646828125 0.6165674609375 0.2487599203125 0.61904761875 0.2306547625 0.6388888890625 0.1297123015625 0.6417197421874999 0.1164109625 0.643209325 0.1100262890625 0.646188740625 0.0964060015625 0.64384771875 0.0891703875 0.638314484375 0.085339534375 0.6327812500000001 0.085978175 0.6295890375 0.08789335312499999 0.6262400796875001 0.094494046875 0.6234174109375 0.11172891874999999 0.6180555562500001 0.12847222187500001 0.6019345234375 0.1897321421875 0.6001984125 0.19965277812499999 0.5979662703125 0.206101190625 0.5766369046875 0.296626984375 0.5481150796875001 0.4114583328125 0.54737103125 0.41840277812500004 0.5394345234375 0.446924603125 0.5012400796875001 0.6056547625 0.4742063484375 0.721726190625 0.47197420625 0.728174603125 0.409226190625 0.986855159375 0.4079861109375 0.9935515875 0.40848214218749995 0.999751984375 0.47569444375 0.999751984375 0.478174603125 0.990575396875
1 0.6162814984375 0.7511029265625 0.62541493125 0.7628802078125 0.6307026296875 0.7676875 0.6328658234375 0.767446925 0.6383938484375 0.771292659375 0.6400763890625 0.77369618125 0.6434414687500001 0.77369618125 0.6614677578125 0.7628802078125 0.663390625 0.7585540671875 0.6619486609375 0.755429315625 0.6924734625 0.7393256453125 0.7119419640625 0.7304327875000001 0.741745784375 0.7179342765625 0.7266034218749999 0.6970235609375 0.7121822921875001 0.70134995 0.7088174609375 0.698225446875 0.6698802078125 0.7220203374999999 0.6439221234375 0.7335572921875 0.667236359375 0.7176939484375 0.7119419640625 0.695581596875 0.7136245046874999 0.68957266875 0.7393422625 0.6794779265625001 0.77587574375 0.6727480156250001 0.7917390875 0.6669794140625 0.80760243125 0.6640952375 0.823225446875 0.6701041671875 0.8316376484375001 0.6708251484375001 0.8508660718750001 0.654721478125 0.8491835312499999 0.6470302578125 0.8330798609375 0.6350126484375 0.828753471875 0.633330109375 0.8213025796875 0.6345317453125 0.7850091765625 0.6470302578125 0.7516001984375 0.6544811515625 0.7261227671875 0.6597688484375 0.7489563484375 0.6395793656250001 0.768665178125 0.6273211812499999 0.7830865578124999 0.622273809375 0.7876530265625 0.6181877484375 0.7910181046875 0.610496528125 0.7878936015625 0.60400694375 0.763137153125 0.59583506875 0.756887896875 0.60184375 0.7381403765625 0.6119387406250001 0.7136245046874999 0.6239563484375 0.6951173109375001 0.6328494546875 0.6708415171875 0.6518373015625001 0.6456044140625 0.6698638390625 0.6326254953125 0.67995858125 0.621569196875 0.6828427578125 0.6088306046875 0.6898129953125001 0.6042638890625 0.6963025796875 0.60330233125 0.7075992062500001 0.6097919140625 0.721780009375 0.618925346875 0.728029265625 0.625174603125 0.7323554062500001 0.6328658234375 0.735480159375 0.6427202375000001 0.7337976187499999 0.6487291671875 0.7275483625 0.6400763890625 0.721059028125 0.6340677078125 0.7138482140625 0.628539434375 0.7174536203125 0.6232517359374999 0.7179342765625 0.6210885421875 0.7162517359375 0.6218095234375001 0.7071185515625 0.6270974703125 0.7003886406250001 0.6345483625 0.695341021875 0.641037946875 0.6886113593750001 0.6414311796875001 0.6884855203125 0.6302219734375 0.70062896875 0.6343080359375 0.7136078875 0.6508923609374999 0.728029265625 0.6412782734375 0.735480159375 0.6249342765625 0.73644146875 0.617483134375 0.7395659718750001 0.6186850203125001 0.742450396875 0.6172428078125 0.7453345734375 0.6148392859375 0.74821875 0.6162814984375 0.7511029265625