5 0.39930555624999997 0.5223214281249999 0.400049603125 0.5243055562500001 0.39930555624999997 0.5292658734375 0.4050099203125 0.531001984375 0.40575396875 0.5329861109375 0.40699404687499996 0.5605158734375 0.41071428593750003 0.56299603125 0.41220238125 0.5665922625 0.41592261875 0.5870535718750001 0.41790674531249994 0.5917658734375 0.419146825 0.593005953125 0.42328050624999997 0.5936674109375 0.42509920625 0.5954861109375 0.42609127031250005 0.5992063484375 0.4283234125 0.6021825390625 0.4310515875 0.625 0.439980159375 0.6525297625 0.43948412656249997 0.6540178578125 0.44122023749999995 0.6547619046875 0.4424603171875 0.661954365625 0.4449404765625 0.66592261875 0.44469246093750003 0.6698908734375 0.44742063437499996 0.6736111109375 0.44866071406249997 0.6800595234375 0.4518849203125 0.686755953125 0.4543650796875 0.7008928578125 0.45758928593750003 0.7070932546875001 0.46031746093750003 0.718005953125 0.462549603125 0.7202380953125 0.466269840625 0.73115079375 0.46949404687499996 0.7356150796875001 0.47197420625 0.74404761875 0.4742063484375 0.7447916671875 0.47569444375 0.747519840625 0.474950396875 0.7519841265625 0.47842261875 0.7633928578125 0.478174603125 0.768105159375 0.48214285781250005 0.7745535718750001 0.4833829359375 0.7834821421875 0.48239087343750003 0.786954365625 0.48214285781250005 0.796626984375 0.4779265875 0.796130953125 0.47743055625 0.81200396875 0.47470238125 0.818204365625 0.48363095312500004 0.8226686515624999 0.493303571875 0.8229166671874999 0.4982638890625 0.822420634375 0.502728175 0.8189484125 0.509920634375 0.8164682546875 0.515873015625 0.8164682546875 0.5225694437499999 0.8139880953124999 0.5257936515625 0.814980159375 0.5453869046875 0.8040674609374999 0.5488591265625 0.7988591265625 0.5478670640625001 0.79365079375 0.549603175 0.79092261875 0.54737103125 0.7884424609375 0.546130953125 0.781498015625 0.5424107140625 0.7800099203124999 0.5416666671875 0.77529761875 0.5379464281249999 0.7708333328125 0.536954365625 0.7676091265625 0.5334821421875 0.7646329359374999 0.5302579359374999 0.765376984375 0.525049603125 0.7638888890625 0.5240575390625 0.75967261875 0.5257936515625 0.7576884921875 0.5260416671875 0.755704365625 0.5220734125 0.7482638890625 0.5225694437499999 0.743799603125 0.5208333328125 0.7366071421875 0.5208333328125 0.7323908734375 0.5173611109375 0.7256944437499999 0.515625 0.71825396875 0.5114087296875 0.7078373015625 0.5101686515625 0.7008928578125 0.5069444437499999 0.6964285718750001 0.5042162703125 0.6852678578125 0.502480159375 0.6830357140625 0.499751984375 0.672619046875 0.49603174531249994 0.6649305562500001 0.49305555625 0.650049603125 0.48511904687499996 0.6267361109375 0.47743055625 0.6081349203124999 0.4769345234375 0.603174603125 0.4751984125 0.59970238125 0.4751984125 0.5957341265625 0.471726190625 0.5900297625 0.4699900796875 0.5796130953125 0.46478174531249994 0.568204365625 0.4640376984375 0.562748015625 0.44122023749999995 0.5 0.439980159375 0.4982638890625 0.43675595312500004 0.49677579375 0.434523809375 0.49007936562500004 0.43427579375 0.4861111109375 0.4273313484375 0.4858630953125 0.424603175 0.486855159375 0.42237103125 0.4861111109375 0.41741071406249997 0.48883928593750003 0.40178571406249997 0.493303571875 0.40029761875 0.49404761875 0.39930555624999997 0.49776785781250005 0.3945932546875 0.50049603125 0.3953373015625 0.52157738125 0.396825396875 0.5220734125 0.3980654765625 0.521329365625 0.39930555624999997 0.5223214281249999
5 0.29637896874999997 0.93154761875 0.3023313484375 0.94072420625 0.3053075390625 0.9417162703124999 0.3077876984375 0.9441964281249999 0.313244046875 0.94717261875 0.3216765875 0.9484126984374999 0.3345734125 0.9444444437499999 0.3479662703125 0.9355158734375 0.34722222187499996 0.931299603125 0.3492063484375 0.927579365625 0.34821428593750003 0.9231150796875 0.34970238125 0.9198908734375 0.3484623015625 0.9079861109375 0.346726190625 0.9050099203125 0.3459821421875 0.9010416671874999 0.343998015625 0.8988095234375001 0.33258928593750003 0.8539186515624999 0.3296130953125 0.8457341265625 0.328869046875 0.837549603125 0.32713293593750004 0.8348214281249999 0.3241567453125 0.822420634375 0.3206845234375 0.8147321421875 0.3204365078125 0.8105158734375 0.31696428593750003 0.8055555562500001 0.3110119046875 0.8058035718750001 0.3060515875 0.8077876984374999 0.2914186515625 0.8102678578125 0.27777777812500004 0.8105158734375 0.2693452375 0.8082837296875001 0.26116071406249997 0.809027778125 0.26215277812500004 0.8174603171875001 0.268601190625 0.8420138890625 0.29017857187499996 0.9149305562500001 0.29637896874999997 0.93154761875
5 0.22445436562499999 0.9355158734375 0.24280753906250002 0.9521329359375 0.24801587343749998 0.9546130953124999 0.2574404765625 0.9623015875 0.2641369046875 0.969494046875 0.2693452375 0.971726190625 0.281001984375 0.9823908734375 0.286954365625 0.9858630953124999 0.29092261875 0.99032738125 0.30034722187499996 0.997023809375 0.30133928593750003 0.999751984375 0.3948412703125 0.999751984375 0.3948412703125 0.9980158734375 0.39732142812500004 0.99404761875 0.3955853171875 0.9913194437499999 0.38715277812500004 0.98487103125 0.38392857187499996 0.984126984375 0.3789682546875 0.97842261875 0.3635912703125 0.9672619046875001 0.3606150796875 0.966269840625 0.35838293593750004 0.96279761875 0.35342261875 0.9600694437499999 0.34052579375 0.94990079375 0.334325396875 0.9466765875 0.32217261875 0.950644840625 0.30654761875 0.94717261875 0.3018353171875 0.94345238125 0.29588293593750004 0.9355158734375 0.29340277812500004 0.927579365625 0.29017857187499996 0.922123015625 0.287450396875 0.9112103171875001 0.2827380953125 0.9079861109375 0.2728174609375 0.9047619046875001 0.2698412703125 0.8995535718750001 0.2633928578125 0.8995535718750001 0.2584325390625 0.8978174609374999 0.25347222187499996 0.8978174609374999 0.24107142812500001 0.8866567453125 0.240575396875 0.8841765875 0.23635912656250002 0.8831845234375001 0.234375 0.8794642859374999 0.2199900796875 0.8772321421875 0.2132936515625 0.8799603171875001 0.20808531718749998 0.8804563484375001 0.20486111093749998 0.88467261875 0.2043650796875 0.890625 0.2073412703125 0.911954365625 0.21056547656250002 0.9196428578125 0.22445436562499999 0.9355158734375
5 0.3358134921875 0.8603670640625 0.3385416671875 0.8732638890625 0.3415178578125 0.8772321421875 0.3457341265625 0.8928571421875 0.3514384921875 0.8953373015625001 0.35491071406249997 0.9007936515624999 0.3576388890625 0.8995535718750001 0.3608630953125 0.900049603125 0.365079365625 0.9042658734375 0.3695436515625 0.90674603125 0.372519840625 0.906994046875 0.37822420625 0.91220238125 0.418072171875 0.9299769343750001 0.422123015625 0.9335317453125 0.42609127031250005 0.934771825 0.428075396875 0.9365079359375 0.444196428125 0.9422123015625001 0.4513888890625 0.9464285718750001 0.466021825 0.9516369046875001 0.4751984125 0.953373015625 0.4789186515625 0.9511408734375 0.4796626984375 0.9489087296875001 0.481894840625 0.9489087296875001 0.4833829359375 0.950148809375 0.48635912656249997 0.9489087296875001 0.490575396875 0.9439484125 0.49007936562500004 0.9387400796875 0.4952876984375 0.9288194437499999 0.4985119046875 0.92509920625 0.500248015625 0.9079861109375 0.49925595312500004 0.90029761875 0.4982638890625 0.8990575390625001 0.49404761875 0.8988095234375001 0.48065476250000005 0.889880953125 0.47271825468750006 0.8891369046875001 0.46279761875 0.8856646828124999 0.4439484125 0.8767361109375 0.4365079359375 0.875248015625 0.4268353171875 0.8707837296875001 0.422123015625 0.8675595234375001 0.4139384921875 0.8663194437499999 0.3988095234375 0.85987103125 0.35491071406249997 0.843998015625 0.3489583328125 0.844494046875 0.346230159375 0.843501984375 0.3363095234375 0.843501984375 0.3328373015625 0.8452380953124999 0.3328373015625 0.84970238125 0.3345734125 0.8529265875 0.33407738125 0.8576388890625 0.3358134921875 0.8603670640625
5 0.4945436515625 0.5200892859375 0.5039682546875001 0.5245535718750001 0.51240079375 0.5243055562500001 0.527777778125 0.519097221875 0.530505953125 0.5166170640625001 0.5334821421875 0.515873015625 0.536954365625 0.512896825 0.5625 0.4985119046875 0.56572420625 0.49553571406249997 0.575644840625 0.4908234125 0.57762896875 0.48859127031250005 0.5798611109375 0.48834325468750006 0.5833333328125 0.49032738125 0.5863095234375 0.49007936562500004 0.5890376984375 0.491071428125 0.5952380953125 0.490575396875 0.603670634375 0.48635912656249997 0.605902778125 0.4833829359375 0.6106150796875001 0.47991071406249997 0.627480159375 0.47296627031250005 0.6302083328125 0.4699900796875 0.6331845234375 0.4610615078125 0.6336805562500001 0.453373015625 0.6324404765625 0.44320436562500004 0.627728175 0.4300595234375 0.621527778125 0.42237103125 0.6148313484375 0.4201388890625 0.61259920625 0.41790674531249994 0.6073908734375 0.41592261875 0.6019345234375 0.41468253906249997 0.5947420640625001 0.41468253906249997 0.5892857140625 0.4171626984375 0.5873015875 0.41964285781250005 0.5835813484375 0.4206349203125 0.57762896875 0.41964285781250005 0.5758928578125 0.422123015625 0.57217261875 0.4233630953125 0.568700396875 0.4231150796875 0.565228175 0.424603175 0.562748015625 0.4270833328125 0.5602678578125 0.42782738125 0.5570436515625 0.43154761875 0.5560515875 0.43526785781250005 0.559771825 0.43799603125 0.5613839281249999 0.43799603125 0.5615079359374999 0.44196428593750003 0.560019840625 0.4422123015625 0.5580357140625 0.44469246093750003 0.5538194437499999 0.44593253906249997 0.53075396875 0.45758928593750003 0.514880953125 0.46676587343750003 0.5074404765625 0.46875 0.4893353171875 0.47991071406249997 0.4779265875 0.49652777812500004 0.4828869046875 0.5106646828125 0.4925595234375 0.5203373015625 0.4945436515625 0.5200892859375
5 0.44345238125 0.48363095312500004 0.450396825 0.48809523749999995 0.453373015625 0.49156746093750003 0.45907738125 0.4950396828125 0.4675099203125 0.49652777812500004 0.4751984125 0.4950396828125 0.48040674531249994 0.4918154765625 0.48883928593750003 0.48040674531249994 0.5017361109375 0.4699900796875 0.5071924609375 0.4675099203125 0.5101686515625 0.46453372968749995 0.5111607140625 0.46279761875 0.509920634375 0.4585813484375 0.5119047625 0.4516369046875 0.51240079375 0.44196428593750003 0.50967261875 0.434771825 0.4920634921875 0.41741071406249997 0.48660714218749995 0.40848214218749995 0.481646825 0.4074900796875 0.474950396875 0.4077380953125 0.468998015625 0.41021825468750006 0.45734127031250005 0.4117063484375 0.456101190625 0.41319444375 0.4424603171875 0.41815476250000005 0.44097222187499996 0.41989087343750003 0.440228175 0.4268353171875 0.43675595312500004 0.428075396875 0.4327876984375 0.43154761875 0.4310515875 0.435019840625 0.430803571875 0.43973214218749995 0.4293154765625 0.44345238125 0.42509920625 0.44717261875 0.424355159375 0.44940476250000005 0.4231150796875 0.45510912656249997 0.4236111109375 0.45882936562500004 0.4293154765625 0.4704861109375 0.44345238125 0.48363095312500004
5 0.32713293593750004 0.52529761875 0.3298611109375 0.528273809375 0.337549603125 0.5329861109375 0.3546626984375 0.5376984125 0.369295634375 0.54092261875 0.375744046875 0.54092261875 0.37822420625 0.5399305562500001 0.3829365078125 0.537450396875 0.3864087296875 0.5329861109375 0.390873015625 0.5200892859375 0.393353175 0.5104166671875 0.393105159375 0.5089285718750001 0.39012896874999997 0.50595238125 0.3926091265625 0.4945436515625 0.3958333328125 0.4945436515625 0.3978174609375 0.493303571875 0.4007936515625 0.4890873015625 0.40203372968749995 0.47718253906249997 0.40029761875 0.46676587343750003 0.396329365625 0.4623015875 0.3869047625 0.4595734125 0.372519840625 0.45362103125 0.3608630953125 0.450148809375 0.3489583328125 0.44965277812500004 0.3425099203125 0.455605159375 0.334325396875 0.471230159375 0.33134920625 0.478174603125 0.32713293593750004 0.49776785781250005 0.325396825 0.5012400796875001 0.3239087296875 0.50967261875 0.3241567453125 0.5141369046875 0.3268849203125 0.5210813484375 0.32713293593750004 0.52529761875
5 0.375 0.450644840625 0.38368055624999997 0.45634920625 0.39012896874999997 0.4578373015625 0.3958333328125 0.455853175 0.403769840625 0.4513888890625 0.419394840625 0.4357638890625 0.43030753906249997 0.43154761875 0.43353174531249994 0.4273313484375 0.43427579375 0.4233630953125 0.4325396828125 0.4201388890625 0.43353174531249994 0.41592261875 0.4322916671875 0.4141865078125 0.424355159375 0.4136904765625 0.4141865078125 0.4164186515625 0.41071428593750003 0.4154265875 0.4012896828125 0.41617063437499996 0.3955853171875 0.41493055625 0.390376984375 0.41741071406249997 0.3869047625 0.4166666671875 0.38467261875 0.41765872968749995 0.380704365625 0.41617063437499996 0.365575396875 0.42261904687499996 0.362103175 0.4228670640625 0.359375 0.42584325468750006 0.359126984375 0.4283234125 0.36904761875 0.44469246093750003 0.372271825 0.4466765875 0.375 0.450644840625
5 0.6445932546875001 0.8055555562500001 0.6470734125 0.8080357140625001 0.6507936515625 0.809523809375 0.653521825 0.81299603125 0.661954365625 0.8169642859374999 0.668402778125 0.8164682546875 0.6803075390625 0.812251984375 0.6832837296875 0.810019840625 0.684771825 0.80654761875 0.6830357140625 0.7678571421875 0.6837797625 0.7633928578125 0.6822916671875 0.7482638890625 0.681299603125 0.7110615078125 0.6770833328125 0.6991567453124999 0.6733630953125 0.693700396875 0.6651785718750001 0.6887400796875001 0.659722221875 0.687748015625 0.65029761875 0.68799603125 0.6386408734375 0.6927083328125 0.6354166671875 0.69717261875 0.6331845234375 0.70634920625 0.6329365078125 0.721230159375 0.6359126984375 0.752976190625 0.640625 0.7889384921875 0.6445932546875001 0.8055555562500001
5 0.5049603171875 0.6862599203124999 0.5101686515625 0.696924603125 0.512152778125 0.6981646828125 0.5448908734375 0.703869046875 0.5558035718750001 0.7041170640625001 0.559771825 0.706101190625 0.562748015625 0.706101190625 0.575148809375 0.7051091265625 0.5803571421875 0.70362103125 0.587549603125 0.696924603125 0.590773809375 0.68700396875 0.59325396875 0.6696428578125 0.5858134921875 0.6599702375 0.578125 0.655505953125 0.57217261875 0.6552579359374999 0.568700396875 0.6525297625 0.56572420625 0.653521825 0.56299603125 0.6515376984375 0.5481150796875001 0.6493055562500001 0.5448908734375 0.650049603125 0.5419146828125 0.6525297625 0.5394345234375 0.6510416671875 0.5334821421875 0.6515376984375 0.531001984375 0.6480654765625 0.5257936515625 0.64657738125 0.513144840625 0.6495535718750001 0.5101686515625 0.64657738125 0.5066964281249999 0.6473214281249999 0.5039682546875001 0.6458333328125 0.49925595312500004 0.6478174609375 0.49553571406249997 0.65674603125 0.49553571406249997 0.659722221875 0.49776785781250005 0.6629464281249999 0.4990079359375 0.6696428578125 0.5049603171875 0.6862599203124999
5 0.5233134921875 0.7480158734375 0.527777778125 0.75322420625 0.531994046875 0.756200396875 0.5394345234375 0.7584325390625 0.5451388890625 0.7574404765625 0.54637896875 0.755704365625 0.5575396828125 0.7202380953125 0.55927579375 0.7123015875 0.559523809375 0.7048611109375 0.5550595234375 0.703373015625 0.5453869046875 0.703869046875 0.5399305562500001 0.7018849203124999 0.5248015875 0.69990079375 0.515873015625 0.700396825 0.512896825 0.6994047625 0.512152778125 0.700148809375 0.512896825 0.7075892859375 0.5205853171875 0.7291666671875 0.5230654765625 0.7408234125 0.5233134921875 0.7480158734375
5 0.75 0.6552579359374999 0.7549603171875 0.6574900796875001 0.7566964281249999 0.6617063484375 0.7564484125 0.6644345234375 0.7542162703125 0.66592261875 0.75595238125 0.669394840625 0.7566964281249999 0.6822916671875 0.762152778125 0.700396825 0.764880953125 0.6981646828125 0.768601190625 0.690228175 0.7703373015625 0.6820436515625 0.7770337296875 0.66865079375 0.7946428578125 0.618799603125 0.8033234125 0.599950396875 0.8085317453125 0.5858134921875 0.815228175 0.5662202375 0.8177083328125001 0.5558035718750001 0.8231646828124999 0.5446428578125 0.825644840625 0.5327380953125 0.825148809375 0.525545634375 0.8206845234375001 0.5200892859375 0.81200396875 0.5176091265625 0.809027778125 0.515625 0.7916666671875 0.512648809375 0.7886904765625 0.512648809375 0.7827380953125 0.5146329359374999 0.78125 0.5166170640625001 0.781001984375 0.5300099203124999 0.7795138890625 0.534226190625 0.778273809375 0.536954365625 0.7728174609375 0.541170634375 0.768105159375 0.5481150796875001 0.7646329359374999 0.560019840625 0.7435515875 0.6185515875 0.7447916671875 0.63467261875 0.75 0.6552579359374999
5 0.7738095234375 0.7415674609375 0.7854662703125 0.72470238125 0.786954365625 0.705605159375 0.7896825390625 0.7008928578125 0.7891865078125 0.6986607140625 0.7914186515625 0.6949404765625 0.7948908734375 0.693204365625 0.794394840625 0.689980159375 0.7986111109375 0.6837797625 0.8005952375 0.674851190625 0.8040674609374999 0.668898809375 0.8085317453125 0.6641865078125 0.8177083328125001 0.6612103171875 0.8206845234375001 0.658978175 0.827876984375 0.6426091265625 0.8303571421875 0.6396329359374999 0.8506944437499999 0.6021825390625 0.8526785718750001 0.59424603125 0.8635912703124999 0.575644840625 0.8660714281249999 0.560019840625 0.865079365625 0.55654761875 0.855902778125 0.5483630953125 0.844494046875 0.543898809375 0.83407738125 0.5426587296875 0.8268849203125 0.5431547625 0.822420634375 0.5483630953125 0.7708333328125 0.6822916671875 0.765873015625 0.700148809375 0.76512896875 0.7051091265625 0.7673611109375 0.7123015875 0.7676091265625 0.72197420625 0.7738095234375 0.7415674609375
5 0.706597221875 0.1626984125 0.7051091265625 0.1698908734375 0.700644840625 0.1758432546875 0.6984126984375 0.1862599203125 0.6964285718750001 0.19072420625 0.6946924609375 0.1922123015625 0.6919642859375 0.2021329359375 0.6887400796875001 0.2073412703125 0.6862599203124999 0.22395833281250002 0.6832837296875 0.23239087343749998 0.6808035718750001 0.23611111093749998 0.6793154765625 0.246527778125 0.675347221875 0.25967261875 0.674355159375 0.26661706406249996 0.674603175 0.2834821421875 0.6765873015625 0.2981150796875 0.6770833328125 0.31572420625 0.6741071421875 0.3417658734375 0.6706349203124999 0.34697420625 0.6681547625 0.3541666671875 0.6602182546875001 0.365079365625 0.6612103171875 0.36904761875 0.6609623015625 0.3732638890625 0.656498015625 0.3769841265625 0.656498015625 0.38368055624999997 0.6507936515625 0.3864087296875 0.650049603125 0.388144840625 0.64657738125 0.389880953125 0.6366567453124999 0.3921130953125 0.6302083328125 0.3921130953125 0.6299603171875 0.3948412703125 0.63095238125 0.396825396875 0.6302083328125 0.3970734125 0.6326884921875 0.4052579359375 0.62450396875 0.4052579359375 0.6210317453124999 0.40823412656249997 0.62177579375 0.41592261875 0.6240079359374999 0.41964285781250005 0.627480159375 0.4228670640625 0.6302083328125 0.4228670640625 0.6356646828125 0.4273313484375 0.6421130953125 0.4300595234375 0.6574900796875001 0.43402777812500004 0.665674603125 0.435019840625 0.6738591265625 0.4387400796875 0.6768353171875 0.43700396875 0.6984126984375 0.43551587343750003 0.70907738125 0.4327876984375 0.7115575390625 0.43154761875 0.7115575390625 0.42385912656249997 0.7123015875 0.42261904687499996 0.71552579375 0.422123015625 0.7177579359374999 0.424603175 0.718501984375 0.42385912656249997 0.718005953125 0.41865079375 0.716269840625 0.415178571875 0.709325396875 0.40674603125 0.7043650796875001 0.4045138890625 0.70362103125 0.3998015875 0.70262896875 0.40029761875 0.700148809375 0.3988095234375 0.7008928578125 0.3960813484375 0.69990079375 0.3883928578125 0.702380953125 0.38194444375000003 0.70634920625 0.365079365625 0.706597221875 0.3571428578125 0.70907738125 0.3449900796875 0.7123015875 0.315476190625 0.716269840625 0.2953869046875 0.7177579359374999 0.2748015875 0.7202380953125 0.2695932546875 0.7232142859375 0.2522321421875 0.7227182546875001 0.24007936562499999 0.724454365625 0.2358630953125 0.7239583328125 0.23487103125000003 0.718998015625 0.234375 0.7172619046875 0.23263888906250002 0.7172619046875 0.228174603125 0.719494046875 0.22073412656250002 0.7197420640625001 0.21354166718749998 0.72197420625 0.2053571421875 0.7224702375 0.1927083328125 0.7239583328125 0.1894841265625 0.724950396875 0.181299603125 0.728174603125 0.1733630953125 0.7333829359374999 0.16840277812499999 0.7358630953125 0.15798611093749998 0.7328869046875 0.1498015875 0.7299107140625 0.146329365625 0.71924603125 0.14310515937499999 0.7123015875 0.14384920625 0.7070932546875001 0.146329365625 0.706597221875 0.14930555625 0.703373015625 0.1540178578125 0.7095734125 0.1574900796875 0.7095734125 0.1603422625 0.7078373015625 0.162946428125 0.706597221875 0.1626984125
5 0.18675595312499998 0.162450396875 0.190476190625 0.1703869046875 0.193204365625 0.1738591265625 0.1956845234375 0.18030753906250002 0.1991567453125 0.1855158734375 0.2078373015625 0.19345238125 0.22048611093749998 0.2016369046875 0.2321428578125 0.20510912656250002 0.240575396875 0.20486111093749998 0.2445436515625 0.20262896874999997 0.2490079359375 0.202876984375 0.2519841265625 0.2016369046875 0.2549603171875 0.196428571875 0.2584325390625 0.194196428125 0.259920634375 0.18998015937499999 0.2638888890625 0.18725198437499999 0.2676091265625 0.17435515937499999 0.2708333328125 0.1703869046875 0.2740575390625 0.168898809375 0.2797619046875 0.16939484062500001 0.29017857187499996 0.1676587296875 0.29340277812500004 0.1681547625 0.30133928593750003 0.166170634375 0.3105158734375 0.165674603125 0.3137400796875 0.1644345234375 0.31696428593750003 0.1644345234375 0.3199404765625 0.165674603125 0.325396825 0.1636904765625 0.3303571421875 0.1644345234375 0.334325396875 0.1644345234375 0.3373015875 0.16319444375 0.3459821421875 0.1639384921875 0.349950396875 0.161954365625 0.3546626984375 0.162946428125 0.36036706406249996 0.161954365625 0.3700396828125 0.16220238125 0.372023809375 0.15972222187500001 0.374751984375 0.161954365625 0.37847222187499996 0.161954365625 0.381200396875 0.16344246093749998 0.38368055624999997 0.16220238125 0.393353175 0.1626984125 0.3953373015625 0.16071428593749998 0.3990575390625 0.161954365625 0.4007936515625 0.15947420625 0.40228174531249994 0.15947420625 0.403521825 0.161954365625 0.4047619046875 0.16220238125 0.4077380953125 0.15724206406250002 0.41046627031250005 0.15798611093749998 0.41344246093750003 0.15575396875 0.4164186515625 0.15649801562500001 0.418898809375 0.1525297625 0.4208829359375 0.15302579375 0.421875 0.15451388906250002 0.4228670640625 0.1542658734375 0.421626984375 0.1488095234375 0.424355159375 0.147321428125 0.428075396875 0.1488095234375 0.42906746093750003 0.14657738125 0.4283234125 0.140625 0.42906746093750003 0.13467261875 0.42782738125 0.1329365078125 0.42509920625 0.131200396875 0.4231150796875 0.13194444375 0.421626984375 0.131200396875 0.41617063437499996 0.12673611093749998 0.4074900796875 0.125 0.39161706406249996 0.12574404687500002 0.3883928578125 0.124255953125 0.38715277812500004 0.118303571875 0.38368055624999997 0.11755952343750001 0.381200396875 0.1145833328125 0.37549603125000003 0.11061507968749999 0.372519840625 0.110119046875 0.3658234125 0.1111111109375 0.353174603125 0.10987103125 0.3474702375 0.11061507968749999 0.325148809375 0.1103670640625 0.3229166671875 0.109375 0.3142361109375 0.10987103125 0.310019840625 0.108630953125 0.3020833328125 0.108630953125 0.2991071421875 0.1073908734375 0.287450396875 0.106646825 0.283978175 0.10714285781249999 0.278769840625 0.11061507968749999 0.2770337296875 0.10962301562500001 0.2760416671875 0.10689484062500001 0.2693452375 0.10689484062500001 0.266369046875 0.1078869046875 0.2636408734375 0.10615079375 0.2604166671875 0.10218253906250001 0.2579365078125 0.0952380953125 0.2542162703125 0.0915178578125 0.2537202375 0.087549603125 0.2477678578125 0.08209325468749999 0.246527778125 0.0796130953125 0.24404761874999997 0.07862103125 0.240575396875 0.07490079375 0.23759920625 0.0736607140625 0.23189484062500001 0.0689484125 0.222222221875 0.0662202375 0.2108134921875 0.065972221875 0.20238095312499998 0.06795634843750001 0.1966765875 0.0709325390625 0.19097222187500001 0.0761408734375 0.18402777812499999 0.0873015875 0.17906746093749998 0.10887896875 0.17881944375 0.12673611093749998 0.18055555625 0.1329365078125 0.1810515875 0.14409722187500001 0.18675595312499998 0.162450396875
5 0.3110119046875 0.19196428593749998 0.31150793593750004 0.1914682546875 0.3231646828125 0.1984126984375 0.32366071406249997 0.20907738125000003 0.32217261875 0.215773809375 0.3229166671875 0.218998015625 0.3487103171875 0.2209821421875 0.3554067453125 0.2199900796875 0.35838293593750004 0.2209821421875 0.39409722187499996 0.21279761874999997 0.40426587343750003 0.21205357187499999 0.40972222187499996 0.20907738125000003 0.41046627031250005 0.2073412703125 0.41021825468750006 0.1979166671875 0.40699404687499996 0.1929563484375 0.38169642812500004 0.16840277812499999 0.37549603125000003 0.1636904765625 0.334325396875 0.1679067453125 0.33159722187499996 0.168898809375 0.325148809375 0.168898809375 0.3196924609375 0.171875 0.3105158734375 0.17212301562500001 0.306299603125 0.1755952375 0.3050595234375 0.18154761875 0.3053075390625 0.1852678578125 0.309523809375 0.18725198437499999 0.3110119046875 0.19196428593749998
5 0.46676587343750003 0.20882936562499999 0.46800595312500004 0.20808531718749998 0.518353175 0.20486111093749998 0.5248015875 0.20138888906250002 0.5262896828125 0.193204365625 0.5300099203124999 0.1855158734375 0.53125 0.177579365625 0.52802579375 0.1731150796875 0.5248015875 0.17286706406250002 0.521825396875 0.17113095312499998 0.513144840625 0.168898809375 0.5101686515625 0.168898809375 0.5074404765625 0.16741071406250002 0.49950396875 0.166170634375 0.493303571875 0.162450396875 0.475446428125 0.1550099203125 0.474950396875 0.1540178578125 0.46825396875 0.1525297625 0.46155753906249997 0.1483134921875 0.4546130953125 0.1455853171875 0.45262896875 0.1470734125 0.4479166671875 0.17286706406250002 0.4476686515625 0.2016369046875 0.44866071406249997 0.20907738125000003 0.4637896828125 0.20808531718749998 0.46676587343750003 0.20882936562499999
5 0.2539682546875 0.209325396875 0.2564484125 0.21130952343749998 0.26661706406249996 0.22445436562499999 0.2733134921875 0.22470238125000003 0.27802579375 0.22594246093749998 0.281994046875 0.22445436562499999 0.287450396875 0.22619047656250002 0.2904265875 0.2229662703125 0.297123015625 0.22445436562499999 0.3196924609375 0.2202380953125 0.3209325390625 0.2085813484375 0.31944444375000003 0.20510912656250002 0.314980159375 0.20138888906250002 0.3082837296875 0.1929563484375 0.296875 0.1832837296875 0.284226190625 0.1760912703125 0.28174603125000003 0.17286706406250002 0.2762896828125 0.17361111093749998 0.2720734125 0.1758432546875 0.2671130953125 0.1820436515625 0.26116071406249997 0.19866071406250002 0.2576884921875 0.202876984375 0.2537202375 0.20486111093749998 0.2539682546875 0.209325396875
5 0.1862599203125 0.21552579375 0.1875 0.22147817500000003 0.196428571875 0.2227182546875 0.20386904687500002 0.221726190625 0.20808531718749998 0.2224702375 0.2150297625 0.22197420625 0.21875 0.2224702375 0.2199900796875 0.22371031718749998 0.2229662703125 0.2227182546875 0.22569444375 0.22544642812500001 0.2289186515625 0.2232142859375 0.231398809375 0.2172619046875 0.230902778125 0.2075892859375 0.22867063437500001 0.2053571421875 0.21924603125000003 0.2021329359375 0.21180555625 0.1956845234375 0.20808531718749998 0.193700396875 0.20262896874999997 0.18774801562500001 0.1984126984375 0.1855158734375 0.1897321421875 0.1696428578125 0.1820436515625 0.1485615078125 0.17906746093749998 0.147321428125 0.1703869046875 0.15451388906250002 0.16865079375 0.1577380953125 0.16741071406250002 0.1582341265625 0.1654265875 0.1654265875 0.1644345234375 0.1793154765625 0.1669146828125 0.1894841265625 0.1793154765625 0.20907738125000003 0.1862599203125 0.21552579375
5 0.21701388906250002 0.543898809375 0.2075892859375 0.5486111109375 0.2085813484375 0.5550595234375 0.21130952343749998 0.560019840625 0.215773809375 0.562748015625 0.21800595312499998 0.5691964281249999 0.22693452343749998 0.5763888890625 0.22867063437500001 0.5803571421875 0.23115079375 0.5803571421875 0.23387896874999997 0.5818452375 0.23511904687500002 0.584325396875 0.2408234125 0.5890376984375 0.250248015625 0.590773809375 0.2537202375 0.593998015625 0.2571924609375 0.5949900796875001 0.259424603125 0.5982142859375 0.2655009921875 0.597222221875 0.2698412703125 0.599454365625 0.2795138890625 0.5992063484375 0.2876984125 0.6004464281249999 0.29340277812500004 0.60615079375 0.296626984375 0.6071428578125 0.29786706406249996 0.5984623015625 0.299355159375 0.5954861109375 0.29588293593750004 0.59052579375 0.2951388890625 0.583829365625 0.2914186515625 0.57762896875 0.2904265875 0.5736607140625 0.275049603125 0.552579365625 0.2698412703125 0.5429067453124999 0.268105159375 0.5424107140625 0.265625 0.5391865078125 0.2616567453125 0.537450396875 0.2581845234375 0.5329861109375 0.24677579375 0.5257936515625 0.243799603125 0.5223214281249999 0.240575396875 0.5240575390625 0.23685515937499999 0.5228174609375 0.23387896874999997 0.5193452375 0.22916666718749998 0.5198412703125 0.22619047656250002 0.521329365625 0.2251984125 0.5295138890625 0.22123015937499999 0.53720238125 0.21800595312499998 0.540674603125 0.21701388906250002 0.543898809375
5 0.3023313484375 0.6334325390625 0.3110119046875 0.6269841265625 0.3142361109375 0.622271825 0.3137400796875 0.6205357140625 0.3110119046875 0.6185515875 0.3075396828125 0.6130952375 0.3070436515625 0.6106150796875001 0.30357142812500004 0.6083829359374999 0.302579365625 0.6049107140625 0.303075396875 0.599454365625 0.3020833328125 0.597222221875 0.3005952375 0.5989583328125 0.30133928593750003 0.6183035718750001 0.2991071421875 0.6269841265625 0.3005952375 0.6314484125 0.3023313484375 0.6334325390625
5 0.286288690625 0.68776016875 0.2757123015625 0.6502817453125 0.27659375 0.6374950390625 0.2946614578125 0.6092760421875 0.2893735125 0.603103175 0.254119046875 0.5995758921875 0.21710193437499997 0.6110396828125 0.19286458281250002 0.6207400796875 0.178762896875 0.6286765875 0.1778814484375 0.6423452375 0.1906612109375 0.64940005 0.2069662703125 0.6551319437500001 0.21489856093749998 0.6613048109374999 0.22018675625 0.6692413187499999 0.2250342265625 0.6833509421875 0.22591567499999998 0.6970193453125 0.23252579375 0.7186245046875 0.24001736093749998 0.7352735609375001 0.24750892812499997 0.7195064484375 0.25764459375 0.7071607140625 0.2726274796875 0.6934920640625 0.286288690625 0.68776016875
5 0.20784771875 0.8628060515625 0.2276783234375 0.861483134375 0.2536783234375 0.8482554562500001 0.2664580859375 0.8425235609374999 0.25323759843750004 0.7935813484375001 0.24089880937500002 0.78299925625 0.23605109062500002 0.761834821875 0.236491815625 0.7486071421875 0.2395766375 0.7331750984375 0.2272375984375 0.712892609375 0.223271578125 0.705837796875 0.21049181562500002 0.69966493125 0.20432217187499999 0.688641865625 0.197712053125 0.683053075 0.20828844218749998 0.8001951890625 0.1972713296875 0.8054861109375 0.198152778125 0.8315004953124999 0.20784771875 0.8628060515625
5 0.2250342265625 0.6965786203125 0.2184241078125 0.6696822921875001 0.216220734375 0.6604228671875 0.20608506875 0.6586592265625 0.1919833828125 0.6595411703125 0.19683085312499998 0.6705642359375 0.2166612109375 0.700546875 0.2250342265625 0.6965786203125
5 0.3929330359375 0.8107408234375001 0.3863229171875 0.7944268359375 0.3585600203125 0.758712053125 0.35900074375 0.75562574375 0.36032266874999996 0.7318159718749999 0.356356646875 0.70668353125 0.3431361609375 0.693455853125 0.3140513390625 0.68375545625 0.292898809375 0.6864010421875 0.267780009375 0.6991877484375 0.25103422656249996 0.7159427078125 0.24089880937500002 0.7397524796875 0.236491815625 0.76488516875 0.24618675625000003 0.7856083828125 0.259847965625 0.8036860125 0.28364459375 0.8089771828125001 0.30259375 0.8089771828125001 0.317576884375 0.804126984375 0.374424603125 0.8468963296875 0.3942552078125 0.8517465281250001 0.4048313484375 0.8468963296875 0.3929330359375 0.8107408234375001
5 0.4092380953125 0.6705642359375 0.404390625 0.6604228671875 0.3739838796875 0.6789417156249999 0.35900074375 0.6890022328125001 0.4184923109375 0.8663333328125 0.47489930625000004 0.8892611609375001 0.47225545625 0.874269840625 0.4092380953125 0.6705642359375
5 0.32991592187499996 0.6843417656249999 0.3378482140625 0.6918373015625 0.3682549609375 0.6781688984375001 0.400424603125 0.660091021875 0.4162889390625 0.6446587296875 0.4167296625 0.63539930625 0.37794990156249997 0.627462796875 0.3722209828125 0.622171875 0.3704583328125 0.6098258921874999 0.2827631453125 0.4365438984375 0.2501530265625 0.3748147328125 0.2413392859375 0.3479186515625 0.22547495 0.3449193953125 0.2131359125 0.352855903125 0.19286458281250002 0.3634379953125 0.19154265937499998 0.366524553125 0.1888985609375 0.37525570468749997 0.3228650796875 0.63760391875 0.3255091765625 0.64906795625 0.3158142359375 0.6825778765625 0.32991592187499996 0.6843417656249999
5 0.6313521828125 0.27070709375 0.64068204375 0.25628050625 0.64068204375 0.2350647328125 0.6355930062499999 0.223184028125 0.6279595734375001 0.21554637968749998 0.605907490625 0.2070600203125 0.5821589781250001 0.20790872968750002 0.45747916718750004 0.21045461250000003 0.21236061562500003 0.22742708281250001 0.1928529265625 0.23761061562500002 0.1920047125 0.2774962796875 0.207271578125 0.29107415625 0.35569990156250003 0.274950396875 0.59233680625 0.257129215625 0.608451884375 0.25628050625 0.615237103125 0.26306944374999996 0.6313521828125 0.27070709375
5 0.6415302578125 0.22912450468749998 0.6567971234375001 0.26306944374999996 0.672912203125 0.24439980156250002 0.7042941468749999 0.16208283750000002 0.7000533234375 0.156142609375 0.661037946875 0.1739637890625 0.638985615625 0.1646287203125 0.510065228125 0.10437624062499999 0.39047445468749997 0.0610962296875 0.374359375 0.072976934375 0.3701185515625 0.100981646875 0.39132266875 0.11371106093750001 0.4422123015625 0.14001860156249998 0.59742584375 0.2045141375 0.6186297125 0.20875744062499998 0.6330486109375 0.2180922625 0.6415302578125 0.22912450468749998
5 0.5295729171875 0.3444677578125 0.632200396875 0.34022470312499997 0.6517080859375 0.3665322421875 0.66697495 0.35125694375 0.6746083828125 0.32410069375 0.670367559375 0.2935500984375 0.6618859125000001 0.2731830359375 0.65510069375 0.266394096875 0.6364412203125001 0.2927016375 0.40489310468750006 0.291004215625 0.38368923593750004 0.299490575 0.2250830859375 0.2918529265625 0.2225384421875 0.3147658734375 0.22338665624999998 0.3385275296875 0.25222420625 0.3410734125 0.2853025796875 0.34022470312499997 0.38368923593750004 0.34616517812500003 0.5295729171875 0.3444677578125
5 0.46825396875 0.568204365625 0.4704861109375 0.5736607140625 0.47098214218749995 0.5801091265625 0.475446428125 0.5917658734375 0.477678571875 0.59375 0.48090277812500004 0.59375 0.48635912656249997 0.590773809375 0.4898313484375 0.591021825 0.5223214281249999 0.574652778125 0.5248015875 0.575148809375 0.549355159375 0.5625 0.5520833328125 0.56200396875 0.5580357140625 0.5585317453124999 0.559771825 0.5587797625 0.5863095234375 0.5458829359374999 0.5917658734375 0.5421626984375 0.5952380953125 0.5421626984375 0.5974702375 0.5391865078125 0.606894840625 0.5367063484375 0.621527778125 0.5295138890625 0.623346478125 0.5276951890625 0.6418650796875001 0.5198412703125 0.6455853171875 0.5168650796875001 0.6510416671875 0.5146329359374999 0.656001984375 0.5138888890625 0.65947420625 0.5109126984375 0.662450396875 0.5109126984375 0.6770833328125 0.503472221875 0.6820436515625 0.49801587343750003 0.6810515875 0.4861111109375 0.675347221875 0.47247023749999995 0.6728670640625001 0.46875 0.66865079375 0.465773809375 0.6634424609375 0.46825396875 0.660052828125 0.46875 0.6550099203124999 0.46800595312500004 0.6480654765625 0.468998015625 0.6450892859375 0.46676587343750003 0.6388888890625 0.4672619046875 0.6366567453124999 0.468501984375 0.634424603125 0.471726190625 0.6240079359374999 0.4766865078125 0.62177579375 0.4789186515625 0.61259920625 0.481398809375 0.60987103125 0.48363095312500004 0.606646825 0.484623015625 0.6046626984375 0.4861111109375 0.6019345234375 0.49131944375 0.5982142859375 0.4925595234375 0.5915178578125 0.4923115078125 0.583829365625 0.4947916671875 0.5803571421875 0.493303571875 0.5704365078125 0.49578372968749995 0.565972221875 0.497519840625 0.5639880953125 0.5 0.5575396828125 0.5022321421875 0.5446428578125 0.5091765875 0.5421626984375 0.5116567453124999 0.53075396875 0.518601190625 0.475446428125 0.540674603125 0.474950396875 0.5396825390625 0.4742063484375 0.54092261875 0.46478174531249994 0.543402778125 0.46279761875 0.5429067453124999 0.4613095234375 0.5456349203124999 0.4635416671875 0.556795634375 0.468501984375 0.56572420625 0.46825396875 0.568204365625
5 0.44965277812500004 0.521329365625 0.45238095312500004 0.5262896828125 0.4543650796875 0.53720238125 0.46031746093750003 0.5446428578125 0.4635416671875 0.543898809375 0.46651785781250005 0.5448908734375 0.47271825468750006 0.5416666671875 0.47569444375 0.5414186515625 0.4779265875 0.5424107140625 0.4982638890625 0.5359623015625 0.500744046875 0.533978175 0.5009920640625001 0.5292658734375 0.49925595312500004 0.5245535718750001 0.49032738125 0.5203373015625 0.474950396875 0.5037202375 0.46490575468750006 0.502480159375 0.462549603125 0.5017361109375 0.4613095234375 0.49801587343750003 0.4578373015625 0.4985119046875 0.4546130953125 0.49677579375 0.450644840625 0.497519840625 0.44717261875 0.49603174531249994 0.4456845234375 0.493303571875 0.444196428125 0.49404761875 0.44444444375 0.506200396875 0.446924603125 0.5133928578125 0.44915674531249994 0.5168650796875001 0.44965277812500004 0.521329365625
5 0.6423611109375 0.46825396875 0.6517857140625 0.46453372968749995 0.659226190625 0.46304563437499996 0.67137896875 0.4632936515625 0.6741071421875 0.462549603125 0.67782738125 0.4585813484375 0.678075396875 0.446428571875 0.674603175 0.44122023749999995 0.65947420625 0.4360119046875 0.6453373015625 0.43377976250000005 0.6421130953125 0.434523809375 0.6397983625 0.43708655781249994 0.6361607140625 0.4375 0.6339285718750001 0.4392361109375 0.634424603125 0.44940476250000005 0.6334325390625 0.4670138890625 0.6356646828125 0.468998015625 0.6423611109375 0.46825396875
5 0.74032738125 0.1614583328125 0.7388392859375 0.1703869046875 0.737103175 0.17361111093749998 0.737351190625 0.1773313484375 0.7415674609375 0.18055555625 0.7619047625 0.1832837296875 0.7678571421875 0.18576388906250002 0.7723214281249999 0.184771825 0.7800099203124999 0.18576388906250002 0.7827380953125 0.1837797625 0.7832341265625 0.1800595234375 0.7824900796875001 0.178075396875 0.783730159375 0.17509920625 0.787450396875 0.171875 0.7914186515625 0.1706349203125 0.7946428578125 0.165178571875 0.7956349203124999 0.162450396875 0.7951388890625 0.1480654765625 0.7914186515625 0.12375992031250001 0.7896825390625 0.11855158750000001 0.7849702375 0.11383928593749999 0.7790178578125 0.112103175 0.7703373015625 0.1113591265625 0.75 0.1140873015625 0.7415674609375 0.11681547656249999 0.736855159375 0.12003968281249999 0.7328869046875 0.12127976250000001 0.7279265875 0.12524801562500001 0.7199900796875001 0.133928571875 0.7199900796875001 0.13814484062500001 0.7323908734375 0.1445932546875 0.7388392859375 0.15625 0.74032738125 0.1614583328125
5 0.6388888890625 0.1574900796875 0.640625 0.16220238125 0.6443452375 0.1666666671875 0.646825396875 0.1666666671875 0.6512896828125 0.1698908734375 0.6607142859375 0.17261904687500002 0.6760912703125 0.1669146828125 0.6949404765625 0.15798611093749998 0.6986607140625 0.15376984062500001 0.700396825 0.14508928593749998 0.6976686515625 0.1386408734375 0.6917162703125 0.13368055625 0.6679067453124999 0.1262400796875 0.656001984375 0.125 0.6475694437499999 0.1272321421875 0.634920634375 0.13467261875 0.6319444437499999 0.1386408734375 0.6287202375 0.1498015875 0.6287202375 0.1550099203125 0.6304563484375 0.15649801562500001 0.6361607140625 0.15798611093749998 0.6388888890625 0.1574900796875
5 0.55654761875 0.1264880953125 0.560019840625 0.12946428593749998 0.5642361109375 0.1304563484375 0.5691964281249999 0.1341765875 0.5741567453124999 0.13616071406250002 0.57862103125 0.1366567453125 0.5917658734375 0.143353175 0.5949900796875001 0.143601190625 0.60342261875 0.14930555625 0.610119046875 0.1525297625 0.61259920625 0.153273809375 0.6160714281249999 0.15029761875 0.6163194437499999 0.143601190625 0.6197916671875 0.12748015937499999 0.6200396828125 0.1197916671875 0.6165674609375 0.1103670640625 0.60887896875 0.10243055625 0.6039186515625 0.099454365625 0.5863095234375 0.09325396875 0.57490079375 0.0917658734375 0.56572420625 0.0922619046875 0.559027778125 0.09474206406249999 0.5540674609375 0.0984623015625 0.5513392859375 0.10292658750000001 0.55009920625 0.1073908734375 0.5481150796875001 0.11904761875 0.549355159375 0.1230158734375 0.5508432546875001 0.12450396875 0.55654761875 0.1264880953125
5 0.740079365625 0.4456845234375 0.747271825 0.4513888890625 0.7606646828125 0.45114087343750003 0.7916666671875 0.4479166671875 0.794394840625 0.44618055625 0.797123015625 0.4422123015625 0.800347221875 0.435019840625 0.8020833328125001 0.421626984375 0.8020833328125001 0.41468253906249997 0.800347221875 0.409226190625 0.796626984375 0.41071428593750003 0.7601686515625 0.3985615078125 0.7581845234375 0.396329365625 0.750744046875 0.3923611109375 0.747271825 0.3923611109375 0.7358630953125 0.41592261875 0.734375 0.42782738125 0.7299107140625 0.439980159375 0.7395833328125 0.44320436562500004 0.740079365625 0.4456845234375
5 0.7797619046875 0.512152778125 0.7832341265625 0.513144840625 0.7881944437499999 0.5116567453124999 0.796875 0.5111607140625 0.803075396875 0.512152778125 0.8085317453125 0.51512896875 0.8144841265625 0.516369046875 0.8209325390625001 0.515873015625 0.8236607140625001 0.514880953125 0.8258928578125 0.512648809375 0.83407738125 0.49801587343750003 0.8358134921874999 0.4908234125 0.8358134921874999 0.48487103125 0.8353174609374999 0.48214285781250005 0.82762896875 0.4670138890625 0.8206845234375001 0.46006944375 0.8110119046875001 0.4548611109375 0.8008432546875 0.4521329359375 0.7894345234375 0.4516369046875 0.7824900796875001 0.453373015625 0.7710813484375 0.4580853171875 0.7671130953125 0.4613095234375 0.76512896875 0.46453372968749995 0.7636408734375 0.4640376984375 0.762152778125 0.46006944375 0.7591765875 0.459821428125 0.75595238125 0.46155753906249997 0.7554563484375 0.46279761875 0.7740575390625 0.497271825 0.7762896828125 0.505704365625 0.7797619046875 0.512152778125
5 0.44915674531249994 0.9866071421875 0.44122023749999995 0.978174603125 0.43551587343750003 0.9759424609374999 0.42509920625 0.9766865078125001 0.4164186515625 0.9801587296875001 0.40947420625 0.984375 0.3980654765625 0.9950396828124999 0.396825396875 0.999751984375 0.452876984375 0.999751984375 0.45262896875 0.9933035718750001 0.44915674531249994 0.9866071421875
5 0.7217428078125 0.425689484375 0.706970734375 0.43384399843750004 0.6876143359375 0.4363923609375 0.6764077375 0.4700302578125 0.6815017359375 0.4817524796875 0.6820109125 0.49806175625 0.7115553078125 0.48888764843750004 0.7222522328125 0.45372098281250006 0.7950942453125001 0.229043403125 0.8169977671875 0.21171478124999998 0.8261666671875 0.20508928593750003 0.81343204375 0.1969345234375 0.7665687 0.1877606640625 0.7314211312500001 0.1811349203125 0.72887425625 0.1928571421875 0.7431369046875 0.2193598703125 0.72632738125 0.28612574375 0.704933284375 0.39451760937499997 0.7120647328125 0.40988988125 0.72072420625 0.4134575890625 0.7217428078125 0.425689484375
5 0.7782844734375 0.536712053125 0.7787938984375 0.5173449906250001 0.7686061515625 0.4847264390625 0.7528154765624999 0.46179166718750003 0.73702430625 0.449559771875 0.7298931046875 0.449559771875 0.7135927578125 0.48829414687500006 0.47774826406250004 0.5988911203125 0.4894640375 0.6359655265625 0.72632738125 0.52753819375 0.7436463296875 0.5305962296875 0.767078125 0.5418087796875 0.7782844734375 0.536712053125
5 0.49201091249999995 0.8260332343749999 0.471126240625 0.82144618125 0.461957340625 0.8474389875 0.475710565625 0.8805672124999999 0.49048288749999996 0.8892313984375001 0.5037266859375 0.90401165625 0.5072924109375 0.8866830359375 0.5011798109375001 0.8622192453125 0.520027034375 0.849477678125 0.5312333828125 0.8153301093750001 0.5246113593749999 0.8183881453125 0.513914434375 0.82144618125 0.49201091249999995 0.8260332343749999
5 0.5546651781249999 0.8704578375 0.5617963796875001 0.8628127484375 0.6050939984375 0.6905466265625 0.608659721875 0.669140625 0.62496006875 0.6563990578125 0.6422790171874999 0.6472251984375 0.6412604171875 0.6380513390625 0.6076408734375 0.6197033734375 0.5719841265625 0.611548859375 0.5516088796874999 0.611548859375 0.5546651781249999 0.6334642859375 0.565362103125 0.6405994546875 0.5724935515625 0.6497735609374999 0.5770778765625 0.6543603671875 0.5882844734375 0.657928075 0.592359375 0.6676116078125001 0.592359375 0.6798437500000001 0.5867562000000001 0.6946240078125 0.573512153125 0.7078752484375 0.5648526781250001 0.7058365578125 0.5531369046875 0.7450806046875 0.5500806046875 0.7598608625 0.557212053125 0.766486359375 0.563834078125 0.7766798109375 0.5628152281250001 0.79146006875 0.5500806046875 0.8062400796875 0.5485525796874999 0.807769096875 0.53276165625 0.8174528765625 0.5225739093749999 0.85261954375 0.5337802578125 0.8597549609374999 0.54345858125 0.8668901296874999 0.5546651781249999 0.8704578375
5 0.597962796875 0.8327428078124999 0.6050939984375 0.8179625500000001 0.6203754953125 0.8067497515625 0.6320915171875 0.8036919640625 0.6382041171874999 0.7991049109375 0.63565699375 0.786873015625 0.63361954375 0.764957340625 0.6320915171875 0.7435515875 0.63361954375 0.712462053125 0.63565699375 0.6885079359375 0.63667584375 0.6798437500000001 0.63361954375 0.6650634921874999 0.62546949375 0.6625151296875 0.6106971718749999 0.6660828375000001 0.5913407734375 0.7522157734375 0.5831904765625 0.79196949375 0.5760592765625 0.8154141859375 0.574021578125 0.845994046875 0.5974533734375 0.8541485609375 0.6000002484375 0.8470131453124999 0.6000002484375 0.843445684375 0.597962796875 0.8327428078124999
5 0.6983112593749999 0.8087046125 0.6677482640625 0.8239945437499999 0.6483916171875 0.8092142859375 0.6264880953125 0.8061562500000001 0.6147723218750001 0.810743303125 0.6015282734375 0.8275620046875 0.6000002484375 0.8484583328124999 0.5994908234375 0.8657869546875 0.611206596875 0.8810768843749999 0.6229223703125 0.9024826390625 0.6438072921875 0.9147145343749999 0.6646919640625 0.9106371531249999 0.6830297625 0.893818453125 0.6860860609375 0.8662966265625001 0.7161396328125 0.8499873515624999 0.7181773312499999 0.8255235609374999 0.7110458828125 0.8036078874999999 0.6983112593749999 0.8087046125
5 0.6101879953125 0.8902088296875 0.6025471234374999 0.8631966765625 0.5607777781250001 0.873899553125 0.54142113125 0.873899553125 0.53276165625 0.8693125 0.5154424609375 0.8540225687499999 0.5032172625 0.8667641375 0.5021986609375 0.9054987593750001 0.5062735609375 0.9136532734375 0.514933284375 0.9340396828124999 0.527667659375 0.9401557546875001 0.5312333828125 0.9615615078124999 0.54396800625 0.956974703125 0.5561932046875 0.9294528765625 0.565362103125 0.923846478125 0.62750694375 0.9090662203125 0.62241319375 0.8998923609375 0.617319196875 0.8973439984375 0.6101879953125 0.8902088296875
5 0.6845580359375 0.8922472718750001 0.7181773312499999 0.8830734124999999 0.7186865078125 0.853512896875 0.6891423609375 0.8637061015624999 0.6845580359375 0.8922472718750001
5 0.6901612109374999 0.8932666171875001 0.6860860609375 0.89836334375 0.6815017359375 0.910085565625 0.6677482640625 0.9136532734375 0.6438072921875 0.9172209828125 0.63158209375 0.910085565625 0.5587400796875001 0.955445684375 0.54906175625 0.97277430625 0.5505900296874999 0.982967509375 0.5582306546875 0.9977477671875 0.5694372515625 0.999751984375 0.597962796875 0.9977477671875 0.72276165625 0.9065178578124999 0.72428993125 0.882563740625 0.7166490578125 0.8856217765625001 0.6901612109374999 0.8932666171875001
5 0.7823596234375 0.8245880453125001 0.77777505 0.8439553578125001 0.7767562 0.8607740578125 0.7726813 0.86892881875 0.7772658734375 0.9046051593750001 0.791528521875 0.909701884375 0.8032442953125001 0.9163276296875 0.8083380453125001 0.9382430562499999 0.799678571875 0.9586294640625 0.8006974203125001 0.962197171875 0.8231103671875 0.9606681546875 0.8358447421875 0.9514942953125001 0.838391865625 0.9382430562499999 0.8302415671875 0.9219337796874999 0.82056324375 0.9132695937499999 0.81597891875 0.9061341765625001 0.8169977671875 0.8944119546874999 0.8480699406250001 0.684940228125 0.846032490625 0.6732180062500001 0.8399198906249999 0.6655731640625 0.8251478171875 0.6635344734374999 0.81546949375 0.6660828375000001 0.8052817453125 0.671179315625 0.785415921875 0.7924791671875 0.7869439484375 0.8062400796875 0.7900002484375 0.8143948406250001 0.7823596234375 0.8245880453125001
5 0.7253085312499999 0.9621299609375 0.7497591765625 0.9718137406249999 0.7742095734375 0.9687557046874999 0.7925625000000001 0.960074653125 0.8037688484375 0.9498814484375 0.805806546875 0.935101190625 0.8022408234375 0.9208306046875 0.7956188 0.911146825 0.776771578125 0.90146329375 0.74926488125 0.6997204859374999 0.7451897328125 0.6701599703125 0.7365302578125 0.659966765625 0.7171736109375 0.6584377484374999 0.7059672625 0.6609861109375 0.6993452375 0.666592509375 0.6957795140624999 0.671179315625 0.6967983624999999 0.6783147328125 0.7268519343750001 0.90511483125 0.7247991078125 0.9111889874999999 0.7115553078125 0.92033755 0.706970734375 0.9269632937500001 0.7141021828125 0.9524464281249999 0.7253085312499999 0.9621299609375
5 0.7426428578125 0.6615376984375 0.74722743125 0.6732599203125 0.765565228125 0.8297266859375 0.78746875 0.8195334828125 0.787978175 0.8037338796875 0.730417659375 0.5881463296875 0.7365302578125 0.571837053125 0.74824603125 0.5585858140625 0.74722743125 0.548902034375 0.73856795625 0.5351411203125 0.7237956343749999 0.5346314484375 0.6489164187500001 0.5708177078125 0.6626696421875 0.5815205859375 0.6850825890625 0.596810515625 0.7049484125000001 0.6550672125 0.719720734375 0.6528735125 0.7375491078125 0.655931546875 0.7426428578125 0.6615376984375
5 0.7539561015625 0.361881696875 0.749974703125 0.3738328375 0.748481646875 0.38926959375000003 0.7877991078125001 0.4104330359375 0.795762153125 0.412673859375 0.8039739578124999 0.4054533734375 0.8149233625000001 0.3925064484375 0.8263700390625001 0.373334821875 0.8310982140625001 0.35466121093749997 0.8320935015625001 0.3464446921875 0.8278630953125001 0.3409672625 0.7962599203125 0.32627728125 0.7880478671875 0.32378745000000003 0.7753568953125 0.3334977671875 0.7617948906249999 0.3360654765625 0.759430803125 0.3419630453125 0.7574399796875 0.34768973281250004 0.7539561015625 0.361881696875
5 0.7746103671875 0.3352814984375 0.77933829375 0.32756324375 0.7880478671875 0.32158755 0.7930248015625 0.323579365625 0.7962599203125 0.32407738125 0.790038690625 0.313122271875 0.7788407734375 0.3034119546875 0.770877728125 0.30888963281250004 0.7614216265625 0.32880803593749997 0.7671450890625 0.33403670625 0.7746103671875 0.3352814984375
5 0.7820756453125 0.2844893359375 0.789540921875 0.2812524796875 0.795762153125 0.2762728171875 0.7927760421875 0.2416287203125 0.7887943953125001 0.2498807046875 0.7756056546875 0.2844893359375 0.7820756453125 0.2844893359375
5 0.6019432046875 0.3641619546875 0.597369046875 0.3507366078125 0.592794890625 0.34524454375 0.502834325 0.34799057499999997 0.43056076406250005 0.361415921875 0.32687747968749997 0.3708745046875 0.318948909375 0.372094990625 0.31193502031250003 0.36843353125 0.28052505 0.344634425 0.2729012890625 0.345549603125 0.2811349203125 0.406878471875 0.2896736109375 0.4434928078125 0.29607738125 0.458748759375 0.3052259421875 0.44623883906249995 0.3244379953125 0.4276264875 0.32840228125 0.423965278125 0.334501240625 0.422134425 0.5888303578125 0.3937584328125 0.5988938484374999 0.389181546875 0.60346800625 0.3757564484375 0.6019432046875 0.3641619546875
5 0.3418201890625 0.34465947343750003 0.2930280265625 0.34954141875 0.317119046875 0.3712048609375 0.3607271828125 0.3663229171875 0.3552380953125 0.35289756875 0.3418201890625 0.34465947343750003
5 0.4232420640625 0.2854915671875 0.4177529765625 0.27115104218749997 0.36133705312500003 0.2742021328125 0.3412103171875 0.27969444375 0.345174603125 0.28976339218749997 0.3924419640625 0.29342460312499996 0.41287375937500004 0.2891530265625 0.4232420640625 0.2854915671875
5 0.2623990578125 0.5228420140625001 0.2551674109375 0.5041966765625 0.22568526718749998 0.45160019843750004 0.214559771875 0.4593923609375 0.1834084828125 0.483046875 0.201209078125 0.5014139390625 0.22540699375 0.5200592765625001 0.23541989062500002 0.5153283734375 0.24515476249999998 0.515606646875 0.2459890875 0.516998015625 0.2623990578125 0.5228420140625001
5 0.2201225203125 0.5745580359375 0.20871875 0.5598085312500001 0.20593750000000002 0.54923363125 0.212612846875 0.5447810015625 0.2217911703125 0.5350409218750001 0.22485069375000002 0.5250225687500001 0.21873164687500002 0.5169521328125 0.20315625 0.5147259421875 0.18702430625 0.51194295625 0.1895275296875 0.5536862593749999 0.195646578125 0.5650959828125 0.197871528125 0.5753928578124999 0.1981498015625 0.6179709828125 0.22206944375 0.6076743546875 0.2223474703125 0.5826282234375 0.2201225203125 0.5745580359375
5 0.6450188484375 0.5685865578125 0.5942470234375 0.5905823406249999 0.6044538687500001 0.5947720734375 0.6259139390625 0.6007946421875 0.6437103171875 0.6057698406250001 0.6531319437499999 0.5795845734375 0.65051488125 0.5764422125 0.65051488125 0.566753471875 0.6450188484375 0.5685865578125
5 0.6897713296875 0.6175317453125 0.687154265625 0.604962796875 0.682443453125 0.5981545140625 0.6811349203125 0.593703125 0.6743306046875001 0.5923938484375 0.6679186515625 0.60114930625 0.658366071875 0.6272204859375 0.681396578125 0.6382182546874999 0.695790675 0.641622271875 0.6897713296875 0.6175317453125
5 0.632980159375 0.6054863593750001 0.59450868125 0.593703125 0.5863958328125001 0.5994637890625001 0.5843020828125 0.6122946421875 0.6099496531249999 0.6180555562500001 0.6298397812500001 0.6266966765624999 0.6439719734375 0.6361235125 0.6486827875000001 0.6363851687500001 0.6539171625 0.6125565468749999 0.6497296625 0.6028678078125 0.6444955359375 0.6039154265625 0.632980159375 0.6054863593750001
5 0.6562725687500001 0.686399553125 0.6664791671875 0.6874469249999999 0.6782562000000001 0.6953025796875 0.6808732640625 0.7065622515625 0.682443453125 0.7175602671875 0.6861073906249999 0.7238447421875 0.692650296875 0.7123231640625 0.6955290171875 0.6929459328124999 0.6929119546875 0.6623087796875 0.6942204859375 0.652096478125 0.692650296875 0.6450265374999999 0.659674603125 0.635599703125 0.6405699406250001 0.660737846875 0.6400463796875 0.6759253468749999 0.6426634421874999 0.6871850203125 0.6562725687500001 0.686399553125
5 0.7093998015625 0.781933284375 0.699978175 0.72851488125 0.683751984375 0.7416076390625 0.6821817953125 0.7552239578125 0.6997165171875 0.7748630953125 0.7093998015625 0.781933284375
5 0.46318502031250003 0.811155009375 0.4610124015625 0.8060830859375001 0.46077108125 0.8029432046875 0.463667659375 0.78772743125 0.4767026296875 0.7676813 0.4665642359375 0.7386986609374999 0.45884002968750004 0.7300786203125 0.44146006875 0.7758928578125001 0.462943453125 0.844243303125 0.4733231640625 0.8220233140625 0.46318502031250003 0.811155009375
5 0.4057346234375 0.63228745 0.41683829375 0.6373593750000001 0.4175625 0.64846949375 0.4238385421875 0.651367559375 0.42963194375 0.6281815468749999 0.40694146875000003 0.5678013390625 0.380147321875 0.558140625 0.3799060015625 0.5760131453125 0.3934236109375 0.60934300625 0.4057346234375 0.63228745
5 0.36976760937500003 0.5419585812500001 0.3574568453125 0.5380942453124999 0.335490575 0.53519618125 0.34466319375 0.56007266875 0.3765265375 0.6194868546875 0.3941478171875 0.6091014390625 0.37604365156249997 0.56007266875 0.36976760937500003 0.5419585812500001
5 0.5087490078125 0.4271775796875 0.5122266859375 0.43522445468750004 0.510053075 0.45110044687500006 0.514617559375 0.458059771875 0.5265724203125 0.458059771875 0.54048363125 0.4506654265625 0.5396140875000001 0.40303744999999996 0.5024454359375 0.4043422625 0.502228175 0.41412896874999994 0.5087490078125 0.4271775796875
5 0.621494046875 0.4205984625 0.6181440968749999 0.4031217765625 0.62029761875 0.39091220312499997 0.6088125 0.346143353125 0.5946951890625 0.3451857640625 0.60091641875 0.3595500984375 0.6018735125 0.36984449375 0.60091641875 0.38468774843750003 0.5946951890625 0.3923487109375 0.5858420140625 0.3952810015625 0.5832100687499999 0.4143740078125 0.6004377484375001 0.4115009921875 0.6147943953125 0.416528521875 0.621494046875 0.4205984625
5 0.5444474203125 0.2807380953125 0.5297328875 0.2793685515625 0.50098834375 0.28039583281249997 0.4884126984375 0.2880438984375 0.5538576390625 0.2886130953125 0.55094915625 0.2819365078125 0.5444474203125 0.2807380953125