2 0.3461937 0.9979776781249999 0.4891875 0.43419469218750006 0.5092958828125 0.2055833328125 0.3052318953125 0.999751984375 0.3461937 0.9979776781249999
2 0.4132219734375 0.0171294640625 0.38268675625 0.33290749062499997 0.422158978125 0.338120784375 0.45120461250000005 0.0297904265625 0.442267609375 0.0245771328125 0.4355647328125 0.014150545312500002 0.4132219734375 0.0171294640625
2 0.43407514843749995 0.390998759375 0.4310962296875 0.5101602187500001 0.46163119999999996 0.39248834375 0.45343898749999995 0.385040675 0.47876066406250006 0.0245771328125 0.49216641875 0.025321925000000002 0.49067683593750006 0 0.454928571875 0.0007447921875 0.45120461250000005 0.020853174999999998 0.46088665625 0.032024553125 0.442267609375 0.38280630000000004 0.43407514843749995 0.390998759375
2 0.521212053125 0.032769345312499996 0.5249357640625 0.0089370046875 0.51748834375 0.0052132937499999995 0.5048273812499999 0.0067028765625 0.48397420625 0.2986485609375 0.48620833281250003 0.2979037703125 0.5115302578125 0.03053521875 0.521212053125 0.032769345312499996
2 0.5271701390625 0 0.44748090312500005 0.9979776781249999 0.4765265375 0.9987224703124999 0.5733452375 0 0.5271701390625 0
2 0.5941984125 0.026811259375 0.574834821875 0.01563988125 0.5554709828125 0.1936374015625 0.5986671625 0.0297904265625 0.5941984125 0.026811259375
2 0.5584501484375 0.265134425 0.5822822421875 0.1050111609375 0.559939484375 0.17874231093749998 0.5487681046875 0.2614107140625 0.5584501484375 0.265134425
2 0.5636634421875 0.6099580859375 0.5495128968749999 0.606234375 0.544299603125 0.604 0.49440079375 0.9972331343749999 0.5204672625 0.994998759375 0.5733452375 0.6099580859375 0.5636634421875 0.6099580859375
2 0.62249925625 0.3708901296875 0.6656954359375 0.0513883921875 0.6731431046874999 0.029045634375 0.6805905265625001 0.0275560515625 0.7014439484375 0.02830084375 0.708146825 0.002234375 0.6679298109375 0.002234375 0.526425346875 0.99648834375 0.5562157734375 0.999751984375 0.65005555625 0.3813169640625 0.62249925625 0.3708901296875
2 0.5979223703125001 0.33290749062499997 0.6157966265625 0.33365228125 0.651544890625 0.0461750984375 0.64558680625 0.0431959328125 0.6344154265624999 0.037238095312500004 0.6157966265625 0.037982639062500004 0.5591946921875001 0.4930307546875 0.562173859375 0.481859375 0.5874957843749999 0.33290749062499997 0.5979223703125001 0.33290749062499997
2 0.3499174109375 0 0.3298087796875 0.31354365156249997 0.3245954859375 0.43568427656250003 0.35810962343749997 0.43642906718749996 0.3633231640625 0.42823660781250006 0.3946029265625 0 0.3499174109375 0
2 0.2985290171875 0 0.2828891375 0.304606646875 0.3059766859375 0.3060962296875 0.3290639875 0.304606646875 0.348427828125 0 0.2985290171875 0
2 0.35959920625 0.776039434375 0.42960664687500005 0.5012232140624999 0.43630952343749996 0.24428125 0.42737227187500004 0.2904561015625 0.385665921875 0.5868705359375 0.35959920625 0.776039434375
2 0.3752390875 0.6501750984375 0.3789630453125 0.6211294640625 0.35810962343749997 0.6166609625 0.3342775296875 0.88477430625 0.35513070468749997 0.786466021875 0.3752390875 0.6501750984375
2 0.42364856093750003 0.7015634921875 0.4109875984375 0.999751984375 0.44524652812500004 0.999751984375 0.46684474218750005 0.5369717265625 0.42364856093750003 0.7015634921875
2 0.4854635421875 0.46100620000000003 0.46461036718750004 0.536226934375 0.44748090312500005 0.9599950390625 0.4854635421875 0.46100620000000003
2 0.408753471875 0.9979776781249999 0.422158978125 0.7201825390625001 0.41247718281249995 0.7380567953125 0.3968373015625 0.9555265374999999 0.3893896328125 0.94807886875 0.38268675625 0.9987224703124999 0.408753471875 0.9979776781249999
2 0.3730049609375 0.9071170640625 0.348427828125 0.99201959375 0.3715153765625 0.9979776781249999 0.3730049609375 0.9071170640625
2 0.3029975203125 0.7164585812500001 0.291826140625 0.99648834375 0.30076314531250004 0.999751984375 0.32608506875 0.939141865625 0.33725644843749997 0.7142244546875001 0.3320431546875 0.7224166671875001 0.3164032734375 0.7231614578125 0.3029975203125 0.7164585812500001
2 0.268738590625 0.6174057546875 0.24714062499999997 0.999751984375 0.2769310515625 0.999751984375 0.30672122968750004 0.625597965625 0.29778422656250003 0.6248531749999999 0.291826140625 0.627832340625 0.268738590625 0.6174057546875
2 0.12871478125 0.3009072421875 0.13540178593750002 0.608501240625 0.1294578375 0.6189030265625 0.15174727187499998 0.999309028125 0.1807234625 0.9978231640624999 0.16809300625 0.610730159375 0.153976190625 0.6166741078125 0.147289434375 0.6129590781250001 0.1435744046875 0.402695684375 0.14580357187499998 0.352915921875 0.14803249062499999 0.3246825390625 0.145060515625 0.3046220234375 0.1547192453125 0.3023931046875 0.1423196921875 0.00742261875 0.12574305624999998 0 0.125 0.2979352671875 0.12871478125 0.3009072421875