3 0.5329861109375 0.80009920625 0.530505953125 0.7991071421875 0.5265376984375 0.80009920625 0.52885243125 0.8024139390625 0.53075396875 0.806795634375 0.531498015625 0.8236607140625001 0.5349702375 0.8309771828124999 0.533730159375 0.84424603125 0.5362103171875 0.8474702375 0.54092261875 0.859126984375 0.5401785718750001 0.865575396875 0.536954365625 0.8705357140625001 0.5389384921875 0.8732638890625 0.5389384921875 0.874751984375 0.564980159375 0.874751984375 0.565228175 0.8732638890625 0.5696924609375 0.874751984375 0.5801091265625 0.874751984375 0.5833333328125 0.8732638890625 0.5853174609375 0.874751984375 0.6443452375 0.874751984375 0.6443452375 0.8735119046875001 0.646329365625 0.872519840625 0.6540178578125 0.8700396828124999 0.656994046875 0.85887896875 0.65625 0.853174603125 0.6520337296875 0.8417658734375 0.6490575390625 0.8370535718750001 0.6455853171875 0.8266369046875001 0.6383928578125 0.813244046875 0.6369047625 0.8038194437499999 0.637152778125 0.7986111109375 0.6386408734375 0.7948908734375 0.6418650796875001 0.7926587296875 0.6460813484375 0.7916666671875 0.653273809375 0.7946428578125 0.658978175 0.8035714281249999 0.662450396875 0.8055555562500001 0.6634424609375 0.809771825 0.6681547625 0.8147321421875 0.6669146828125 0.8177083328125001 0.671130953125 0.827380953125 0.6758432546875001 0.8335813484375001 0.6763392859375 0.8363095234375001 0.6755952375 0.8382936515624999 0.6785714281249999 0.8400297625 0.6800595234375 0.8459821421875 0.68427579375 0.849950396875 0.68427579375 0.8556547625 0.6887400796875001 0.8640873015625001 0.6887400796875001 0.8702876984374999 0.6894841265625 0.8710317453125 0.6981646828125 0.8702876984374999 0.7046130953125 0.872023809375 0.70634920625 0.8705357140625001 0.7051091265625 0.8675595234375001 0.7053571421875 0.8638392859374999 0.718005953125 0.8087797625 0.71924603125 0.7824900796875001 0.721230159375 0.7795138890625 0.721726190625 0.775545634375 0.721726190625 0.771329365625 0.71924603125 0.7646329359374999 0.7170138890625 0.763144840625 0.7110615078125 0.762648809375 0.7100694437499999 0.7591765875 0.706597221875 0.7591765875 0.706597221875 0.760540675 0.703869046875 0.762648809375 0.69717261875 0.7614087296875 0.6897321421875 0.7584325390625 0.68154761875 0.7591765875 0.6731150796875001 0.7554563484375 0.66592261875 0.7554563484375 0.6634424609375 0.7564484125 0.6542658734375 0.75595238125 0.6232638890625 0.7604166671875 0.619295634375 0.7619047625 0.5290178578125 0.7765376984375 0.528273809375 0.7767857140625 0.528769840625 0.7790178578125 0.5270337296875 0.7824900796875001 0.528273809375 0.790674603125 0.533730159375 0.7948908734375 0.5349702375 0.7986111109375 0.5329861109375 0.80009920625
3 0.50049603125 0.6264880953125 0.49677579375 0.6388888890625 0.48511904687499996 0.6634424609375 0.47470238125 0.6919642859375 0.468998015625 0.702876984375 0.455853175 0.74404761875 0.453373015625 0.7487599203124999 0.439980159375 0.7881944437499999 0.4357638890625 0.8048115078125001 0.422123015625 0.84052579375 0.4208829359375 0.841269840625 0.4208829359375 0.844494046875 0.422123015625 0.846478175 0.437251984375 0.8526785718750001 0.440476190625 0.8551587296875001 0.440476190625 0.859375 0.437748015625 0.8611111109375 0.43799603125 0.862351190625 0.440476190625 0.862847221875 0.43799603125 0.8675595234375001 0.4392361109375 0.871527778125 0.45114087343750003 0.8712797625 0.4578373015625 0.8727678578125 0.47073412656249997 0.872023809375 0.4737103171875 0.8732638890625 0.4739583328125 0.874751984375 0.47867063437499996 0.874751984375 0.481398809375 0.862847221875 0.48363095312500004 0.8573908734375 0.5138888890625 0.719494046875 0.5173611109375 0.700148809375 0.5297619046875 0.6450892859375 0.533978175 0.6180555562500001 0.536954365625 0.610119046875 0.5486111109375 0.5570436515625 0.5510912703125 0.5394345234375 0.5515873015625 0.5248015875 0.55009920625 0.5233134921875 0.5486111109375 0.5225694437499999 0.547123015625 0.5248015875 0.5478670640625001 0.5419146828125 0.546875 0.5446428578125 0.536954365625 0.5508432546875001 0.53174603125 0.552579365625 0.530505953125 0.5538194437499999 0.5290178578125 0.5587797625 0.525545634375 0.560019840625 0.5195932546875001 0.560019840625 0.5203373015625 0.5612599203124999 0.5168650796875001 0.5634920640625001 0.514880953125 0.5694444437499999 0.513144840625 0.5716765875 0.512648809375 0.5796130953125 0.5166170640625001 0.5850694437499999 0.5141369046875 0.5952380953125 0.50049603125 0.6264880953125
3 0.3737599203125 0.5429067453124999 0.37822420625 0.544146825 0.393353175 0.5520833328125 0.39657738125 0.5555555562500001 0.4136904765625 0.5835813484375 0.4233630953125 0.5922619046875 0.424603175 0.5979662703125 0.42782738125 0.6044146828125 0.4325396828125 0.6273561515625 0.43303571406249997 0.6339285718750001 0.43675595312500004 0.6391369046875 0.440228175 0.64112103125 0.44965277812500004 0.6520337296875 0.4548611109375 0.662450396875 0.45535714218749995 0.66592261875 0.453125 0.6788194437499999 0.450396825 0.706101190625 0.450148809375 0.71825396875 0.45089285781250005 0.7202380953125 0.44915674531249994 0.7239583328125 0.44965277812500004 0.728174603125 0.4484126984375 0.7296626984375 0.450148809375 0.7306547625 0.453373015625 0.7306547625 0.45907738125 0.7254464281249999 0.459821428125 0.7234623015625 0.4583333328125 0.7209821421875 0.4608134921875 0.7197420640625001 0.46428571406249997 0.715277778125 0.46800595312500004 0.705853175 0.4702380953125 0.6941964281249999 0.47197420625 0.693204365625 0.4769345234375 0.6857638890625 0.47842261875 0.67782738125 0.48090277812500004 0.67509920625 0.48511904687499996 0.6626984125 0.499751984375 0.6299603171875 0.5022321421875 0.6183035718750001 0.5071924609375 0.6130952375 0.516369046875 0.5863095234375 0.5143849203124999 0.583829365625 0.50967261875 0.581101190625 0.5009920640625001 0.5768849203124999 0.49776785781250005 0.5763888890625 0.4826388890625 0.5701884921875 0.46875 0.56200396875 0.4578373015625 0.5572916671875 0.43402777812500004 0.541170634375 0.4126984125 0.5302579359374999 0.3856646828125 0.5233134921875 0.3732638890625 0.5230654765625 0.3611111109375 0.5203373015625 0.3551587296875 0.5228174609375 0.35342261875 0.5223214281249999 0.35069444375000003 0.5248015875 0.3643353171875 0.5376984125 0.36904761875 0.5391865078125 0.3737599203125 0.5429067453124999
3 0.4424603171875 0.546626984375 0.44742063437499996 0.5488591265625 0.4583333328125 0.556299603125 0.47222222187499996 0.56200396875 0.477678571875 0.5662202375 0.49007936562500004 0.57217261875 0.49801587343750003 0.5714285718750001 0.5019841265625 0.5672123015625 0.512896825 0.563244046875 0.530505953125 0.55282738125 0.544394840625 0.54637896875 0.5486111109375 0.5535714281249999 0.5483630953125 0.550347221875 0.5491071421875 0.549851190625 0.549355159375 0.5429067453124999 0.5505952375 0.5394345234375 0.5523313484375 0.521825396875 0.5570436515625 0.4952876984375 0.5575396828125 0.48387896875 0.5538194437499999 0.48065476250000005 0.5451388890625 0.477678571875 0.5327380953125 0.4769345234375 0.5176091265625 0.4794146828125 0.493799603125 0.490575396875 0.486855159375 0.4952876984375 0.47718253906249997 0.49950396875 0.45734127031250005 0.5111607140625 0.44196428593750003 0.51884920625 0.4322916671875 0.5248015875 0.42906746093750003 0.53125 0.4233630953125 0.5329861109375 0.4228670640625 0.5334821421875 0.4268353171875 0.5352182546875001 0.4273313484375 0.5364583328125 0.4424603171875 0.546626984375
3 0.0203373015625 0.7606646828125 0.0228174609375 0.7720734125 0.022321428125 0.7738095234375 0.0248015875 0.7767857140625 0.0275297625 0.7757936515625 0.03125 0.7710813484375 0.0329861109375 0.771329365625 0.03720238125 0.768105159375 0.03819444375 0.76512896875 0.0587797625 0.7539682546875001 0.0915178578125 0.7539682546875001 0.1078869046875 0.75322420625 0.1111111109375 0.7519841265625 0.11532738125 0.752976190625 0.122271825 0.7517361109375 0.1235119046875 0.75049603125 0.099950396875 0.740079365625 0.08829365156249999 0.736855159375 0.077380953125 0.7385912703125 0.069196428125 0.737351190625 0.0669642859375 0.73759920625 0.0644841265625 0.7393353171875 0.056547618749999994 0.7390873015625 0.052827381250000006 0.74032738125 0.046130953125 0.740575396875 0.0419146828125 0.737351190625 0.04092261875 0.7328869046875 0.03125 0.7261904765625 0.0295138890625 0.7237103171875 0.025545634374999997 0.722222221875 0.0210813484375 0.7234623015625 0.0205853171875 0.7328869046875 0.019097221875 0.7380952375 0.0205853171875 0.7482638890625 0.0203373015625 0.7606646828125
3 0 0.740575396875 0.0091765875 0.7425595234375 0.014384920312499999 0.7420634921875 0.014880953124999999 0.740575396875 0.013640873437500001 0.7366071421875 0.009424603125 0.734623015625 0.008928571875000001 0.7328869046875 0.005704365625 0.731646825 0 0.7326388890625 0 0.740575396875
3 0.18824404687500002 0.6860119046875 0.18923611093749998 0.68700396875 0.19444444375 0.68799603125 0.20064484062500001 0.6991567453124999 0.203373015625 0.721230159375 0.20510912656250002 0.7239583328125 0.2043650796875 0.7269345234375 0.20510912656250002 0.728174603125 0.206597221875 0.7274305562500001 0.21031746093749998 0.733630953125 0.212549603125 0.7430555562500001 0.2175099203125 0.752728175 0.22073412656250002 0.766369046875 0.22395833281250002 0.7723214281249999 0.22693452343749998 0.7854662703125 0.22842261874999997 0.7864583328125 0.23189484062500001 0.796130953125 0.23511904687500002 0.8172123015625001 0.24032738125000003 0.8309771828124999 0.24305555625 0.84970238125 0.24503968281250002 0.853670634375 0.24727182499999997 0.8645833328125001 0.249751984375 0.8673115078125001 0.25 0.8710317453125 0.2517361109375 0.872271825 0.256200396875 0.8727678578125 0.2638888890625 0.8727678578125 0.2676091265625 0.87177579375 0.29637896874999997 0.8727678578125 0.302579365625 0.874751984375 0.30282738125 0.8732638890625 0.30555555624999997 0.872519840625 0.3576388890625 0.8730158734375 0.3789682546875 0.871527778125 0.3926091265625 0.87177579375 0.3945932546875 0.8707837296875001 0.393601190625 0.861855159375 0.39657738125 0.8504464281249999 0.3955853171875 0.8477182546875 0.3970734125 0.84424603125 0.3958333328125 0.84052579375 0.39657738125 0.8382936515624999 0.3926091265625 0.83407738125 0.387648809375 0.8345734125 0.3856646828125 0.83134920625 0.3883928578125 0.8293650796875 0.3943452375 0.827876984375 0.3983134921875 0.825644840625 0.40252976250000005 0.8206845234375001 0.40029761875 0.8164682546875 0.3948412703125 0.8147321421875 0.3926091265625 0.8070436515624999 0.3814484125 0.7958829359374999 0.3797123015625 0.7914186515625 0.3767361109375 0.7889384921875 0.37053571406249997 0.7790178578125 0.36904761875 0.7745535718750001 0.365079365625 0.768105159375 0.358630953125 0.76512896875 0.349950396875 0.7591765875 0.346230159375 0.7586805562500001 0.3452380953125 0.7591765875 0.34474206406249996 0.76240079375 0.3417658734375 0.7641369046875 0.3318452375 0.762896825 0.325148809375 0.7646329359374999 0.306299603125 0.7636408734375 0.302579365625 0.7614087296875 0.299851190625 0.76240079375 0.271329365625 0.762152778125 0.25892857187499996 0.7633928578125 0.25347222187499996 0.76240079375 0.2514880953125 0.759424603125 0.250248015625 0.747271825 0.24503968281250002 0.7328869046875 0.2435515875 0.73115079375 0.24305555625 0.7239583328125 0.2398313484375 0.718998015625 0.2356150796875 0.7085813484375 0.23387896874999997 0.700396825 0.228174603125 0.6919642859375 0.224950396875 0.684027778125 0.22147817500000003 0.6798115078125 0.2177579359375 0.671130953125 0.2053571421875 0.6552579359374999 0.20262896874999997 0.64112103125 0.1951884921875 0.639880953125 0.1894841265625 0.64012896875 0.1875 0.64112103125 0.18650793593749998 0.6421130953125 0.18650793593749998 0.65674603125 0.18849206406250002 0.6696428578125 0.18824404687500002 0.6860119046875
3 0.21354166718749998 0.6634424609375 0.224950396875 0.6822916671875 0.22619047656250002 0.6857638890625 0.22842261874999997 0.688244046875 0.24181547656250002 0.721478175 0.2522321421875 0.756200396875 0.255704365625 0.762648809375 0.2633928578125 0.762896825 0.2673611109375 0.7616567453124999 0.29017857187499996 0.76240079375 0.302579365625 0.7611607140625 0.30927579375 0.750744046875 0.3142361109375 0.7462797625 0.322420634375 0.7457837296875 0.333829365625 0.7509920640625001 0.33705357187499996 0.749751984375 0.341269840625 0.7514880953125 0.346230159375 0.750744046875 0.3452380953125 0.7490079359374999 0.3454861109375 0.7452876984375 0.3474702375 0.7418154765625 0.346726190625 0.7393353171875 0.3479662703125 0.7358630953125 0.3449900796875 0.7331349203124999 0.343501984375 0.7301587296875 0.3400297625 0.7269345234375 0.3360615078125 0.724950396875 0.333829365625 0.722222221875 0.325644840625 0.721230159375 0.31845238125 0.7165178578125 0.3144841265625 0.7167658734375 0.3107638890625 0.7137896828125 0.30654761875 0.7145337296875 0.3048115078125 0.71552579375 0.3005952375 0.721726190625 0.2986111109375 0.72197420625 0.2948908734375 0.7199900796875001 0.284226190625 0.7264384921875 0.2792658734375 0.7259424609375 0.275049603125 0.715773809375 0.2735615078125 0.708829365625 0.268353175 0.700148809375 0.2678571421875 0.696924603125 0.263144840625 0.69717261875 0.2591765875 0.6956845234375 0.2581845234375 0.6924603171875 0.2636408734375 0.6917162703125 0.2643849203125 0.6889880953125 0.2601686515625 0.6738591265625 0.2576884921875 0.671626984375 0.2576884921875 0.668402778125 0.2539682546875 0.6636904765625 0.250744046875 0.656994046875 0.249751984375 0.6522817453124999 0.24404761874999997 0.6418650796875001 0.23958333281250002 0.6393849203124999 0.2385912703125 0.6359126984375 0.24007936562499999 0.634920634375 0.24007936562499999 0.6329365078125 0.23611111093749998 0.628472221875 0.2328869046875 0.627480159375 0.23239087343749998 0.624255953125 0.230902778125 0.6232638890625 0.22867063437500001 0.6180555562500001 0.23189484062500001 0.6158234125 0.2301587296875 0.612847221875 0.22470238125000003 0.609375 0.21676587343749998 0.611855159375 0.21279761874999997 0.609623015625 0.2095734125 0.6106150796875001 0.2046130953125 0.60987103125 0.202876984375 0.61259920625 0.202876984375 0.6369047625 0.20585317500000003 0.6507936515625 0.21180555625 0.66220238125 0.21354166718749998 0.6634424609375
3 0.234375 0.62177579375 0.23685515937499999 0.6272321421875 0.23933531718749998 0.6297123015625 0.2435515875 0.640625 0.2581845234375 0.6674107140625 0.2698412703125 0.700396825 0.27529761875 0.7123015875 0.2790178578125 0.724950396875 0.2834821421875 0.724454365625 0.29588293593750004 0.718501984375 0.3244047625 0.7011408734375 0.325148809375 0.700396825 0.3244047625 0.6976686515625 0.3142361109375 0.6803075390625 0.3110119046875 0.672123015625 0.3010912703125 0.653521825 0.2951388890625 0.6445932546875001 0.2832341265625 0.6319444437499999 0.2636408734375 0.59970238125 0.2604166671875 0.6039186515625 0.256200396875 0.6019345234375 0.255704365625 0.599454365625 0.252976190625 0.6004464281249999 0.24156746093749998 0.6004464281249999 0.2398313484375 0.59970238125 0.23759920625 0.6009424609375 0.2353670640625 0.6044146828125 0.23115079375 0.60615079375 0.23164682499999997 0.610119046875 0.23387896874999997 0.6116071421875 0.23511904687500002 0.615079365625 0.234375 0.62177579375
3 0.2638888890625 0.5952380953125 0.264880953125 0.6039186515625 0.268105159375 0.606398809375 0.2720734125 0.612351190625 0.27430555624999997 0.6183035718750001 0.2775297625 0.62177579375 0.281994046875 0.6297123015625 0.2931547625 0.6418650796875001 0.311755953125 0.6654265875 0.318204365625 0.6696428578125 0.32762896874999997 0.681299603125 0.3353174609375 0.6884920640625001 0.34027777812500004 0.696924603125 0.34275793593750004 0.703373015625 0.3484623015625 0.70907738125 0.3521825390625 0.715773809375 0.3608630953125 0.7269345234375 0.37549603125000003 0.74032738125 0.377480159375 0.7445436515625 0.3834325390625 0.747519840625 0.38368055624999997 0.75049603125 0.390625 0.7576884921875 0.39508928593750003 0.7589285718750001 0.39955357187499996 0.764880953125 0.4007936515625 0.76512896875 0.40029761875 0.7611607140625 0.3970734125 0.75967261875 0.3983134921875 0.75595238125 0.35342261875 0.6651785718750001 0.3417658734375 0.6361607140625 0.34052579375 0.6302083328125 0.338045634375 0.628472221875 0.322420634375 0.625 0.30927579375 0.619295634375 0.3010912703125 0.6133432546875001 0.29365079375 0.6049107140625 0.2854662703125 0.6024305562500001 0.2760416671875 0.593998015625 0.2733134921875 0.5890376984375 0.268353175 0.5873015875 0.2636408734375 0.5835813484375 0.25967261875 0.5835813484375 0.259424603125 0.584325396875 0.259920634375 0.587549603125 0.2584325390625 0.5922619046875 0.26215277812500004 0.593501984375 0.2638888890625 0.5952380953125
3 0.3449900796875 0.563244046875 0.346230159375 0.565476190625 0.3454861109375 0.568204365625 0.3459821421875 0.574652778125 0.3511904765625 0.6054067453124999 0.3521825390625 0.62177579375 0.3546626984375 0.6341765875 0.35491071406249997 0.6572420640625001 0.3573908734375 0.6696428578125 0.358630953125 0.6696428578125 0.3608630953125 0.672619046875 0.36036706406249996 0.674355159375 0.3611111109375 0.675347221875 0.36284722187499996 0.674851190625 0.3645833328125 0.6763392859375 0.3643353171875 0.6832837296875 0.3673115078125 0.6917162703125 0.40228174531249994 0.764880953125 0.406001984375 0.768353175 0.4109623015625 0.778521825 0.41617063437499996 0.7854662703125 0.419394840625 0.7867063484375 0.4206349203125 0.7862103171875 0.4231150796875 0.7800099203124999 0.43154761875 0.78720238125 0.43526785781250005 0.784722221875 0.43675595312500004 0.7824900796875001 0.4327876984375 0.78075396875 0.431299603125 0.778521825 0.4322916671875 0.7723214281249999 0.4310515875 0.7668650796875001 0.430803571875 0.7571924609375 0.4310515875 0.71825396875 0.4325396828125 0.7046130953125 0.4322916671875 0.6698908734375 0.43328372968749995 0.641369046875 0.43154761875 0.624255953125 0.4283234125 0.60615079375 0.42113095312500004 0.5922619046875 0.41046627031250005 0.580605159375 0.40550595312500004 0.5711805562500001 0.40252976250000005 0.568204365625 0.400049603125 0.5625 0.39508928593750003 0.55654761875 0.3943452375 0.5538194437499999 0.38368055624999997 0.54737103125 0.3702876984375 0.5414186515625 0.3573908734375 0.531994046875 0.349454365625 0.528769840625 0.3479662703125 0.5292658734375 0.346726190625 0.53125 0.343005953125 0.5327380953125 0.341021825 0.5364583328125 0.3415178578125 0.5431547625 0.343501984375 0.547619046875 0.344494046875 0.5533234125 0.3449900796875 0.563244046875
3 0.28993055624999997 0.565476190625 0.2889384921875 0.5689484125 0.2864583328125 0.5716765875 0.2864583328125 0.5744047625 0.2896825390625 0.57762896875 0.2921626984375 0.5830853171875 0.2921626984375 0.5927579359374999 0.28993055624999997 0.5952380953125 0.29017857187499996 0.6001984125 0.2953869046875 0.6041666671875 0.2981150796875 0.60987103125 0.3060515875 0.6165674609375 0.315476190625 0.62177579375 0.32217261875 0.624255953125 0.3400297625 0.62822420625 0.3425099203125 0.6319444437499999 0.343501984375 0.637152778125 0.3489583328125 0.6480654765625 0.349454365625 0.6515376984375 0.353174603125 0.6517857140625 0.3539186515625 0.6507936515625 0.353670634375 0.6443452375 0.3516865078125 0.639880953125 0.34970238125 0.6207837296875 0.35069444375000003 0.615575396875 0.346478175 0.5887896828125 0.3454861109375 0.5850694437499999 0.343005953125 0.5825892859375 0.337549603125 0.5801091265625 0.3365575390625 0.578373015625 0.3360615078125 0.5570436515625 0.33407738125 0.5515873015625 0.3303571421875 0.5481150796875001 0.3261408734375 0.547123015625 0.315228175 0.54092261875 0.3085317453125 0.5394345234375 0.291170634375 0.531994046875 0.2876984125 0.534226190625 0.2829861109375 0.5352182546875001 0.2824900796875 0.5396825390625 0.283978175 0.5419146828125 0.2849702375 0.5508432546875001 0.28993055624999997 0.565476190625
3 0.43154761875 0.769097221875 0.43526785781250005 0.7730654765625 0.4389880953125 0.75967261875 0.44146825468750006 0.756200396875 0.44320436562500004 0.7490079359374999 0.44915674531249994 0.700644840625 0.45114087343750003 0.69072420625 0.45238095312500004 0.6758432546875001 0.4543650796875 0.66592261875 0.45386904687499996 0.6614583328125 0.45114087343750003 0.656498015625 0.44345238125 0.6458333328125 0.43526785781250005 0.6369047625 0.43328372968749995 0.6386408734375 0.43303571406249997 0.668898809375 0.43179563437499996 0.6788194437499999 0.4325396828125 0.6951884921875 0.431299603125 0.7150297625 0.431299603125 0.763144840625 0.43154761875 0.769097221875
3 0.19345238125 0.84970238125 0.20486111093749998 0.844494046875 0.20486111093749998 0.8420138890625 0.20882936562499999 0.8392857140625001 0.21056547656250002 0.8335813484375001 0.20982142812500001 0.8266369046875001 0.2046130953125 0.8206845234375001 0.20114087343749998 0.8189484125 0.19618055625 0.8199404765624999 0.18700396875 0.825644840625 0.1800595234375 0.8370535718750001 0.1810515875 0.844494046875 0.1855158734375 0.8489583328125001 0.1889880953125 0.8501984125 0.19345238125 0.84970238125
3 0.100446428125 0.740079365625 0.10615079375 0.7413194437499999 0.1135912703125 0.7455357140625 0.12450396875 0.75 0.1269841265625 0.7519841265625 0.1341765875 0.7537202375 0.13963293593749998 0.7574404765625 0.1470734125 0.7604166671875 0.1488095234375 0.763144840625 0.1483134921875 0.7676091265625 0.146329365625 0.7693452375 0.14236111093749998 0.7695932546875001 0.14087301562500001 0.7733134921875 0.14112103125 0.7745535718750001 0.14409722187500001 0.7767857140625 0.1512896828125 0.7772817453124999 0.1614583328125 0.7800099203124999 0.1741071421875 0.781001984375 0.177579365625 0.7827380953125 0.18711036718750002 0.7824900796875001 0.19345238125 0.783730159375 0.1951884921875 0.78174603125 0.2046130953125 0.7790178578125 0.2123015875 0.780505953125 0.218501984375 0.7802579359374999 0.22073412656250002 0.7792658734375 0.222222221875 0.7760416671875 0.222222221875 0.7708333328125 0.2197420640625 0.7676091265625 0.2177579359375 0.7589285718750001 0.21354166718749998 0.7539682546875001 0.20486111093749998 0.753472221875 0.2021329359375 0.752480159375 0.1966765875 0.752728175 0.19345238125 0.7514880953125 0.18923611093749998 0.752480159375 0.1855158734375 0.750744046875 0.18402777812499999 0.7482638890625 0.180803571875 0.7363591265625 0.180803571875 0.7296626984375 0.1793154765625 0.721726190625 0.17906746093749998 0.6827876984375 0.17782738125 0.6803075390625 0.1783234125 0.677579365625 0.18030753906250002 0.674603175 0.178075396875 0.6654265875 0.1835317453125 0.662450396875 0.180803571875 0.653273809375 0.18154761875 0.650545634375 0.1798115078125 0.6423611109375 0.1827876984375 0.6388888890625 0.178571428125 0.634920634375 0.17286706406250002 0.6235119046875 0.16939484062500001 0.6207837296875 0.1698908734375 0.6185515875 0.16592261875 0.618799603125 0.1612103171875 0.6267361109375 0.1582341265625 0.6287202375 0.133928571875 0.655505953125 0.0761408734375 0.724454365625 0.075148809375 0.7276785718750001 0.078373015625 0.7331349203124999 0.0892857140625 0.7353670640625001 0.100446428125 0.740079365625
0 0.393105159375 0.40401785781250005 0.3960813484375 0.40550595312500004 0.39930555624999997 0.4047619046875 0.40848214218749995 0.4293154765625 0.406001984375 0.430803571875 0.40426587343750003 0.434771825 0.40029761875 0.434523809375 0.3948412703125 0.439980159375 0.3921130953125 0.440476190625 0.390376984375 0.44196428593750003 0.3883928578125 0.450644840625 0.3841765875 0.45262896875 0.3829365078125 0.45709325468750006 0.37946428593750003 0.46031746093750003 0.3787202375 0.46279761875 0.375744046875 0.46502976250000005 0.3730158734375 0.4751984125 0.36830357187499996 0.4779265875 0.3678075390625 0.48115079375 0.372023809375 0.48660714218749995 0.377976190625 0.4925595234375 0.3824404765625 0.4950396828125 0.384920634375 0.4982638890625 0.3926091265625 0.500744046875 0.40302579375 0.4990079359375 0.4052579359375 0.5019841265625 0.403273809375 0.5071924609375 0.4047619046875 0.5101686515625 0.42385912656249997 0.5240575390625 0.4322916671875 0.5260416671875 0.4360119046875 0.5235615078125 0.4389880953125 0.518601190625 0.44320436562500004 0.518105159375 0.44915674531249994 0.5138888890625 0.45882936562500004 0.5104166671875 0.462549603125 0.5069444437499999 0.46924603125 0.5042162703125 0.47867063437499996 0.49776785781250005 0.49007936562500004 0.4935515875 0.49280753906249997 0.49007936562500004 0.49776785781250005 0.48859127031250005 0.5017361109375 0.4858630953125 0.5203373015625 0.477678571875 0.533978175 0.4764384921875 0.54637896875 0.4769345234375 0.552579365625 0.478174603125 0.5580357140625 0.481894840625 0.561755953125 0.4831349203125 0.56299603125 0.48660714218749995 0.563244046875 0.49280753906249997 0.5612599203124999 0.49553571406249997 0.56200396875 0.5001654265625 0.5610119046875 0.5066964281249999 0.56200396875 0.512896825 0.5610119046875 0.519097221875 0.56200396875 0.5235615078125 0.562251984375 0.5456349203124999 0.5610119046875 0.547619046875 0.55654761875 0.5505952375 0.5572916671875 0.5550595234375 0.5560515875 0.5577876984375 0.5505952375 0.560019840625 0.549851190625 0.5696924609375 0.5483630953125 0.574652778125 0.55009920625 0.574652778125 0.5515873015625 0.5731646828125 0.5535714281249999 0.575396825 0.55282738125 0.577380953125 0.556299603125 0.580605159375 0.5696924609375 0.5850694437499999 0.571924603125 0.58779761875 0.5758928578125 0.5882936515625 0.5850694437499999 0.5917658734375 0.58779761875 0.59375 0.59424603125 0.5947420640625001 0.5954861109375 0.597222221875 0.5984623015625 0.5954861109375 0.6073908734375 0.596230159375 0.6116071421875 0.593005953125 0.61532738125 0.5927579359374999 0.6165674609375 0.5917658734375 0.624751984375 0.580853175 0.627728175 0.5714285718750001 0.630704365625 0.5704365078125 0.6319444437499999 0.5689484125 0.6354166671875 0.560019840625 0.64112103125 0.5510912703125 0.6416170640625001 0.547619046875 0.6426091265625 0.54637896875 0.646329365625 0.5451388890625 0.6542658734375 0.5349702375 0.65575396875 0.52529761875 0.6547619046875 0.512896825 0.6488095234375 0.5101686515625 0.6470734125 0.5049603171875 0.6473214281249999 0.5009920640625001 0.643601190625 0.4982638890625 0.643105159375 0.49553571406249997 0.64112103125 0.493799603125 0.6396329359374999 0.4890873015625 0.637152778125 0.48660714218749995 0.6364087296875 0.474950396875 0.634424603125 0.47296627031250005 0.6326884921875 0.468998015625 0.6321924609375 0.4624255953125 0.6336805562500001 0.45882936562500004 0.637896825 0.45734127031250005 0.6361607140625 0.4543650796875 0.6361607140625 0.4516369046875 0.637896825 0.4479166671875 0.6359126984375 0.4427083328125 0.6423611109375 0.4283234125 0.6542658734375 0.4295634921875 0.656994046875 0.428075396875 0.65575396875 0.42534722187499996 0.656498015625 0.412450396875 0.656001984375 0.4012896828125 0.6550099203124999 0.3985615078125 0.655505953125 0.3958333328125 0.6542658734375 0.3948412703125 0.6488095234375 0.3958333328125 0.6470734125 0.40228174531249994 0.646329365625 0.40302579375 0.6428571421875 0.40203372968749995 0.6329365078125 0.381200396875 0.62177579375 0.377976190625 0.61904761875 0.375 0.6148313484375 0.374751984375 0.6111111109375 0.3732638890625 0.606894840625 0.374255953125 0.60342261875 0.372519840625 0.599454365625 0.375744046875 0.596478175 0.3764880953125 0.593501984375 0.375744046875 0.5925099203124999 0.3727678578125 0.591269840625 0.372519840625 0.580605159375 0.377728175 0.5766369046875 0.381200396875 0.57217261875 0.3797123015625 0.565228175 0.3821924609375 0.55654761875 0.381200396875 0.5488591265625 0.3772321421875 0.547619046875 0.37549603125000003 0.5483630953125 0.372519840625 0.540674603125 0.3710317453125 0.53720238125 0.369295634375 0.5329861109375 0.369295634375 0.52529761875 0.3645833328125 0.5220734125 0.3571428578125 0.5228174609375 0.3546626984375 0.5210813484375 0.3484623015625 0.5173611109375 0.3459821421875 0.5173611109375 0.343005953125 0.5109126984375 0.3387896828125 0.505704365625 0.33705357187499996 0.50322420625 0.33779761875 0.4779265875 0.338045634375 0.47470238125 0.3365575390625 0.46453372968749995 0.3358134921875 0.4521329359375 0.33705357187499996 0.4439484125 0.33928571406249997 0.4392361109375 0.3390376984375 0.437251984375 0.34375 0.43551587343750003 0.3454861109375 0.4273313484375 0.3484623015625 0.42509920625 0.3519345234375 0.4208829359375 0.3544146828125 0.40674603125 0.359375 0.40575396875 0.3608630953125 0.40426587343750003 0.3702876984375 0.3988095234375 0.3727678578125 0.39384920625 0.377728175 0.390376984375 0.3829365078125 0.3799603171875 0.39012896874999997 0.3792162703125 0.393601190625 0.3764880953125 0.396329365625 0.3762400796875 0.4052579359375 0.3769841265625 0.40674603125 0.3891369046875 0.40625 0.393105159375 0.40401785781250005
3 0.153273809375 0.51884920625 0.15798611093749998 0.5230654765625 0.1626984125 0.5233134921875 0.17782738125 0.5195932546875001 0.1820436515625 0.5173611109375 0.19055877968749999 0.5146329359374999 0.193204365625 0.5146329359374999 0.196924603125 0.51240079375 0.20386904687500002 0.513144840625 0.2053571421875 0.516369046875 0.20634920625 0.515873015625 0.20585317500000003 0.5136408734375 0.21279761874999997 0.5084325390625 0.2172619046875 0.5081845234375 0.22916666718749998 0.5037202375 0.2321428578125 0.5037202375 0.23635912656250002 0.5017361109375 0.24007936562499999 0.5017361109375 0.2445436515625 0.49950396875 0.2554563484375 0.497519840625 0.2636408734375 0.493799603125 0.26512896874999997 0.4925595234375 0.264880953125 0.4898313484375 0.2698412703125 0.487351190625 0.27232142812500004 0.48487103125 0.2738095234375 0.4794146828125 0.280505953125 0.4739583328125 0.2834821421875 0.474950396875 0.2859623015625 0.471478175 0.290674603125 0.46825396875 0.29588293593750004 0.4677579359375 0.2981150796875 0.46552579375 0.30034722187499996 0.46502976250000005 0.30282738125 0.466021825 0.30357142812500004 0.46875 0.3015873015625 0.47222222187499996 0.302579365625 0.47271825468750006 0.3043154765625 0.4704861109375 0.30654761875 0.4704861109375 0.309771825 0.466269840625 0.30654761875 0.4640376984375 0.30654761875 0.4623015875 0.310019840625 0.46006944375 0.3142361109375 0.4610615078125 0.3167162703125 0.45709325468750006 0.3234126984375 0.453125 0.3263888890625 0.45262896875 0.330853175 0.4456845234375 0.3320932546875 0.44097222187499996 0.34325396874999997 0.418898809375 0.34697420625 0.4072420640625 0.3509424609375 0.40203372968749995 0.3521825390625 0.3953373015625 0.3539186515625 0.393353175 0.359375 0.381200396875 0.3613591265625 0.372271825 0.3578869046875 0.36532738125 0.349454365625 0.35267857187499996 0.3457341265625 0.3509424609375 0.3415178578125 0.3516865078125 0.2264384921875 0.3955853171875 0.22073412656250002 0.3988095234375 0.218998015625 0.40178571406249997 0.215277778125 0.4047619046875 0.2142857140625 0.40699404687499996 0.17237103125 0.4543650796875 0.134424603125 0.5014880953125 0.13368055625 0.5049603171875 0.134920634375 0.5074404765625 0.147321428125 0.51612103125 0.153273809375 0.51884920625
3 0.22916666718749998 0.5367063484375 0.231398809375 0.53075396875 0.24131944375 0.521825396875 0.228174603125 0.5076884921875 0.22544642812500001 0.506200396875 0.2209821421875 0.5066964281249999 0.21701388906250002 0.5089285718750001 0.2053571421875 0.5109126984375 0.200148809375 0.512896825 0.20114087343749998 0.515873015625 0.2202380953125 0.5399305562500001 0.22569444375 0.5394345234375 0.22916666718749998 0.5367063484375
3 0.3606150796875 0.4796626984375 0.3645833328125 0.4796626984375 0.3700396828125 0.47197420625 0.3697916671875 0.4675099203125 0.372519840625 0.46502976250000005 0.3769841265625 0.4637896828125 0.38194444375000003 0.453373015625 0.3918650796875 0.4389880953125 0.3985615078125 0.43377976250000005 0.3985615078125 0.42782738125 0.3958333328125 0.422123015625 0.3921130953125 0.419394840625 0.3918650796875 0.41617063437499996 0.39012896874999997 0.4126984125 0.390873015625 0.41071428593750003 0.388144840625 0.41021825468750006 0.377480159375 0.41493055625 0.3727678578125 0.41468253906249997 0.368799603125 0.41617063437499996 0.35987103125000003 0.4228670640625 0.34275793593750004 0.4387400796875 0.33705357187499996 0.4424603171875 0.3296130953125 0.450148809375 0.327876984375 0.4546130953125 0.334325396875 0.4608134921875 0.3449900796875 0.46924603125 0.3606150796875 0.4796626984375
3 0.3611111109375 0.4206349203125 0.374255953125 0.4077380953125 0.37450396874999997 0.40302579375 0.37847222187499996 0.393105159375 0.37847222187499996 0.390376984375 0.3767361109375 0.3893849203125 0.372271825 0.389880953125 0.368799603125 0.3918650796875 0.36036706406249996 0.393105159375 0.353670634375 0.396825396875 0.3449900796875 0.4139384921875 0.34474206406249996 0.4166666671875 0.3492063484375 0.419146825 0.356398809375 0.421875 0.3611111109375 0.4206349203125
0 0.9022817453125 0.6646825390625 0.9047619046875001 0.67137896875 0.9079861109375 0.6763392859375 0.9568452375 0.6785714281249999 0.999751984375 0.678075396875 0.999751984375 0.612351190625 0.996527778125 0.61259920625 0.9955357140625001 0.6143353171875 0.9923115078125001 0.6158234125 0.9861111109375 0.6158234125 0.9821428578125 0.611855159375 0.97842261875 0.6116071421875 0.97470238125 0.60987103125 0.95907738125 0.60615079375 0.9489087296875001 0.6071428578125 0.9355158734375 0.6056547625 0.9270833328125001 0.605902778125 0.924851190625 0.6071428578125 0.924355159375 0.609623015625 0.916170634375 0.6108630953125 0.9131944437499999 0.6143353171875 0.909722221875 0.6163194437499999 0.8995535718750001 0.6364087296875 0.8978174609374999 0.644097221875 0.8980654765624999 0.6507936515625 0.90029761875 0.6626984125 0.9022817453125 0.6646825390625
3 0.6584821421875 0.7544642859375 0.681795634375 0.7509920640625001 0.703869046875 0.7457837296875 0.71279761875 0.7450396828125 0.7177579359374999 0.7430555562500001 0.7256944437499999 0.7420634921875 0.7331349203124999 0.7383432546875001 0.736855159375 0.7385912703125 0.747519840625 0.735119046875 0.7646329359374999 0.7269345234375 0.76884920625 0.7237103171875 0.7765376984375 0.7209821421875 0.7948908734375 0.7108134921875 0.8020833328125001 0.7051091265625 0.8075396828124999 0.703373015625 0.80654761875 0.70262896875 0.7981150796875001 0.703125 0.7953869046875 0.7021329359374999 0.7857142859375 0.70262896875 0.778769840625 0.7051091265625 0.7725694437499999 0.706101190625 0.771825396875 0.7073412703125 0.7703373015625 0.70634920625 0.769965278125 0.7103174609375 0.765873015625 0.7103174609375 0.7638888890625 0.70907738125 0.75967261875 0.7103174609375 0.7564484125 0.7083333328125 0.7514880953125 0.7078373015625 0.6577380953125 0.7232142859375 0.653769840625 0.72470238125 0.63095238125 0.7289186515625 0.593998015625 0.73387896875 0.575644840625 0.7380952375 0.5478670640625001 0.74032738125 0.54092261875 0.7423115078125 0.5257936515625 0.7430555562500001 0.5205853171875 0.7420634921875 0.51612103125 0.737847221875 0.5136408734375 0.737351190625 0.5133928578125 0.7423115078125 0.51512896875 0.744295634375 0.5136408734375 0.7477678578125 0.509424603125 0.7485119046875 0.5071924609375 0.750248015625 0.503472221875 0.7646329359374999 0.5042162703125 0.7678571421875 0.5022321421875 0.7703373015625 0.5014880953125 0.7740575390625 0.5017361109375 0.777777778125 0.505704365625 0.78125 0.5173611109375 0.7802579359374999 0.6584821421875 0.7544642859375
3 0.593998015625 0.6887400796875001 0.60342261875 0.689980159375 0.62177579375 0.690476190625 0.6264880953125 0.6919642859375 0.64657738125 0.6929563484375 0.653273809375 0.6941964281249999 0.6644345234375 0.6924603171875 0.6860119046875 0.6939484125 0.6919642859375 0.6954365078125 0.7085813484375 0.696924603125 0.8063616078125 0.7011408734375 0.8105158734375 0.7008928578125 0.8177083328125001 0.6956845234375 0.8261408734375 0.693204365625 0.8422619046875001 0.6924603171875 0.8767361109375 0.699652778125 0.889012896875 0.69990079375 0.8926091265625 0.7016369046875 0.8923611109375 0.70362103125 0.9079861109375 0.705605159375 0.931795634375 0.7053571421875 0.9508928578125 0.7078373015625 0.958829365625 0.70634920625 0.990079365625 0.705605159375 0.999751984375 0.703125 0.999751984375 0.6820436515625 0.997519840625 0.6820436515625 0.99404761875 0.6798115078125 0.9898313484375001 0.681795634375 0.9828869046875001 0.6800595234375 0.935019840625 0.6798115078125 0.8802083328125001 0.677579365625 0.877728175 0.6765873015625 0.875248015625 0.6770833328125 0.8732638890625 0.6790674609375 0.871527778125 0.6790674609375 0.8613591265625 0.6758432546875001 0.856398809375 0.6765873015625 0.8487103171875001 0.6758432546875001 0.8226686515624999 0.6763392859375 0.813244046875 0.674851190625 0.748842509375 0.671626984375 0.69072420625 0.6671626984375 0.6800595234375 0.6674107140625 0.646825396875 0.6639384921875 0.6103670640625001 0.6629464281249999 0.6078869046875 0.6654265875 0.5977182546875001 0.6654265875 0.5957341265625 0.6641865078125 0.593501984375 0.6651785718750001 0.552579365625 0.658730159375 0.53447420625 0.6582341265625 0.5292658734375 0.659226190625 0.5235615078125 0.6770833328125 0.5233134921875 0.6805555562500001 0.52529761875 0.6855158734375 0.528769840625 0.6865079359374999 0.593998015625 0.6887400796875001
3 0.5292658734375 0.65575396875 0.5302579359374999 0.656994046875 0.540674603125 0.6574900796875001 0.5477430562500001 0.65674603125 0.5610119046875 0.6582341265625 0.564980159375 0.656498015625 0.5758928578125 0.6604662703125 0.6011904765625 0.66220238125 0.6195436515625 0.66220238125 0.6230158734375 0.6612103171875 0.624255953125 0.6599702375 0.62450396875 0.653769840625 0.627976190625 0.650545634375 0.6329365078125 0.6391369046875 0.6331845234375 0.6361607140625 0.6369047625 0.6321924609375 0.64012896875 0.6230158734375 0.6426091265625 0.621527778125 0.6488095234375 0.609623015625 0.6493055562500001 0.606894840625 0.6515376984375 0.6041666671875 0.6542658734375 0.577876984375 0.653769840625 0.5741567453124999 0.65575396875 0.565228175 0.655505953125 0.553075396875 0.6542658734375 0.549603175 0.65029761875 0.5458829359374999 0.6470734125 0.5488591265625 0.6460813484375 0.5513392859375 0.6418650796875001 0.55282738125 0.6324404765625 0.5696924609375 0.63095238125 0.574652778125 0.627728175 0.5771329359374999 0.6267361109375 0.5803571421875 0.622271825 0.5835813484375 0.6173115078125 0.5922619046875 0.6078869046875 0.5987103171875 0.5952380953125 0.599950396875 0.5925099203124999 0.5977182546875001 0.581597221875 0.5925099203124999 0.572420634375 0.590277778125 0.56845238125 0.58779761875 0.5644841265625 0.5870535718750001 0.5602678578125 0.583829365625 0.55654761875 0.5835813484375 0.549851190625 0.5803571421875 0.547619046875 0.5803571421875 0.5446428578125 0.5833333328125 0.5384424609375 0.6073908734375 0.5359623015625 0.622271825 0.5329861109375 0.6316964281249999 0.5329861109375 0.643105159375 0.531498015625 0.6493055562500001 0.5292658734375 0.653273809375 0.5292658734375 0.65575396875
3 0.7264384921875 0.6599702375 0.7264384921875 0.653521825 0.731894840625 0.6393849203124999 0.7361111109375 0.640625 0.737351190625 0.6391369046875 0.747023809375 0.610119046875 0.747271825 0.606894840625 0.7457837296875 0.6044146828125 0.74677579375 0.5949900796875001 0.7435515875 0.5897817453124999 0.7450396828125 0.58407738125 0.7477678578125 0.581101190625 0.7509920640625001 0.5818452375 0.7539682546875001 0.581101190625 0.75967261875 0.57217261875 0.7636408734375 0.559027778125 0.765873015625 0.5545634921875 0.765376984375 0.5505952375 0.768105159375 0.5453869046875 0.7695932546875001 0.5381944437499999 0.77529761875 0.52802579375 0.7772817453124999 0.5138888890625 0.7797619046875 0.5071924609375 0.7792658734375 0.503472221875 0.7800099203124999 0.5012400796875001 0.7790178578125 0.49950396875 0.775049603125 0.49925595312500004 0.7743055562500001 0.5 0.7666170640625001 0.5133928578125 0.766369046875 0.515625 0.7584325390625 0.5329861109375 0.7547123015625 0.536954365625 0.7514880953125 0.5446428578125 0.749751984375 0.5518353171875 0.7408234125 0.565476190625 0.72197420625 0.619295634375 0.721478175 0.624751984375 0.7118055562500001 0.653521825 0.708829365625 0.665674603125 0.712549603125 0.6676587296875 0.7204861109375 0.6666666671875 0.7264384921875 0.6599702375
3 0.728174603125 0.49925595312500004 0.7326388890625 0.49950396875 0.74404761875 0.5042162703125 0.7676091265625 0.509424603125 0.7725694437499999 0.5017361109375 0.7725694437499999 0.4990079359375 0.771329365625 0.497023809375 0.762648809375 0.4987599203125 0.7519841265625 0.49578372968749995 0.7480158734375 0.4925595234375 0.7358630953125 0.49156746093750003 0.6827876984375 0.4779265875 0.672619046875 0.4764384921875 0.662450396875 0.471478175 0.6577380953125 0.47222222187499996 0.655505953125 0.4742063484375 0.6584821421875 0.48040674531249994 0.6612103171875 0.481894840625 0.7170138890625 0.49553571406249997 0.728174603125 0.49925595312500004
3 0.8115079359375 0.5203373015625 0.8144841265625 0.521825396875 0.8224955359375 0.5237368546875001 0.825644840625 0.515376984375 0.80282738125 0.5071924609375 0.7986111109375 0.5074404765625 0.79737103125 0.5052083328125 0.7946428578125 0.50322420625 0.791170634375 0.5049603171875 0.7867063484375 0.5047123015625 0.7857142859375 0.5042162703125 0.7862103171875 0.5019841265625 0.7891865078125 0.500744046875 0.7894345234375 0.4985119046875 0.7832341265625 0.4950396828125 0.778769840625 0.4950396828125 0.77529761875 0.49652777812500004 0.7700892859375 0.502480159375 0.7700892859375 0.5104166671875 0.77802579375 0.5101686515625 0.7827380953125 0.513144840625 0.8115079359375 0.5203373015625
3 0.678075396875 0.48660714218749995 0.693700396875 0.48834325468750006 0.7021329359374999 0.49305555625 0.7145337296875 0.4945436515625 0.7433035718750001 0.5042162703125 0.7485119046875 0.5042162703125 0.755704365625 0.5066964281249999 0.762648809375 0.5064484125 0.76512896875 0.5052083328125 0.766369046875 0.5019841265625 0.7638888890625 0.499751984375 0.7547123015625 0.497519840625 0.7482638890625 0.49404761875 0.7388392859375 0.49305555625 0.72470238125 0.48834325468750006 0.7199900796875001 0.48834325468750006 0.7043650796875001 0.4853670640625 0.7013888890625 0.4828869046875 0.6956845234375 0.48214285781250005 0.6852678578125 0.47867063437499996 0.6696428578125 0.4761904765625 0.6641865078125 0.47743055625 0.6631944437499999 0.4779265875 0.6641865078125 0.48090277812500004 0.6728670640625001 0.4831349203125 0.678075396875 0.48660714218749995
3 0.778521825 0.6049107140625 0.787450396875 0.60987103125 0.8023313484375001 0.6140873015625 0.831101190625 0.6183035718750001 0.8477182546875 0.619295634375 0.8613591265625 0.6178075390625 0.8683035718750001 0.615575396875 0.8769841265625 0.605902778125 0.8787202375 0.6011904765625 0.880704365625 0.5890376984375 0.8819444437499999 0.5711805562500001 0.8854166671874999 0.55009920625 0.8861607140625001 0.5357142859375 0.8854166671874999 0.5302579359374999 0.880704365625 0.5245535718750001 0.8660714281249999 0.518353175 0.856646825 0.5166170640625001 0.8382936515624999 0.515376984375 0.8214285718750001 0.515873015625 0.8236607140625001 0.5171130953125 0.82490079375 0.5193452375 0.8234126984374999 0.52157738125 0.82217261875 0.521825396875 0.83407738125 0.5228174609375 0.83779761875 0.525049603125 0.846726190625 0.5243055562500001 0.8576388890625 0.5265376984375 0.85987103125 0.527777778125 0.8663194437499999 0.528273809375 0.8700396828124999 0.5302579359374999 0.872023809375 0.53447420625 0.872271825 0.54365079375 0.8710317453125 0.547619046875 0.8702876984374999 0.55654761875 0.8685515875 0.560019840625 0.8675595234375001 0.5744047625 0.865079365625 0.5833333328125 0.8635912703124999 0.5974702375 0.862351190625 0.6001984125 0.8573908734375 0.6049107140625 0.8457341265625 0.6076388890625 0.8335813484375001 0.6071428578125 0.8142361109375 0.6041666671875 0.80654761875 0.6039186515625 0.80282738125 0.6011904765625 0.7919146828125 0.5984623015625 0.7864583328125 0.5952380953125 0.77529761875 0.59375 0.7668650796875001 0.59052579375 0.7641369046875 0.588045634375 0.7579365078125 0.5868055562500001 0.755704365625 0.583829365625 0.752728175 0.584325396875 0.7487599203124999 0.5825892859375 0.743799603125 0.5835813484375 0.7428075390625 0.5890376984375 0.743799603125 0.59052579375 0.7725694437499999 0.6039186515625 0.778521825 0.6049107140625
3 0.775049603125 0.5572916671875 0.7775297625 0.5605158734375 0.7775297625 0.5674603171875 0.7802579359374999 0.5729166671875 0.78125 0.5803571421875 0.7832341265625 0.58134920625 0.787450396875 0.581101190625 0.7931547625 0.5766369046875 0.8023313484375001 0.5605158734375 0.8055555562500001 0.5572916671875 0.80654761875 0.5548115078125 0.8137400796875 0.5478670640625001 0.8162202375 0.5497271828125 0.8162202375 0.5510912703125 0.818204365625 0.5515873015625 0.82762896875 0.5483630953125 0.825644840625 0.547123015625 0.8177909218750001 0.547123015625 0.8174603171875001 0.543402778125 0.82217261875 0.5379464281249999 0.82490079375 0.5362103171875 0.8266369046875001 0.5357142859375 0.8296130953124999 0.537450396875 0.830605159375 0.5367063484375 0.8320932546875 0.5275297625 0.8298611109375 0.525545634375 0.825148809375 0.525545634375 0.818204365625 0.5223214281249999 0.7988591265625 0.5178571421875 0.7896825390625 0.5146329359374999 0.783730159375 0.5133928578125 0.7800099203124999 0.5136408734375 0.778273809375 0.51512896875 0.77529761875 0.52157738125 0.7693452375 0.5386904765625 0.7695932546875001 0.5429067453124999 0.7666170640625001 0.5481150796875001 0.765873015625 0.5513392859375 0.7673611109375 0.5558035718750001 0.77157738125 0.5553075390625 0.775049603125 0.5572916671875
3 0.6892361109375 0.521825396875 0.69072420625 0.5238095234375 0.69072420625 0.527777778125 0.6892361109375 0.5300099203124999 0.687748015625 0.530505953125 0.6875 0.5334821421875 0.7108134921875 0.5414186515625 0.734375 0.5523313484375 0.7445436515625 0.5550595234375 0.7477678578125 0.5540674609375 0.7480158734375 0.5513392859375 0.75322420625 0.5379464281249999 0.7547123015625 0.5349702375 0.7579365078125 0.5334821421875 0.759920634375 0.52529761875 0.7636408734375 0.5220734125 0.762896825 0.5166170640625001 0.76612103125 0.5101686515625 0.7579365078125 0.5101686515625 0.7589285718750001 0.5114087296875 0.7589285718750001 0.51884920625 0.7549603171875 0.5228174609375 0.740079365625 0.521329365625 0.735119046875 0.5220734125 0.7326388890625 0.51884920625 0.7202380953125 0.51884920625 0.7172619046875 0.5176091265625 0.7048611109375 0.5168650796875001 0.703373015625 0.5143849203124999 0.700148809375 0.5119047625 0.69345238125 0.5101686515625 0.6889880953125 0.5106646828125 0.687251984375 0.5089285718750001 0.6855158734375 0.50049603125 0.6832837296875 0.50322420625 0.6773313484375 0.5069444437499999 0.6763392859375 0.515376984375 0.6760912703125 0.519097221875 0.677579365625 0.5223214281249999 0.6857638890625 0.5208333328125 0.6892361109375 0.521825396875
3 0.7569444437499999 0.512896825 0.7537202375 0.5066964281249999 0.7326388890625 0.5009920640625001 0.7085813484375 0.49553571406249997 0.7035106640625 0.49606671562500004 0.705882440625 0.5071349203125 0.706597221875 0.516369046875 0.7435515875 0.5195932546875001 0.755704365625 0.5198412703125 0.7571924609375 0.51884920625 0.7569444437499999 0.512896825
0 0.721045634375 0.44966641875 0.9237281749999999 0.45787921562499995 0.921930803125 0.45274380000000003 0.7141966765625 0.44529761875 0.721045634375 0.44966641875
0 0.6838968249999999 0.41114707343749995 0.6805587796875 0.41294444375 0.748605159375 0.488691715625 0.75340005 0.48818353124999997 0.734225446875 0.4689203875 0.734995784375 0.4673797125 0.6838968249999999 0.41114707343749995
0 0.7267787703125 0.48766468281249997 0.7008442453125 0.43939186562500004 0.69878993125 0.44195957343750003 0.7201026781250001 0.48689434531250003 0.7267787703125 0.48766468281249997
0 0.708804315625 0.435794890625 0.708033978125 0.4401599703125 0.9162817453125 0.4476063984375 0.9170520828125 0.4488903765625 0.9152544640625001 0.44478199375000005 0.708804315625 0.435794890625
3 0.8587916671875 0.40135763906250005 0.690087796875 0.40675 0.690087796875 0.4100880453125 0.6880337296875 0.4136827875 0.6990751484375 0.4267780265625 0.7211579859375 0.428575396875 0.8988489578125 0.4247239578125 0.8872938984375001 0.40906076406249997 0.8878075390625 0.40264161718749997 0.8587916671875 0.40135763906250005
3 0.75744766875 0.3953330859375 0.765069940625 0.40023288749999997 0.8971021828125 0.4062219734375 0.9058134921875001 0.40132192499999997 0.9123469734375 0.40268303593750004 0.916158234375 0.40785515937500005 0.9224196421874999 0.4054052578125 0.924053075 0.40377182500000003 0.9365756453125 0.4157497515625 0.999751984375 0.420105159375 0.999751984375 0.38299652812499996 0.7585364578125 0.369199653125 0.754180803125 0.38308308593749996 0.756630953125 0.384988590625 0.75744766875 0.3953330859375
4 0.74756944375 0.45469146875 0.7343224203125 0.469990575 0.8126857640624999 0.510476934375 0.8255595234375 0.5162606640625 0.8576512890625001 0.516633928125 0.8391798109374999 0.5052529765625 0.8263060515625 0.49778993125 0.8098869046875 0.48771502968749997 0.74756944375 0.45469146875
0 0.776686259375 0.4662790171875 0.7997633921875 0.47308358124999994 0.8252070937499999 0.453853421875 0.7836391375 0.45340947343750004 0.77934920625 0.4566639390625 0.776686259375 0.4662790171875
0 0.778165675 0.453113590625 0.752573909375 0.4519303078125 0.7472485125 0.453853421875 0.7709171625 0.4656872515625 0.7783134921875 0.46080580312499997 0.7790533234375 0.45695982187500006 0.7824556046875 0.45400124062499997 0.778165675 0.453113590625
4 0.8684786703125 0.6122279265625 0.911519096875 0.6134506453124999 0.9164099703125 0.605380953125 0.9235017359375 0.6007346234375001 0.948201140625 0.602201884375 0.9692321421875001 0.6063588796875 0.999751984375 0.610027034375 0.999751984375 0.5938874015625 0.999751984375 0.5787259421875001 0.88192881875 0.5811713796875 0.8807061015625001 0.59413194375 0.8785052078125 0.602690971875 0.8684786703125 0.6122279265625
4 0.7978045640625 0.6004900796875 0.8486703875 0.608804315625 0.8591860125 0.605380953125 0.8648105156250001 0.59706646875 0.866522321875 0.5811713796875 0.756476190625 0.5811713796875 0.756720734375 0.581660465625 0.755008928125 0.584105903125 0.7978045640625 0.6004900796875
4 0.8699459328125 0.546689484375 0.8095429062499999 0.5540255453125 0.8156564984375001 0.5799466765625 0.817123759375 0.5806803078125 0.8657886906250001 0.5789685015625 0.8699459328125 0.546689484375
4 0.936707340625 0.552313740625 0.9327946421875 0.5400868062499999 0.8867398312500001 0.5458784718749999 0.8816842765624999 0.5799466765625 0.9980887890625001 0.5784794140625 0.936707340625 0.552313740625
3 0.9657542156250001 0.874751984375 0.9101755953125 0.8064060015625 0.9275121531250001 0.8018172124999999 0.906096478125 0.7630662203125 0.88876016875 0.7696946921875 0.8331815468749999 0.6967819937499999 0.6970396828125 0.7589873515625001 0.72559375 0.769184771875 0.70927728125 0.8716703875 0.9657542156250001 0.874751984375
4 0.92496255 0.809465278125 0.968303571875 0.8721803078124999 0.9983874015625 0.872690228125 0.9978774796875 0.8079357640625 0.92496255 0.7110587796875001 0.8345429062499999 0.6945758921875 0.88876016875 0.7671453374999999 0.9122152781249999 0.7589873515625001 0.9346505453124999 0.8018172124999999 0.92496255 0.809465278125
0 0.9015376984374999 0.53447420625 0.9074900796875 0.5401785718750001 0.934523809375 0.5396825390625 0.93700396875 0.5453869046875 0.9414682546875 0.5510912703125 0.94717261875 0.5535714281249999 0.9511408734375 0.5535714281249999 0.953869046875 0.550347221875 0.9583333328125001 0.5481150796875001 0.97197420625 0.549851190625 0.97197420625 0.5510912703125 0.974454365625 0.552579365625 0.9779265875 0.5520833328125 0.9821428578125 0.549355159375 0.9858630953124999 0.5451388890625 0.9828869046875001 0.5389384921875 0.9833829359375 0.5364583328125 0.9794146828124999 0.534226190625 0.9729662703124999 0.5240575390625 0.969494046875 0.5210813484375 0.949652778125 0.512896825 0.9412202375 0.5111607140625 0.92782738125 0.50595238125 0.9233630953124999 0.506200396875 0.9201388890625 0.5047123015625 0.9074900796875 0.502976190625 0.90575396875 0.5042162703125 0.906001984375 0.505704365625 0.9050099203125 0.5066964281249999 0.8923611109375 0.5022321421875 0.8893849203125 0.49950396875 0.88740079375 0.49925595312500004 0.8834325390625001 0.500248015625 0.875 0.5054563484375 0.8710317453125 0.5101686515625 0.8678075390625001 0.5111607140625 0.8660714281249999 0.513144840625 0.8660714281249999 0.51612103125 0.8831845234375001 0.5238095234375 0.8891369046875001 0.528769840625 0.9015376984374999 0.53447420625
0 0.8954459328125 0.40814980156249997 0.9037244546875 0.42696577343750003 0.9059821421875001 0.42445709374999996 0.9150131453125001 0.42119543593750003 0.9240443953125 0.431732390625 0.9152641375 0.435997271875 0.9506359124999999 0.486551090625 0.961673859375 0.4863000984375 0.9463712796875001 0.4644737109375 0.94586954375 0.45945610156249994 0.9596669140625 0.4541877484375 0.9744677578125 0.477017609375 0.970955853125 0.48404216250000004 0.9541478171875 0.49081597187500003 0.999751984375 0.5578005953125 0.9995540671875001 0.49282291718750004 0.9255496031250001 0.40488839218750006 0.9207832343750001 0.4068955859375 0.8954459328125 0.40814980156249997
0 0.6851165671875 0.4300672125 0.6783754953125001 0.41733358125000003 0.681371528125 0.40784548593750003 0.6846170640625 0.398607390625 0.6738814484375 0.3946123515625 0.6574191609375 0.39659929531250004 0.65840228125 0.427320684375 0.6494141859375 0.43356274843750003 0.6811217765625 0.443799603125 0.6886118546875 0.44804414687499994 0.6888616078124999 0.436559028125 0.6851165671875 0.4300672125
3 0.166040921875 0.6064399796875 0.1645763890625 0.5949221234375 0.17210863125 0.5819384921874999 0.18549925625000002 0.5739806546875 0.169179315625 0.563300346875 0.155788690625 0.5683263890625 0.141351934375 0.5852889390625 0.14030580312500002 0.593665675 0.17210863125 0.6131411203125 0.184453125 0.59785391875 0.17880381875 0.6003668156249999 0.166040921875 0.6064399796875
3 0.19958358125 0.55317261875 0.20197098281249998 0.55493353125 0.20649454375 0.5539273312499999 0.2042328875 0.54524925625 0.20900768906249997 0.543488590625 0.1946827875 0.5346845234375001 0.18362499999999998 0.5389608140625 0.1706822921875 0.5535500984375 0.1701795640625 0.5637373515624999 0.188341765625 0.572650296875 0.18840004999999999 0.57002579375 0.1936775796875 0.5594610609374999 0.19958358125 0.55317261875
3 0.159179315625 0.5668824406249999 0.1477817453125 0.5617353671875 0.1402762890625 0.5671607140625 0.14708680624999998 0.5762033734374999 0.1448630953125 0.5784290671875 0.132631696875 0.572586309375 0.1276279765625 0.5760642359375 0.1336046625 0.5862197421875 0.1398251484375 0.5880620046875 0.14111011874999999 0.5838546625000001 0.1554263390625 0.5678563984375 0.159179315625 0.5668824406249999
0 0.2435515875 0.5208333328125 0.25049603125000003 0.515625 0.2581845234375 0.5042162703125 0.26116071406249997 0.49776785781250005 0.259920634375 0.49652777812500004 0.255704365625 0.49677579375 0.2299107140625 0.5049603171875 0.22767857187499999 0.5071924609375 0.234375 0.51512896875 0.24007936562499999 0.521329365625 0.2435515875 0.5208333328125
4 0.4113921125 0.3479583328125 0.414134671875 0.3477971234375 0.4215560515625 0.3502170140625 0.42381448437499997 0.349733134375 0.42962252031250003 0.3465064484375 0.43413963281249995 0.342634425 0.435914434375 0.338278521875 0.4402703375 0.33714930625 0.446078125 0.3361813 0.45672594218749996 0.334890625 0.4728588796875 0.3347294140625 0.49076661718750003 0.3347294140625 0.5070610125 0.33392261875 0.508835565625 0.33392261875 0.5148048109375 0.3363427578125 0.5198060515625 0.340214534375 0.5191607140625 0.3439250984375 0.5222259421875 0.349733134375 0.568527778125 0.349087796875 0.5717544640625001 0.357154265625 0.5727224703125 0.371673859375 0.5788529265625 0.371673859375 0.5864355156250001 0.371996528125 0.5967606640625001 0.36989930625 0.6067631453125 0.3674794140625 0.619508184375 0.3684474203125 0.635318453125 0.3742552078125 0.6412876984375 0.371351190625 0.6287041171875 0.30084995000000003 0.6264454359375 0.2935900296875 0.6101510421875 0.29407415625 0.6004712296875 0.2952033734375 0.59046875 0.298430059375 0.44059300625000003 0.30859375 0.4317197421875 0.3127884421875 0.40864955312499995 0.3229521328125 0.408326884375 0.325694940625 0.403164434375 0.3276307046875 0.40848834375000004 0.3453772328125 0.4091334328125 0.3473129953125 0.4113921125 0.3479583328125
3 0.5243263890625001 0.3619759421875 0.5278514390625 0.3655009921875 0.53217261875 0.3673204359375 0.5391091265625 0.3690260421875 0.54786483125 0.371300346875 0.549115575 0.374597965625 0.5526408734375 0.3775545640625 0.560828125 0.3794875984375 0.5668546625 0.37926016875 0.570038690625 0.378009425 0.5701525296875001 0.37368824375 0.570038690625 0.36845758906250003 0.5693563984375001 0.3612936515625 0.5690153765625 0.3544709828125 0.567764384375 0.3494677578125 0.522165921875 0.350491071875 0.5228482140625 0.35219667656250003 0.5230756453125001 0.3557217265625 0.5243263890625001 0.3619759421875