2 0.3323412703125 0.5448908734375 0.35987103125000003 0.5699404765625 0.362351190625 0.5709325390625 0.3710317453125 0.577876984375 0.3767361109375 0.5855654765625 0.3821924609375 0.590277778125 0.38467261875 0.591021825 0.4015376984375 0.590773809375 0.4117063484375 0.5873015875 0.43179563437499996 0.559771825 0.431299603125 0.5572916671875 0.40947420625 0.5297619046875 0.400049603125 0.5195932546875001 0.3893849203125 0.5042162703125 0.3516865078125 0.45734127031250005 0.343005953125 0.4521329359375 0.3296130953125 0.44940476250000005 0.3144841265625 0.45238095312500004 0.3020833328125 0.459325396875 0.2946428578125 0.46502976250000005 0.290674603125 0.4697420640625 0.2824900796875 0.4826388890625 0.28075396874999997 0.4895833328125 0.28075396874999997 0.49801587343750003 0.286954365625 0.506200396875 0.312748015625 0.5292658734375 0.3323412703125 0.5448908734375
2 0.3169985125 0.4311579859375 0.31903769843749996 0.436734375 0.324612103125 0.4416307046875 0.33059399843750004 0.4455751484375 0.3367123015625 0.43360615156250004 0.3392953875 0.431565971875 0.340773809375 0.43303571406249997 0.34424603125000003 0.4322916671875 0.3643353171875 0.43055555625 0.3759424609375 0.43055555625 0.38392857187499996 0.43551587343750003 0.39112103125000003 0.4365079359375 0.393601190625 0.440228175 0.396329365625 0.44196428593750003 0.400049603125 0.44072420625 0.40426587343750003 0.43675595312500004 0.40972222187499996 0.428075396875 0.4126984125 0.41989087343750003 0.412946428125 0.41319444375 0.41071428593750003 0.41071428593750003 0.4117063484375 0.40848214218749995 0.4112103171875 0.3960813484375 0.4072420640625 0.38715277812500004 0.396329365625 0.377728175 0.38169642812500004 0.37152777812500004 0.353174603125 0.3712797625 0.33779761875 0.3762400796875 0.3298611109375 0.3802083328125 0.3179563484375 0.3893849203125 0.312251984375 0.3955853171875 0.30902777812500004 0.40426587343750003 0.30902777812500004 0.412946428125 0.31299603125000003 0.422123015625 0.31591071406250004 0.4284377484375 0.3169985125 0.4311579859375
2 0.3178187 0.584711309375 0.3413802078125 0.5834712296875 0.348820684375 0.58173511875 0.351796875 0.5785109125 0.3532849703125 0.57528670625 0.352044890625 0.57255853125 0.3527889390625 0.5705744046875 0.35452505 0.569582340625 0.336171875 0.5487490078125 0.3059139390625 0.5251875 0.301945684375 0.5261795640625 0.2902889390625 0.565862103125 0.2902889390625 0.5710704359375 0.29376116093750004 0.5757827375 0.302441715625 0.5804950390625 0.3178187 0.584711309375
2 0.42235540625 0.474602678125 0.4185833328125 0.47060714218750005 0.40504761875 0.4466329359375 0.40327256875 0.4448571421875 0.398612846875 0.44441319375 0.3966158234375 0.44596701406249994 0.3939528765625 0.442859375 0.3897368546875 0.436421875 0.380639384375 0.43509002968750005 0.3786421125 0.429984375 0.339366815625 0.43241964218750006 0.33825744062499996 0.43219766875000004 0.33004737031250003 0.4481803078125 0.3424734625 0.44973437499999996 0.35201488125 0.4566158234375 0.3557869546875 0.4595014875 0.3593373015625 0.46616096249999994 0.40460391875 0.52255084375 0.43611284687499996 0.5243266375 0.44143849218750003 0.4979107140625 0.4283467265625 0.4779325390625 0.42235540625 0.474602678125
2 0.4893678078125 0.32637499999999997 0.4796044140625 0.31949355156250003 0.4423258921875 0.3230453875 0.4114826390625 0.39538541718750003 0.4150329859375 0.40781646875 0.4152549609375 0.41758358125 0.4119263390625 0.428460565625 0.40571329375 0.43711805625 0.396171875 0.4422234625 0.3970595234375 0.44466542656249997 0.40327256875 0.4442212296875 0.4203583828125 0.47351438437500004 0.4290124015625 0.47640004999999996 0.43966319374999996 0.49304861093749996 0.4509799109375 0.49526860156249997 0.49811086250000003 0.340915178125 0.49802157812500003 0.3372522328125 0.49513690468749993 0.33370039687499997 0.4893678078125 0.32637499999999997
2 0.514431546875 0.4001138390625 0.5105399312500001 0.39636483125 0.5043420140625 0.3911736109375 0.5027564484375 0.38598263906249997 0.51659375 0.3384208828125 0.5188998015624999 0.3355369546875 0.5217827374999999 0.3335181046875 0.53086334375 0.330778521875 0.52668353125 0.3302016375 0.522359375 0.329769096875 0.516449653125 0.328759671875 0.5121254953125 0.3302016375 0.5065039687499999 0.3317876984375 0.5008826890625 0.33596949375 0.4984322921875 0.339862846875 0.4569203875 0.48645858124999997 0.45720858125 0.4880446421875 0.48848660781250003 0.48689112031250004 0.50938665625 0.46223387968749996 0.520197171875 0.41176537656249995 0.5186116078125 0.408188740625 0.516449653125 0.40516071406250004 0.514431546875 0.4001138390625
2 0.3270014875 0.2914637890625 0.321214534375 0.288376240625 0.06581795625 0.4825071921875 0.07006175625 0.49022619062499995 0.0812497515625 0.4994888390625 0.0924377484375 0.5056641859375001 0.1063263890625 0.5122251984374999 0.11543129999999999 0.5136701390625 0.3501490578125 0.322339534375 0.3466768359375 0.3092172625 0.3366463296875 0.2964811515625 0.3270014875 0.2914637890625
2 0.996283978125 0.8699985124999999 0.9991024312500001 0.769015625 0.4823514390625 0.5721088796875 0.4710771328125 0.57069915625 0.46356101250000004 0.5758685515625 0.45416567499999994 0.5932564484375 0.44477058593749996 0.6167537203125 0.4440969734375 0.6310525796875 0.98314459375 0.872896825 0.996283978125 0.871408234375 0.996283978125 0.8704685015625 0.996283978125 0.8699985124999999
2 0.9582333828125 0.474397321875 0.9375639874999999 0.47016765937500005 0.9032715781249999 0.4725173609375 0.880722965625 0.47815674531249996 0.8666302078125 0.49225520781250004 0.7529484125 0.6257192453125 0.7552971234375 0.6482765374999999 0.761873759375 0.6609650296875 0.7769060015625 0.6745935015625 0.794287203125 0.6844623015625 0.8229424609375 0.6839923109375 0.8328075390624999 0.68117261875 0.9991024312500001 0.5806046625 0.999751984375 0.5016540171874999 0.9845399312499999 0.48849553593749995 0.9582333828125 0.474397321875
2 0.7449623015625 0.5556976687499999 0.7294603171875 0.549118303125 0.7097304062500001 0.547238590625 0.693288690625 0.550058284375 0.6848330859375 0.56133680625 0.682484375 0.5712056046875 0.6791959328125 0.583894096875 0.6589962796875 0.6360580359375 0.7111396328125 0.6529759421875 0.7548273812499999 0.5970525796875 0.759055059375 0.578724703125 0.753887896875 0.5665062 0.7449623015625 0.5556976687499999
2 0.7496599703125 0.558535465625 0.7562366078125 0.5698142359375 0.7595250499999999 0.5810927578125 0.7595250499999999 0.590491815625 0.7595250499999999 0.5966009421875 0.78019444375 0.5839124499999999 0.721944196875 0.4885138890625 0.6828608625 0.521971478125 0.6970468750000001 0.54913665625 0.7224139390625 0.5467869546874999 0.7374461812499999 0.551486359375 0.7496599703125 0.558535465625
2 0.5845662203125 0.5254640375 0.6243457343750001 0.5684216265625001 0.7546877484375 0.45834945468750005 0.709265625 0.42899702343749996 0.5845662203125 0.5254640375
2 0.631398809375 0.351697171875 0.6136250000000001 0.3564952875 0.5969794140625 0.36298660781250003 0.6536867562500001 0.467978421875 0.6920558031249999 0.44116617031249994 0.63901636875 0.352826140625 0.631398809375 0.351697171875
2 0.58569444375 0.5218526781249999 0.6178568953125 0.48911334375 0.64183755 0.44931795625 0.5969794140625 0.362704365625 0.6178568953125 0.352826140625 0.6328095234375 0.3502859625 0.6387341265625001 0.3519794140625 0.6641254953125 0.39092807500000004 0.682745784375 0.3612931546875 0.681053075 0.358188740625 0.6031862593749999 0.34153670625 0.46889459375 0.5119744546875 0.48441145781249995 0.533706596875 0.55550694375 0.5670104171875 0.579487846875 0.53878670625 0.5840017359375 0.5269327875 0.58569444375 0.5218526781249999
2 0.4185126484375 0.5885905265625 0.42262921562500005 0.5927085812499999 0.43011408749999996 0.5981371531249999 0.48033680624999997 0.52952256875 0.47034449375 0.51689608125 0.41533159687500004 0.585408234375 0.4185126484375 0.5885905265625
2 0.5758497031250001 0.3277375984375 0.5300518359375 0.331040921875 0.5221555062500001 0.33391344218749996 0.51727430625 0.3367859625 0.5162693453125 0.33937103125 0.5027740578125 0.3867557046875 0.5070811015625 0.39321875 0.5118187 0.3958040671875 0.5159821421874999 0.40241071406250006 0.5202891859375 0.40600124062500004 0.520719990625 0.40887375937500003 0.5225865578125 0.41240079375 0.547710565625 0.41245858125 0.5709685015625 0.38215401718750003 0.577141865625 0.3449724703125 0.5758497031250001 0.3277375984375
2 0.879859375 0.47841964218750005 0.791372271875 0.42736086249999994 0.7086232640625 0.38174057499999997 0.7004692453125 0.385366071875 0.68899305625 0.3932212296875 0.6766108625 0.4062123015625 0.8454310515625 0.516184771875 0.8514709828125 0.50953819375 0.8677792656250001 0.48808755000000004 0.879859375 0.47841964218750005
2 0.7717420640625 0.38355332343750004 0.76600396875 0.38355332343750004 0.7454677578125 0.40047197343749996 0.7925803578124999 0.425548115625 0.8058685515624999 0.41225471249999995 0.79590228125 0.39654439531249996 0.785936259375 0.3892936515625 0.7717420640625 0.38355332343750004