1 0.26533779687500003 0.5329759421875 0.27864310468750003 0.52926636875 0.280169890625 0.49849975156250004 0.2749350203125 0.494790178125 0.27537127968749997 0.4836619546875 0.2782068453125 0.47951587343749996 0.27864310468750003 0.46969692500000004 0.27864310468750003 0.468823909375 0.27537127968749997 0.46315079375 0.274498759375 0.45769568437499997 0.27646180625 0.4528950890625 0.279079365625 0.4491857640625 0.28300545625 0.44438516874999995 0.2806061515625 0.428674603125 0.279079365625 0.4216919640625 0.2751532734375 0.416455109375 0.26533779687500003 0.4158005953125 0.2590124015625 0.4153640875 0.25006969218749997 0.415582340625 0.24134499062499998 0.4184188984375 0.23938194375 0.4504947921875 0.24265352187499997 0.45311334375 0.24439856093749998 0.46271428593749997 0.245052828125 0.4683876484375 0.24090872968750002 0.4681693953125 0.24069047656250003 0.47689756875 0.24134499062499998 0.4808251484375 0.24452951406249998 0.485324653125 0.24199925625000002 0.49500843281250007 0.238509425 0.49762698437499997 0.2372006453125 0.5310119046875 0.26533779687500003 0.5329759421875
1 0.293809028125 0.48016517812500004 0.3010873015625 0.48368824374999997 0.30590029687500003 0.48169171562499996 0.307309028125 0.48873809531249995 0.3152916671875 0.496019096875 0.3199873515625 0.4957842265625 0.319048115625 0.5018772328125001 0.34088293593749996 0.5214893359375 0.34757415625 0.52242881875 0.362365575 0.51103745 0.369878471875 0.49753199375 0.371639384375 0.4913077875 0.346517609375 0.472752728125 0.336539434375 0.47310515937500003 0.3421741078125 0.469464534375 0.332430803125 0.4626532734375 0.3245654765625 0.461361359375 0.3021438484375 0.4385922625 0.2970959828125 0.43448214218750003 0.2925178578125 0.4363611109375 0.28453521875 0.4417631453125 0.27807862031249997 0.45068824375 0.2771396328125 0.4540052078125 0.27479166718750003 0.4584392359375 0.2760830859375 0.4636063984375 0.2790178578125 0.46759920624999995 0.293809028125 0.48016517812500004
1 0.27620039687500003 0.41629290625 0.28183506875000003 0.421930059375 0.28735243125 0.42815426562500003 0.2918134921875 0.428976190625 0.29263516875 0.42545312500000004 0.29615699375000004 0.42744965312499994 0.29427852187500003 0.4328516859375 0.30437425625 0.44048511875 0.325269840625 0.4613888890625 0.3299655265625 0.46315054531250005 0.339709078125 0.4586877484375 0.34769146875 0.453990328125 0.35743502031249996 0.43978968281249997 0.3591959328125 0.43250843281250007 0.353209078125 0.42405307499999995 0.3269134421875 0.4018618546875 0.32057415625 0.40385838281249997 0.31928298593750004 0.40291889843749995 0.32045684531249996 0.39880853125 0.3152916671875 0.39070535781250004 0.303200396875 0.3809580859375 0.29897420625 0.38131051562499996 0.29885689531250004 0.3793139875 0.295100446875 0.3710935015625 0.27103521875 0.3505419140625 0.26575247968750004 0.3508943453125 0.25823958281250003 0.3524208828125 0.2495525796875 0.3567661203125 0.2418048109375 0.36592609062500003 0.23793080312499998 0.3747338796875 0.24696999062499997 0.393758928125 0.265165675 0.41055233125 0.2702135421875 0.40949528749999997 0.2706830359375 0.4081897328125 0.2713874015625 0.41323958281250006 0.27620039687500003 0.41629290625
1 0.3005002484375 0.37791840312499997 0.3050786203125 0.3810892859375 0.311300346875 0.3853169640625 0.318461309375 0.3928330859375 0.324330853125 0.397648065625 0.3303177078125 0.3951817953125 0.3374786703125 0.38649131875 0.3385349703125 0.3732209828125 0.342878471875 0.3723990578125 0.344639384375 0.370872271875 0.3449915671875 0.36734920625 0.3391220234375 0.36147743125 0.32198288750000004 0.3455151296875 0.31247420625 0.347394096875 0.3053134921875 0.3425791171875 0.3062524796875 0.3389384921875 0.2983874015625 0.331305059375 0.292048115625 0.3301307046875 0.29439608125 0.3276646828125 0.29263516875 0.32261483125 0.28441765937499996 0.3175649796875 0.2810133921875 0.311928075 0.2770220734375 0.30793502031250003 0.274908978125 0.30793502031250003 0.2684526296875 0.30570386875 0.26023511875 0.3042946421875 0.249200396875 0.31451165625 0.24673511874999998 0.318387153125 0.24227430625 0.32543328437499996 0.24262648750000002 0.3355327375 0.2615265375 0.34986011875 0.2704481640625 0.3493903765625 0.27807862031249997 0.35384399843750003 0.29275247968749996 0.36734920625 0.3005002484375 0.37791840312499997
1 0.2821872515625 0.3145161203125 0.29439608125 0.32307539687500003 0.30003075468749996 0.32366245 0.30719171562500003 0.3209615578125 0.30789608125 0.3217834828125 0.30707415625 0.3312958828125 0.33336979218749996 0.3486765875 0.3438177078125 0.3500858140625 0.3539134421875 0.32401488125 0.3587264390625 0.32450744062500003 0.3603697921875 0.31769618125 0.334191715625 0.2979759421875 0.32104389843750003 0.29938516875 0.319048115625 0.2982108140625 0.32045684531249996 0.29210391874999997 0.3080133921875 0.28212177656250004 0.30261334375 0.281534721875 0.2966264875 0.28400074375 0.29369171562499996 0.28071255 0.29627430625 0.27742435468750004 0.290169890625 0.2723745046875 0.26199603125 0.25558110156249997 0.2553048109375 0.260983134375 0.24861334375 0.269659721875 0.24368303593750001 0.285866071875 0.2716220234375 0.304538690625 0.2799568453125 0.304186259375 0.2819526296875 0.30523859062500003 0.2819526296875 0.310053571875 0.2821872515625 0.3145161203125
1 0.3164655265625 0.2385709328125 0.327969990625 0.2384536203125 0.332430803125 0.2359873515625 0.33383953437499997 0.2331688984375 0.338887153125 0.23164211250000002 0.34240897812500004 0.232934028125 0.3454610609375 0.23716170625 0.3773916171875 0.23117237031250001 0.3773916171875 0.2251830359375 0.377626240625 0.21707986093749998 0.3773916171875 0.21167782812499997 0.3753958328125 0.204279265625 0.3738697921875 0.19617609062500002 0.36999603125 0.19371006875000002 0.33759598281250003 0.20134325468749997 0.3346612109375 0.20604092187499998 0.3275002484375 0.2075674609375 0.32409598281249996 0.20416195468749998 0.31423511875 0.20580605156249998 0.311769840625 0.2119126984375 0.30425694375 0.2139092265625 0.2981525296875 0.20897668593750002 0.2642264390625 0.21496602187499997 0.26234821406250003 0.2233040671875 0.266222221875 0.2352827375 0.2699786703125 0.2492576890625 0.30352926562500004 0.24533035781249998 0.30425694375 0.23939310468750002 0.3141178078125 0.23704439531250002 0.3164655265625 0.2385709328125
1 0.3907299109375 0.2659513890625 0.394704365625 0.268371528125 0.40455381875 0.26612425625 0.4057633921875 0.258690971875 0.4220064484375 0.2545491078125 0.42736334375 0.2607720734375 0.43254712343749996 0.25869766875 0.4403231640625 0.254894840625 0.44118700468750005 0.24746155781249998 0.45794866093750003 0.2422755453125 0.45691170625 0.23829960312499998 0.4576029265625 0.23138492031250002 0.4557021328125 0.2218772328125 0.45190054531249996 0.21340699375 0.41785937500000003 0.221704365625 0.41561284687500005 0.226198909375 0.40921949375000005 0.2310391859375 0.40334424531249996 0.23380505937499999 0.3974692453125 0.228619046875 0.3843365578125 0.2329407234375 0.3801892359375 0.2372624015625 0.37500545625 0.2377810015625 0.3694759421875 0.23933680625 0.3675751484375 0.234496528125 0.33318824375 0.24262127968749997 0.332842509375 0.2542033734375 0.3357802578125 0.264056546875 0.341482390625 0.2792688484375 0.34891294687499996 0.2799265875 0.3521959328125 0.2695545640625 0.372240575 0.2652599203125 0.386928571875 0.261975446875 0.3907299109375 0.2659513890625
1 0.41050347187499997 0.3063514390625 0.41501016875 0.3043020828125 0.41705853125000003 0.307580853125 0.43631423593749996 0.30402877031250003 0.43631423593749996 0.297880953125 0.4391822921875 0.2974712296875 0.449970734375 0.2959682546875 0.455296875 0.3019796625 0.45939384843750003 0.30143303593750004 0.4932619046875 0.29296279687500004 0.49134995000000004 0.27602207343749996 0.48889186562500003 0.261551090625 0.485477678125 0.254037203125 0.4838390375 0.24515699375 0.4800151296875 0.2376428578125 0.44191344218750006 0.247616071875 0.4400014875 0.2557971234375 0.4277108140625 0.26139856093749997 0.421701884375 0.25511408750000003 0.40640649843750004 0.25934920625 0.40531398750000003 0.26631671562500003 0.392613590625 0.26932242031250003 0.38851661718749997 0.2635845734375 0.3536924609375 0.27219146875 0.352190228125 0.28052505 0.349459078125 0.2874928078125 0.35533134843749997 0.305662946875 0.35942832343750003 0.3157728171875 0.36502728125 0.32601909687499997 0.4021733625 0.31544518906249996 0.40271924531250003 0.30990352187500003 0.40722594218749997 0.3094935515625 0.41050347187499997 0.3063514390625
1 0.45065153750000003 0.346905009375 0.45844742031249996 0.34230902812499997 0.46011805624999996 0.3354848703125 0.46582589218750003 0.334927828125 0.46847098281250005 0.33868824375 0.4737611609375 0.33813095312499997 0.4882393359375 0.3322817453125 0.5028568953125 0.3308891375 0.5045275296875 0.3279642859375 0.5052234624999999 0.32058308593749996 0.5042490078124999 0.31083432499999997 0.49868055624999996 0.299553571875 0.49617460312499995 0.2924508921875 0.46123164687499996 0.3020602671875 0.46137103125 0.30916319375 0.45287896875 0.31041641875 0.45023387968749995 0.30401016875 0.43227505 0.309023809375 0.43241443437499993 0.3159873515625 0.42420064531249996 0.31793700468749997 0.4201634421875 0.31250545625 0.3839677578125 0.3208616078125 0.38313244062499996 0.3257361109375 0.3852204859375 0.3340922625 0.38703050625 0.3476014390625 0.39273809531250004 0.35971775781250004 0.4301870046875 0.35136160781250003 0.42962996093749994 0.34495535781250003 0.43784375000000003 0.34398040625 0.43951438437499996 0.343841021875 0.4407671125 0.3478799609375 0.45065153750000003 0.346905009375
1 0.3510342265625 0.41566617031249997 0.36076041718749996 0.4179556046875 0.3653373015625 0.39986954375 0.3648797125 0.3974655265625 0.3723172125 0.39311582343749996 0.37369022812499997 0.38247023750000003 0.37151612031250003 0.3792651296875 0.3727748015625 0.375830853125 0.3767797625 0.37262574375 0.3758643359375 0.36953521875 0.38192881875 0.3693063 0.3865057046875 0.3518147328125 0.3816999015625 0.330866815625 0.367053571875 0.3266314484375 0.3587006453125 0.3253725203125 0.35366617031250003 0.3258303578125 0.34245238125 0.357423859375 0.346686259375 0.36028546562499997 0.3468005953125 0.366237846875 0.345084325 0.37173239062499996 0.340278521875 0.3734494046875 0.337646578125 0.3842095734375 0.340278521875 0.38819370000000003 0.3362735609375 0.3940314984375 0.3327264390625 0.40261681562499996 0.332154265625 0.406623015625 0.3510342265625 0.41566617031249997
1 0.36586855156250003 0.4790629953125 0.3785349703125 0.48494146875000005 0.3923764875 0.4533286203125 0.3926376484375 0.4486259921875 0.3936822921875 0.443008928125 0.39890550625 0.43869816406249995 0.403214534375 0.42668005937500003 0.40360639843749996 0.422238590625 0.40882961250000005 0.41583755 0.41353025781249997 0.4133556546875 0.4275024796875 0.384365575 0.415097221875 0.3767889390625 0.401386409375 0.3690818453125 0.392245784375 0.3663385421875 0.3748787203125 0.397820684375 0.37892658749999997 0.402784721875 0.37735962343749996 0.41036135937499996 0.37592336249999997 0.41284325468749994 0.37161408749999997 0.41323511875 0.36534622968749997 0.42577579375 0.3686108625 0.43165426562500003 0.3612983625 0.436748759375 0.3579032734375 0.4385776296875 0.34889335312499997 0.45281646875000003 0.345837796875 0.45612351249999994 0.3406666671875 0.4675674609375 0.34602058593749996 0.46913516875 0.3579032734375 0.47749553593750005 0.36586855156250003 0.4790629953125
1 0.4388303578125 0.4507380953125 0.4415749015625 0.44347073437500006 0.441251984375 0.44056374062500003 0.4406061515625 0.4371721234375 0.4406061515625 0.4337807546875 0.4436736109375 0.430873759375 0.4485166171875 0.4284513890625 0.45271378906250004 0.42102232187500005 0.4512609125 0.415046875 0.45707266874999997 0.4089099703125 0.46417584375 0.40810243125 0.47628348281250005 0.3875922625 0.4761220234375 0.37967881875 0.475960565625 0.3770947421875 0.468373015625 0.371461309375 0.45691121093750003 0.36435540624999996 0.4512609125 0.36257886875 0.44609499062499997 0.36096378906250004 0.44383506875 0.36629340312499997 0.439960565625 0.366777778125 0.42623859062499997 0.388580109375 0.4296287203125 0.3922946421875 0.43043576406249995 0.393748015625 0.42769146874999997 0.39843154687500004 0.42672271874999995 0.40279191406250003 0.4226870046875 0.404568453125 0.419296875 0.40812127968749995 0.41526091249999997 0.41635788749999997 0.4159067453125 0.419587796875 0.4121937 0.42265625 0.4058978171875 0.42394816406249997 0.40412202343750003 0.4254017859375 0.397664434375 0.44201091249999996 0.3949201390625 0.44620982187499997 0.3936287203125 0.44911681562499994 0.39427430625 0.45348363125 0.40799627968749996 0.46091245000000003 0.42397842187499996 0.4694719734375 0.43075868125000005 0.465111359375 0.4388303578125 0.4507380953125
1 0.37393353125 0.5227348703125 0.3849112109375 0.5274181546875 0.39831026718749996 0.532586309375 0.406543403125 0.5193432546875 0.41574528749999995 0.50125545625 0.403476190625 0.49673363125 0.39411284687500003 0.4905967265625 0.3863640875 0.4839751984375 0.3807137890625 0.481552828125 0.362148809375 0.512398809375 0.36731473281250004 0.5167594249999999 0.367960565625 0.5172437999999999 0.37393353125 0.5227348703125
1 0.3413271328125 0.588667659375 0.35553497031250003 0.5776907234374999 0.3544094734375 0.5744541171875001 0.3579263390625 0.571498759375 0.362146578125 0.57417261875 0.3821220234375 0.5564409718750001 0.382825396875 0.5525004953125 0.3854982640625 0.5485602671875001 0.38648288750000004 0.5454640375 0.3750885421875 0.532235615625 0.362709325 0.521821925 0.357363590625 0.5230885421875 0.3354186515625 0.5418053078125 0.336262896875 0.5485602671875001 0.3373881453125 0.5519375 0.332464534375 0.5510932546875 0.31896006875 0.5606626984374999 0.3198040671875 0.5655882937500001 0.310801090625 0.5731875 0.30475223281249997 0.5713581343749999 0.2843546625 0.5876825390625 0.28336979218749997 0.5923263890625 0.279853175 0.596266865625 0.280978421875 0.600207340625 0.2842140375 0.6062584328125 0.290122271875 0.6130133921875001 0.2967338796875 0.6186426093749999 0.3032048609375 0.6220200890625 0.3091130953125 0.6199092265624999 0.3299325390625 0.604710565625 0.32951041718749996 0.597392609375 0.33316790625000003 0.5941560015625 0.3351374015625 0.5927487593749999 0.3413271328125 0.588667659375
1 0.34695386875 0.629315971875 0.3314799109375 0.6114434531249999 0.3193821921875 0.61918353125 0.3026421125 0.629456596875 0.2977185015625 0.633819196875 0.2972963796875 0.636774553125 0.31234846250000003 0.661823909375 0.31721577343749996 0.662435515625 0.3334494046875 0.65352108125 0.3489233625 0.6429665171875001 0.34723536718750003 0.6362115578124999 0.34695386875 0.629315971875
1 0.32627505 0.7325496031250001 0.33373065468749996 0.745215278125 0.338935515625 0.7456374015625 0.3399203875 0.7491555062499999 0.34245238125 0.7571770828125 0.340764384375 0.763228421875 0.36003645781250004 0.7962993546875 0.366788690625 0.792921875 0.3795900296875 0.784478175 0.387326884375 0.779552828125 0.394360615625 0.7708276296875 0.37691716249999996 0.74229290625 0.373400296875 0.744122271875 0.3714310515625 0.7427150296875 0.368476934375 0.7342713296875 0.3614432046875 0.732301090625 0.364256696875 0.7286423609375 0.35637896874999997 0.7145694437500001 0.3541282234375 0.7149915671875 0.3497673609375 0.706548115625 0.354690971875 0.7020446421875 0.3372475203125 0.67164756875 0.33359002968749996 0.6720696921875 0.327259671875 0.6771359125 0.322336309375 0.6816391375 0.310660465625 0.6879719734374999 0.3015166171875 0.69303819375 0.31825669687499997 0.7241388890625 0.326978421875 0.7270942453125 0.3293697921875 0.7277648812499999 0.3300731640625 0.72959449375 0.32627505 0.7325496031250001
1 0.44247718281250004 0.7563325890625 0.44520138906250006 0.7603070437499999 0.45939087343749996 0.7608747515625 0.46143402812499995 0.7555376984375 0.4632502484375 0.7557646328125001 0.467563740625 0.7578087796874999 0.47596378906250003 0.7598529265625 0.4781205359375 0.7659848703125001 0.51262896875 0.7684833828125 0.51296949375 0.7606478171875 0.5161478171875 0.7528122515625 0.5167155265625001 0.7446359124999999 0.5170560515625 0.7391852671875 0.518985615625 0.7279429562499999 0.5175099203125 0.7263529265625001 0.5160342265625 0.724309028125 0.4854990078125 0.7210158734375 0.48277480156249997 0.7226056546875 0.48277480156249997 0.7266937 0.47460168593749996 0.7262395828125 0.46654216249999997 0.7258988093750001 0.46540699375 0.721129215625 0.4489474203125 0.719198909375 0.44645014843749997 0.7228325890625 0.43986631875000004 0.7224920640625 0.44088789687499996 0.7197666171875 0.438163690625 0.714429315625 0.42374727187500005 0.7135208328125 0.4044499015625 0.7104548609375 0.401612103125 0.7162462796875 0.3997958828125 0.7263529265625001 0.397866071875 0.7354377484375 0.3960498515625 0.748951140625 0.3977524796875 0.755310515625 0.4327150296875 0.7590580359375 0.43498511874999995 0.7522442953125 0.43498511874999995 0.7532663687500001 0.43963938437500005 0.753152778125 0.44247718281250004 0.7563325890625
1 0.457574653125 0.6890188484374999 0.46041245000000003 0.6923120046875 0.473693453125 0.6873154765625 0.47460168593749996 0.68322743125 0.48776934531249994 0.6803883921875 0.4917423109375 0.6845900296874999 0.5167155265625001 0.675051090625 0.5185317453125 0.6717579359375 0.5232993546875 0.6680104171875 0.5198938484375 0.6588122515625 0.516601934375 0.6468886406250001 0.5127423109375 0.634737846875 0.5070667156249999 0.636100446875 0.5036612109374999 0.6337157734375001 0.47993675625 0.6423462296875 0.478915178125 0.6502953875 0.4730124015625 0.6516579859375 0.470174603125 0.65415625 0.46631522812500004 0.6558596234375 0.46540699375 0.6539290671875 0.4624556046875 0.6524528765625 0.45246651718750003 0.65608680625 0.4508772328125 0.6615376984375 0.4494015375 0.66278670625 0.445769096875 0.6633546625 0.44077455312499997 0.6646036703125 0.43770957343749994 0.6623325890625 0.43419072343750004 0.6583578875 0.43214732187499993 0.6596071421875 0.4235203375 0.664149553125 0.4096716265625 0.668691715625 0.4084228671875 0.6717579359375 0.4044499015625 0.6735749015625 0.4037688484375 0.6774357640625001 0.40297420625 0.681978175 0.405358134375 0.69060863125 0.40762822343750005 0.6990119046875 0.41353100156249994 0.7103678078125 0.4177311515625 0.7095729171875 0.42272569375 0.71070858125 0.448152778125 0.699352678125 0.448152778125 0.6960595234375 0.45235292656250004 0.6932204859375 0.457574653125 0.6890188484374999
1 0.40024627968750004 0.65407266875 0.40464632968750003 0.65740699375 0.41571255 0.6503377968749999 0.4211790671875 0.645936259375 0.41944593281250003 0.641534721875 0.42037921562499997 0.639533978125 0.4257123015625 0.6379332843750001 0.43011210312500003 0.6349990078125 0.43544543593749996 0.6394005453125 0.46237797656249996 0.623271825 0.465177828125 0.6195369546875 0.46464459375 0.6119342765625 0.4607780265625 0.6048650796875 0.4522450390625 0.58979290625 0.44344518906249997 0.5827237109375 0.4141125984375 0.6017817453125 0.41464608125 0.607116815625 0.4133127484375 0.6105848218750001 0.4071795640625 0.6163201890625001 0.3990463796875 0.612185515625 0.38598015937499996 0.6199216265625 0.3857135421875 0.623923115625 0.38598015937499996 0.628724703125 0.3847802578125 0.6313923609375001 0.37984697343749996 0.632326140625 0.3741138390625 0.6345935015624999 0.3699806546875 0.6315257937500001 0.3389146828125 0.65166641875 0.340648065625 0.6634040171875 0.3475811015625 0.6742080859375 0.35411433593749997 0.6830111609375 0.361980903125 0.6876795640625 0.3914466765625 0.6680724203125 0.3911267359375 0.6630560515624999 0.392246528125 0.6622088296875 0.3943799609375 0.65700694375 0.40024627968750004 0.65407266875
1 0.35012896875 0.6283896328125 0.356241815625 0.6301061515625 0.38358928593749997 0.608648809375 0.3826240078125 0.6032844734375 0.3865922625 0.5991001984375 0.3884154265625 0.5951307046875 0.3891661703125 0.5939503968750001 0.3954935515625 0.5945942453125 0.4063251484375 0.58686954375 0.40589632968749995 0.5828998015625 0.41104389843750005 0.579466765625 0.41758581406250006 0.5805396828125 0.445040675 0.5586656750000001 0.440107390625 0.5523358140625 0.4388204359375 0.5483660718750001 0.43410168593750004 0.54225074375 0.42788144843750003 0.5372083328125 0.4246641859375 0.5330240578125001 0.42273363125 0.529591021875 0.4191946921875 0.527981646875 0.391954365625 0.5477224703125 0.39324131875 0.5564126984375 0.38852256875 0.5607041171875 0.3853053078125 0.5594166671874999 0.3839109625 0.5593092765625001 0.37629662656249996 0.5641374015625 0.3727576890625 0.5675704359375 0.37286483125 0.571647321875 0.371148809375 0.5751877484375 0.3677170140625 0.574866071875 0.3656795640625 0.5762606640625 0.3631056546875 0.5780845734375 0.3607462796875 0.578835565625 0.3567780265625 0.5756170640625 0.32979538750000004 0.598110615625 0.3307177578125 0.605859375 0.33586532812500003 0.6139057546875 0.3431579859375 0.62291790625 0.35012896875 0.6283896328125
1 0.4464060015625 0.5715734125 0.4535890375 0.58540625 0.45682142812500004 0.5940292656249999 0.4586173109375 0.5954665171875 0.46113119999999996 0.5987001484375 0.47352207343749997 0.59528670625 0.4859126984375 0.589897321875 0.49632812499999995 0.5832504953125001 0.48842683593749997 0.5598963296874999 0.4835783734375 0.552710565625 0.4762155265625 0.5518122515624999 0.4753177078125 0.5471416171875 0.47316294687499993 0.5439079859375 0.4710079359375 0.542650296875 0.4710079359375 0.539237103125 0.4672368546875 0.532769840625 0.4627475203125 0.5245062 0.46184945468749994 0.5162423109375001 0.4609516375 0.5121106156249999 0.4532299109375 0.4874990078125 0.44784250937500003 0.48678025781249995 0.4469446921875 0.4826485609375 0.440120784375 0.4831875 0.43096255 0.48624131875 0.4212653765625 0.49109176562499995 0.41498015937500005 0.4957626484375 0.4124662703125 0.498277778125 0.41462103125 0.5033077875 0.41480059531249996 0.5070803578125 0.424138640625 0.52702108125 0.4297053578125 0.5291768359375 0.433296875 0.531871528125 0.4368883921875 0.539237103125 0.43599057500000005 0.5424707343749999 0.43958209375 0.5500158734375 0.44450272812499997 0.5547202375 0.4453286203125 0.5609742062499999 0.44784250937500003 0.5647467765624999 0.448740575 0.56744146875 0.4464060015625 0.5715734125
1 0.46137152812500004 0.49422271875 0.4569126984375 0.4979141859375 0.46091021874999993 0.510834078125 0.46444642812500003 0.5229848703125 0.4636775796875 0.5263688 0.46782886875 0.5319060015625 0.47013516875 0.53390550625 0.48873859062499997 0.5302140375 0.49873214218750006 0.5274454359375 0.5088797125 0.523446428125 0.510878471875 0.5200627484375 0.5018072921875001 0.48407142812500004 0.49504241093749995 0.48253323437500006 0.493351190625 0.4803799609375 0.4911986609375 0.477919146875 0.49212103125000006 0.4709977671875 0.49519593281249996 0.46746006875 0.4911986609375 0.45177157812499996 0.48135863125 0.45054117031249996 0.47997495 0.440851190625 0.4781299609375 0.43439136874999995 0.47613120000000003 0.4279313 0.46752132968750004 0.4285466265625 0.45645138906250005 0.4313149796875 0.4486103671875 0.43485267812500006 0.44476661718750005 0.439774553125 0.4472266859375 0.4479263390625 0.4504553578125 0.457923859375 0.45131646875 0.4595622515625 0.4470729171875 0.4657681046875 0.45414533749999997 0.48330233125 0.4596803078125 0.48330233125 0.46137152812500004 0.49422271875
1 0.5150984625 0.6173328375 0.51558829375 0.621742559375 0.5149352671874999 0.624845734375 0.5115066968749999 0.627459078125 0.512159721875 0.6341552578125 0.5150984625 0.63758506875 0.5219553578125 0.6611041671875 0.5317509921875 0.6606140875000001 0.5373020828125 0.6597973703125 0.5464446921875 0.6565310015625 0.5531383921875 0.653264384375 0.5616279765625001 0.6493447421874999 0.562444196875 0.644444940625 0.551342509375 0.6148829359375 0.5439957843750001 0.6125964781250001 0.5417100687499999 0.6068799609375 0.544322171875 0.6019801593749999 0.5400773812499999 0.5903841765625 0.5359960312500001 0.58858755 0.5348531750000001 0.5836877484375 0.5382814984375 0.5797678578125 0.5389345234375 0.5750314984375 0.5281594734375 0.5458025796875 0.518690228125 0.5500491078125 0.5077517359375 0.55315228125 0.49779265937500006 0.55658209375 0.491262153125 0.5585419140625 0.48865005000000006 0.5596852671875 0.49518055624999996 0.5796108624999999 0.49632341249999995 0.5856540171875 0.4976294640625 0.591696925 0.5023640875 0.592350446875 0.5048129953125 0.592350446875 0.5075560515624999 0.5931388890625 0.5087311515625 0.5995302578125 0.5053028281249999 0.601653521875 0.5087311515625 0.6163529265625 0.5150984625 0.6173328375
1 0.5326118546874999 0.55514608125 0.5371674109375 0.5617750499999999 0.53965228125 0.5617750499999999 0.54006646875 0.5644682546875 0.5382028765625 0.5677827375 0.5406877484375 0.5729615578125 0.5421374015625 0.57689756875 0.5373745046875 0.5812480156250001 0.548349703125 0.610871528125 0.5510416671875 0.6119074906249999 0.55725396875 0.6110788687500001 0.5636733625 0.6098358140625 0.569471478125 0.6071428578125 0.5789970234374999 0.6029995046875001 0.5887296625 0.59864930625 0.5785828375000001 0.5667470234375 0.5731989093750001 0.5665396828125 0.5707140374999999 0.5609464281250001 0.5686431046875 0.558667659375 0.5649156750000001 0.555974703125 0.5645014875000001 0.55162425625 0.565951140625 0.548102678125 0.5618095234375 0.5375376984375 0.5599459328124999 0.5377447921875 0.5570468749999999 0.53484449375 0.5584962796874999 0.5309084828125 0.562430803125 0.525522321875 0.5518697921875 0.49569171562500003 0.548349703125 0.49548437500000003 0.53882415625 0.497141865625 0.5245357140625 0.5033563984375 0.5121111109375 0.5070853171875 0.5226721234375 0.53836631875 0.5290915171874999 0.5398162203125 0.5338541671875 0.5423023312499999 0.5344754468749999 0.54478819375 0.52971255 0.5468596234375 0.5326118546874999 0.55514608125
1 0.6048494546875001 0.792472965625 0.6142857140625 0.79058506875 0.6230359625 0.78474925625 0.6305850687500001 0.7801150796874999 0.6362467765625001 0.7746227671875 0.6369330359375 0.771533234375 0.622178075 0.7449293156250001 0.615658234375 0.7402951390625 0.6142857140625 0.7394370046875001 0.6117123015625 0.7353177078125 0.6079377484374999 0.7329146828125 0.6048494546875001 0.7287953875000001 0.6055357140625001 0.725190971875 0.5993591265625 0.713862846875 0.59078050625 0.70905704375 0.5875208328125 0.7045944937499999 0.5876924609375 0.70013194375 0.5904375 0.6942963796875 0.5729372515625 0.6673759921875 0.5659030265625 0.6684057546875 0.556294890625 0.67424131875 0.5449712296875 0.683681546875 0.5411966765625 0.6878008437500001 0.5406820437500001 0.69003199375 0.5566381453125 0.7164642859375 0.5631577375 0.7178373015624999 0.5688196921875 0.72453125 0.5725942453124999 0.7281356640625 0.57053521875 0.732769840625 0.5748246531250001 0.7418665671875 0.5768834328125 0.74667261875 0.582339534375 0.7454836312500001 0.5830600203125 0.7516232640625 0.5858050593749999 0.756257440625 0.5840892859375 0.760719990625 0.6048494546875001 0.792472965625
1 0.61626959375 0.7401825390625 0.621764384375 0.74302579375 0.631806546875 0.7399928078125 0.643743303125 0.7322214781249999 0.6528380453125 0.7235022328125 0.6354064984375001 0.6929848703125 0.6306696421875 0.6912790171875 0.6272591765625 0.691089534375 0.6253643359375001 0.6872983625 0.623658978125 0.6812328875 0.6191116078125 0.669480903125 0.6126696421875 0.6618990578124999 0.6130486109375 0.659055803125 0.6141852671875 0.6537485125 0.5969432046875001 0.623829365625 0.5857641375 0.627430803125 0.584059028125 0.627809771875 0.5787537203124999 0.6192802578125 0.5707958828125 0.6190907734375 0.5668169640625 0.6251562500000001 0.5679536203125 0.6323591265624999 0.5707958828125 0.6391827875 0.565301090625 0.6429737109375 0.562837796875 0.6458169640625 0.565680059375 0.6560525796875 0.5690905265625 0.6636344249999999 0.5726904765625 0.6660987109375001 0.5755327375 0.6712165171875 0.5789432046874999 0.675955109375 0.583680059375 0.6751969250000001 0.5867115578125001 0.6744387406250001 0.5887958828125 0.6799357640625 0.5905009921875 0.6827787703125 0.5887958828125 0.686569940625 0.5891748515625 0.6901713796875 0.591637896875 0.6941517859374999 0.5935327375 0.6988903765625001 0.59826959375 0.6987008921875 0.6014905749999999 0.698511409375 0.601566715625 0.69973834375 0.606037946875 0.7068219250000001 0.6009221234375001 0.71137103125 0.6030064484375 0.7149724703125 0.61626959375 0.7401825390625
1 0.613616815625 0.65245858125 0.620059028125 0.65492261875 0.6439327875 0.65549131875 0.6583328374999999 0.6532167656250001 0.6553013390625 0.615117559375 0.6488591265625 0.6096205359375 0.6488591265625 0.602228175 0.6530275296875 0.5973000984375 0.65586954375 0.5931299609375 0.6537854656250001 0.577587053125 0.6473432546875 0.57569146875 0.6488591265625 0.5692467765625 0.650375 0.562991815625 0.6554908234375 0.5584424609374999 0.6530275296875 0.5273787203125 0.6352170140625 0.5254833828125001 0.6198695437499999 0.5268102671875 0.6105853171875 0.5279474203125 0.6109642859375 0.555621528125 0.6098273812499999 0.559601934375 0.61797495 0.5616870046875 0.619490575 0.5694585812499999 0.6183536703125 0.5757135421874999 0.61626959375 0.5781778281250001 0.611722221875 0.579694196875 0.6109642859375 0.593720734375 0.613995784375 0.5965639875 0.6168380453125 0.59694295625 0.621764384375 0.5978685515625 0.6187326390625 0.6071564984375 0.615322171875 0.612653521875 0.611722221875 0.615496528125 0.613616815625 0.65245858125
1 0.61191170625 0.46221106093750003 0.6109642859375 0.4660022328125 0.60546949375 0.468087053125 0.6088802078125 0.49974181562500003 0.6329432046875 0.49936259843749997 0.651890625 0.4974672625 0.6534064984375 0.4919702375 0.6488591265625 0.46334846250000006 0.641658978125 0.4612633921875 0.6386274796875 0.45254414687500005 0.642037946875 0.4466681546875 0.64071180625 0.4339685015625 0.6409012890625 0.42487003906250004 0.64355381875 0.42013144843749994 0.6456381453125 0.41482415625 0.6409012890625 0.38658134843749997 0.6340801093749999 0.3867708328125 0.6234694937499999 0.38563368124999997 0.613995784375 0.388287203125 0.6047115578125 0.38885590312499996 0.6014905749999999 0.3913201890625 0.599974703125 0.392457340625 0.601301090625 0.4176674109375 0.6067958828125 0.426196925 0.611722221875 0.4335892859375 0.61191170625 0.43794890937500003 0.6079327875 0.43889682499999993 0.60831175625 0.450459078125 0.6109642859375 0.451975446875 0.6126696421875 0.45766195468750004 0.61191170625 0.46221106093750003
1 0.5725009921875001 0.498013640625 0.570037946875 0.49953000937500003 0.5706063984374999 0.5148834328125 0.5745853171874999 0.5171579859375 0.5723115078125 0.522086309375 0.5681431046875 0.5249295640625 0.5664379953124999 0.5264459328125 0.567195684375 0.55713045625 0.5728799609374999 0.557509671875 0.5848169640624999 0.5573201890624999 0.5963747515625 0.555993303125 0.6086907234375001 0.55713045625 0.6113432546875 0.5503067953125 0.60831175625 0.5226326890624999 0.602059028125 0.51865228125 0.6014905749999999 0.514861359375 0.6024379953125 0.5106912203125 0.6007326390625 0.49647494999999997 0.599974703125 0.49097817499999996 0.5988380453125 0.487398809375 0.599974703125 0.47886929531250005 0.5990275296875 0.47488864062499997 0.594480159375 0.4735620046875 0.5863325890625 0.47375148749999996 0.5770483625 0.47488864062499997 0.5711748515624999 0.47507837343750003 0.5690905265625 0.48626165625000006 0.57174305625 0.4898630953125 0.5725009921875001 0.49251661718750006 0.5725009921875001 0.498013640625
1 0.5576852671875 0.4753970734375 0.5699010421875 0.46521329375000003 0.5684915671875 0.45941641874999994 0.571310515625 0.45706646875 0.5742862109375 0.456126240625 0.5822733140625 0.45722296562500003 0.5872847218749999 0.45126959375000003 0.6051383921875 0.43951909687499996 0.61015005 0.4335654765625 0.6012232140625 0.4182177578125 0.5968380453125001 0.41320436562499996 0.590730159375 0.40678075468749997 0.5597212296875 0.42869642812500003 0.5605044640625 0.42979315468749996 0.5605044640625 0.4338665671875 0.555023065625 0.43809672656250004 0.5504813984375 0.43496329375 0.5359164187500001 0.444050346875 0.534976934375 0.4459303078125 0.536699653125 0.4504739578125 0.5351334328124999 0.452040675 0.5304350203125 0.45423412656249995 0.5268330859375 0.449847221875 0.4997393359375 0.4694313 0.5003658234375 0.471311259375 0.5020885421875 0.47726488125 0.5091361609375 0.48995535781250005 0.5202554562499999 0.502332340625 0.5478189484375 0.4832185015625 0.5464094734375 0.476011409375 0.5490716765625 0.473516865625 0.5514208828125 0.473516865625 0.5576852671875 0.4753970734375
1 0.48511879999999996 0.4164655265625 0.4925885421875 0.44836135937500005 0.5122651296875 0.4469032734375 0.5268405265625 0.44344047656249996 0.5323060515625 0.4372435515625 0.5252006453125 0.40571205312499997 0.5191884921875001 0.4033427578125 0.5159089781249999 0.3984216265625 0.5195528281249999 0.3940473703125 0.5190062 0.38930853125 0.5157266859375 0.38110689531249997 0.5109898312500001 0.3792842265625 0.5108075390625 0.37290500937500004 0.514087053125 0.3690776296875 0.5180952375000001 0.3654322921875 0.5095322421875 0.3339010421875 0.5026091265625 0.33262524843749997 0.49076661718750003 0.333171875 0.4800173609375 0.3369995046875 0.4727299109375 0.3404623015625 0.46890377031249997 0.3441076390625 0.47619146875 0.3750922625 0.4829325390625 0.377826140625 0.485483134375 0.38110689531249997 0.485483134375 0.384023065625 0.48256820468750006 0.3882150296875 0.48420783749999996 0.4004265875 0.48675868125 0.4030515875 0.48967361093750006 0.40571205312499997 0.49003794687499996 0.40917509843750005 0.4878516859375 0.412455853125 0.48511879999999996 0.4164655265625
1 0.4843901296875 0.24501413749999998 0.4847544640625 0.2499350203125 0.4867584328125 0.255767609375 0.489126984375 0.262146578125 0.49313516875 0.2687080859375 0.49422842187500005 0.27290005 0.49422842187500005 0.27836805625 0.49586805624999997 0.2851116078125 0.50005853125 0.292402034375 0.5031557546875 0.2976877484375 0.5075282734375001 0.3035200890625 0.509714534375 0.305707340625 0.5182775296875 0.3016974203125 0.5290267859375 0.299328125 0.5332170140625 0.29750545625 0.5415979656250001 0.29057961250000003 0.5379541171875 0.2840181046875 0.5255649796874999 0.25923040625 0.5199171625 0.2550384421875 0.5180952375000001 0.2513931046875 0.5182775296875 0.2455607640625 0.5115364578125 0.2335314984375 0.5058883921875 0.22879265937499998 0.5055240578125 0.227516865625 0.5058883921875 0.22350719218749998 0.506070684375 0.2171279765625 0.5002405750000001 0.2060099203125 0.49422842187500005 0.1927048609375 0.490948909375 0.190335565625 0.48384350156249994 0.1886951890625 0.4736408734375 0.1921579859375 0.46270932499999995 0.20054216249999998 0.460523065625 0.2071036703125 0.47072569375000006 0.23152653750000002 0.4729119546875 0.2335314984375 0.47928869062499996 0.23517187499999997 0.4809283234375 0.23772346249999998 0.48129290625000004 0.2380880453125 0.4843901296875 0.24501413749999998
1 0.5164556046875 0.35358531718749997 0.5180952375000001 0.36087574375 0.517730903125 0.3661614578125 0.5173665671875 0.3712646328125 0.522103421875 0.3749099703125 0.525747271875 0.377826140625 0.52702256875 0.3823826890625 0.5217390875000001 0.38621006874999997 0.5246540171875 0.40352505 0.5293911203125 0.42083978125000004 0.53339930625 0.42375619999999997 0.5423266375 0.422298115625 0.5569017859375001 0.42011086249999996 0.5680153765625 0.415007440625 0.564189484375 0.3945942453125 0.561456596875 0.379662946875 0.5609099703125 0.3787517359375 0.5559908234375001 0.376017609375 0.5532579359375001 0.37164335312499996 0.5516183031249999 0.366540178125 0.5578127484375 0.3652641375 0.55653745 0.3492251984375 0.5556264875 0.34740252968749996 0.5481567453125 0.34466865156250004 0.5487033734375 0.3399298109375 0.5518005953125 0.33573784687499997 0.5528936015625 0.32553125 0.5477924109375001 0.3020193453125 0.53959375 0.300561259375 0.5339459328125 0.300561259375 0.523925346875 0.3022016375 0.5139050093749999 0.3047532234375 0.5057063484375 0.3107678578125 0.5117185015625 0.3415701890625 0.5148157234374999 0.3441217765625 0.5182775296875 0.3452155265625 0.5217390875000001 0.348131696875 0.5219213796875 0.3492110609375 0.5215567953125 0.3508514390625 0.5164556046875 0.35358531718749997
1 0.5779786703124999 0.3954389875 0.5966550093749999 0.3932408234375 0.6045649796875 0.38510788749999997 0.6056636906249999 0.3695017359375 0.5984126984375 0.34993874062499997 0.59248040625 0.349279265625 0.5911619546875 0.343564484375 0.59182118125 0.3400473703125 0.5933591265625 0.33147495 0.592040921875 0.3259799109375 0.586767609375 0.32356200468749996 0.586328125 0.32334201406249996 0.587866071875 0.3182864578125 0.5911619546875 0.3116922125 0.59182118125 0.30355952343750003 0.5861083828125 0.2798201890625 0.5753420140625 0.27740228125 0.562378471875 0.2804796625 0.548975446875 0.28465600156250004 0.54546006875 0.2892720734375 0.5527108140625 0.321144096875 0.556226190625 0.3213638390625 0.5601813 0.3308154765625 0.5575446421875 0.33499181562499997 0.5579841265625001 0.3407068453125 0.5590825890625 0.345982390625 0.5619389875 0.34686160781250003 0.564444196875 0.3480942453125 0.5634771828125 0.3565329859375 0.558862846875 0.360709325 0.5654546125000001 0.393460565625 0.5779786703124999 0.3954389875
1 0.5834717265625 0.26445932499999997 0.5891845234375 0.26467931562499997 0.5979734624999999 0.261162203125 0.6080806046875 0.2565463796875 0.62258209375 0.261162203125 0.6239005453125 0.2594037703125 0.625658234375 0.2481937 0.623021578125 0.232367559375 0.615990575 0.23346651718749997 0.6078608625 0.2361041671875 0.6030270343749999 0.23808258906250002 0.5988521828125 0.23632415624999997 0.588525296875 0.234785465625 0.585888640625 0.23654389843749998 0.5781984125 0.2376428578125 0.5749025296875 0.23192782812499999 0.5421641859374999 0.2350052078125 0.5395275296875 0.24006076406250001 0.541724703125 0.2565463796875 0.54304290625 0.27391121093750004 0.5775391859375001 0.27149330312500003 0.577758928125 0.26753670625 0.579516865625 0.264019840625 0.5834717265625 0.26445932499999997
1 0.5667728171874999 0.2304064984375 0.5781984125 0.22732911718749998 0.5810548109375 0.2266696421875 0.585009671875 0.2277688484375 0.5900634921875 0.22952728125 0.599511409375 0.23150545625 0.604784721875 0.23260441406250001 0.6181877484375 0.23150545625 0.6223623515625001 0.228428075 0.623680803125 0.2134811515625 0.6234610609375 0.201391865625 0.6223623515625001 0.1890825890625 0.5927001484375001 0.189522321875 0.589404265625 0.1952373515625 0.5841309531250001 0.199413690625 0.5810548109375 0.20073239062499998 0.575122271875 0.197875 0.5718266375 0.1965560515625 0.562378471875 0.1965560515625 0.5573249015624999 0.20249082343749997 0.5527108140625 0.2035900296875 0.55117261875 0.193918403125 0.5184342765625 0.196995784375 0.517335565625 0.20073239062499998 0.5175553078124999 0.218097221875 0.5186540171875 0.23546205312500001 0.5527108140625 0.23348363125 0.5535458828125 0.22768650781250002 0.5544685015625 0.226889384375 0.5610602671875 0.2304064984375 0.5667728171874999 0.2304064984375
1 0.5964352671875 0.314330109375 0.5955562999999999 0.3193856640625 0.6006101187499999 0.328617559375 0.602148065625 0.33037599218749997 0.604784721875 0.3391681546875 0.6023678078125 0.34224553593749996 0.5984126984375 0.350378471875 0.6023678078125 0.3587311515625 0.6063226687500001 0.3692817453125 0.6080806046875 0.379173115625 0.6115959828124999 0.3798325890625 0.6293936015625 0.37807415624999996 0.64411483125 0.373678075 0.6421374015625 0.36400644843749996 0.637303571875 0.344883184375 0.6322497515625 0.33565128906249997 0.6309315468750001 0.327518353125 0.6304920640625 0.3213638390625 0.6285146328125 0.30927455312499996 0.62609771875 0.30597743125 0.6241202875 0.29916319375 0.6320302578125 0.2945473703125 0.6278554062499999 0.28355704375 0.622142609375 0.2642137890625 0.61335391875 0.261576140625 0.6069818953125 0.2593782234375 0.5929196421875 0.26575247968750004 0.5876463296875001 0.26926959375 0.58830555625 0.2793807046875 0.5911619546875 0.2971850203125 0.594018353125 0.3055376984375 0.59533680625 0.306197171875 0.5964352671875 0.308834821875 0.5964352671875 0.314330109375