5 0.18154761875 0.4322916671875 0.1917162703125 0.46651785781250005 0.20238095312499998 0.49776785781250005 0.21626984062500001 0.5275297625 0.2234623015625 0.536954365625 0.22693452343749998 0.5396825390625 0.234623015625 0.5421626984375 0.246527778125 0.541170634375 0.2584325390625 0.5386904765625 0.2633928578125 0.5367063484375 0.2668650796875 0.5367063484375 0.32217261875 0.52529761875 0.34325396874999997 0.5203373015625 0.356646825 0.51612103125 0.3581349203125 0.513144840625 0.349454365625 0.471726190625 0.3489583328125 0.46552579375 0.3415178578125 0.43551587343750003 0.3263888890625 0.3608630953125 0.31597222187499996 0.3199404765625 0.31150793593750004 0.2948908734375 0.2988591265625 0.2408234125 0.2956349203125 0.2380952375 0.28447420625 0.237847221875 0.20808531718749998 0.24801587343749998 0.20560515937499999 0.24925595312499998 0.18774801562500001 0.252480159375 0.181299603125 0.2522321421875 0.1641865078125 0.2552083328125 0.1617063484375 0.256200396875 0.15873015937499999 0.25967261875 0.15600198437499999 0.2738095234375 0.15649801562500001 0.30381944375000003 0.1602182546875 0.33779761875 0.1671626984375 0.37400793593750004 0.18154761875 0.4322916671875
5 0.5897817453124999 0.593501984375 0.593005953125 0.5984623015625 0.5949900796875001 0.6071428578125 0.6026785718750001 0.608630953125 0.6765873015625 0.6855158734375 0.6822916671875 0.6892361109375 0.6860119046875 0.690476190625 0.6919642859375 0.6887400796875001 0.7021329359374999 0.6803075390625 0.7053571421875 0.6731150796875001 0.705853175 0.6696428578125 0.7046130953125 0.6679067453124999 0.6949404765625 0.658730159375 0.6884920640625001 0.650049603125 0.684523809375 0.6470734125 0.67782738125 0.6388888890625 0.6522817453124999 0.612351190625 0.6418650796875001 0.603174603125 0.64012896875 0.599950396875 0.6116071421875 0.5701884921875 0.609623015625 0.5662202375 0.6039186515625 0.5644841265625 0.6011904765625 0.5664682546875001 0.5979662703125 0.5662202375 0.5927579359374999 0.574652778125 0.5890376984375 0.5758928578125 0.5863095234375 0.578869046875 0.5833333328125 0.5835813484375 0.5835813484375 0.588045634375 0.5858134921875 0.5915178578125 0.5897817453124999 0.593501984375
5 0.6334325390625 0.5917658734375 0.6393849203124999 0.59970238125 0.6493055562500001 0.609375 0.653521825 0.611855159375 0.656498015625 0.6113591265625 0.658978175 0.6073908734375 0.6577380953125 0.5855654765625 0.655505953125 0.575644840625 0.6517857140625 0.54092261875 0.6498015875 0.5334821421875 0.6478174609375 0.5297619046875 0.646825396875 0.5091765875 0.6418650796875001 0.478174603125 0.6361607140625 0.4734623015625 0.6331845234375 0.47247023749999995 0.627480159375 0.47470238125 0.625744046875 0.4742063484375 0.6135912703125 0.4779265875 0.611855159375 0.48040674531249994 0.6113591265625 0.4831349203125 0.6235119046875 0.5801091265625 0.625744046875 0.58407738125 0.6334325390625 0.5917658734375
5 0.6649305562500001 0.5957341265625 0.6889880953125 0.639880953125 0.6941964281249999 0.64657738125 0.6979166671875 0.6490575390625 0.7016369046875 0.6604662703125 0.705853175 0.66865079375 0.709325396875 0.6708829359374999 0.719494046875 0.6698908734375 0.7234623015625 0.6664186515625 0.733630953125 0.6604662703125 0.7333829359374999 0.6552579359374999 0.7274305562500001 0.643353175 0.6894841265625 0.5741567453124999 0.668402778125 0.5381944437499999 0.6614583328125 0.536954365625 0.6525297625 0.5404265875 0.652777778125 0.55009920625 0.656498015625 0.5739087296875 0.65947420625 0.5833333328125 0.6649305562500001 0.5957341265625
5 0.7353670640625001 0.6612103171875 0.7455357140625 0.68154761875 0.750744046875 0.6857638890625 0.7614087296875 0.681299603125 0.76512896875 0.678075396875 0.7738095234375 0.674355159375 0.7740575390625 0.669394840625 0.7666170640625001 0.65575396875 0.765376984375 0.6493055562500001 0.724950396875 0.5771329359374999 0.713045634375 0.559027778125 0.7105654765625 0.552579365625 0.7043650796875001 0.5486111109375 0.700396825 0.5486111109375 0.6922123015625 0.5515873015625 0.6830357140625 0.5570436515625 0.6827876984375 0.5610119046875 0.6837797625 0.5637400796875001 0.7306547625 0.6488095234375 0.7353670640625001 0.6612103171875
5 0.5833333328125 0.669394840625 0.5855654765625 0.669146825 0.5890376984375 0.671626984375 0.5977182546875001 0.6741071421875 0.5989583328125 0.6736111109375 0.5984623015625 0.671130953125 0.6006944437499999 0.669146825 0.606646825 0.6696428578125 0.6081349203124999 0.6669146828125 0.60887896875 0.6595567953125 0.6111111109375 0.6540178578125 0.612103175 0.6453373015625 0.612103175 0.6302083328125 0.6106150796875001 0.6197916671875 0.606646825 0.6138392859375 0.593998015625 0.6019345234375 0.5892857140625 0.593998015625 0.583829365625 0.5900297625 0.58134920625 0.5977182546875001 0.5793650796875001 0.6341765875 0.5791170640625001 0.6545138890625 0.580605159375 0.6574900796875001 0.5798611109375 0.66220238125 0.5833333328125 0.669394840625
5 0.5957341265625 0.5714285718750001 0.5984623015625 0.5672123015625 0.603174603125 0.565228175 0.6076388890625 0.565972221875 0.61259920625 0.5704365078125 0.6145833328125 0.5696924609375 0.6160714281249999 0.54092261875 0.6135912703125 0.5364583328125 0.606894840625 0.5324900796875001 0.5982142859375 0.53174603125 0.5897817453124999 0.5332341265625 0.5865575390625 0.5364583328125 0.5830853171875 0.571924603125 0.5835813484375 0.58407738125 0.5863095234375 0.5818452375 0.5897817453124999 0.575396825 0.5957341265625 0.5714285718750001
5 0.37938963281250004 0.5324181546875 0.3869109625 0.5297318953125 0.394701140625 0.5262398312500001 0.4008797125 0.52946329375 0.40705803593749995 0.535910465625 0.408669890625 0.5426259921875001 0.405446428125 0.549341765625 0.40276016875 0.55337103125 0.394701140625 0.5563258921875 0.38637375937499996 0.5563258921875 0.37616592187500003 0.5528338296875 0.3732110609375 0.5453122515625 0.375897321875 0.5353730156250001 0.3603169640625 0.5187182546875 0.3331857640625 0.5283888890624999 0.331573909375 0.5334928078125001 0.3294248515625 0.54289459375 0.3272760421875 0.551759425 0.3275446421875 0.565459325 0.32888764843749996 0.585337796875 0.333722965625 0.603873015625 0.34124454375 0.6151552578125 0.38637375937499996 0.5979630453125 0.3850307546875 0.5920533234375001 0.3850307546875 0.5866808031249999 0.3871798109375 0.578084821875 0.398193453125 0.574323909375 0.40410317500000004 0.5737867062500001 0.4116247515625 0.5756671625 0.4172658734375 0.581308284375 0.41780307499999997 0.5856063984375 0.4172658734375 0.5920533234375001 0.41646006875 0.5960828375 0.41243055625 0.6009179062500001 0.40598363125 0.603873015625 0.40114831406249996 0.6041416171875 0.388254215625 0.6003807046875 0.34285639843750004 0.6170357140625 0.3460798609375 0.6221396328125001 0.349571925 0.6285865578125 0.3568249015625 0.6361081343749999 0.36756994062500004 0.646315971875 0.37938963281250004 0.6567924109375001 0.39094047656250003 0.6640453875000001 0.40625223281249995 0.6704923109375 0.41941493124999996 0.6742532234375 0.43821875 0.6293923609375 0.43580109062499994 0.6253630953125 0.43150322343749997 0.618915921875 0.42989136875 0.6119317953125 0.4325776296875 0.60467881875 0.439024553125 0.6003807046875 0.44305406718749996 0.59742584375 0.45326190468750005 0.5985004953125 0.45970882968750004 0.6027983625 0.463201140625 0.608976934375 0.4642755453125 0.6127375984375 0.4629325390625 0.6175729171875 0.45997743125 0.6245572921875 0.45648536718750005 0.629123759375 0.45165005 0.63154141875 0.44009920625000004 0.6301984125 0.4215639875 0.6742532234375 0.42639930625 0.6755962296875 0.43338343281249997 0.6766708828125 0.44600892812500004 0.6777452875 0.4575600203125 0.6772080859375 0.46239508906250004 0.6774766859375 0.46723040625 0.6774766859375 0.4758266375 0.6774766859375 0.48925793593750005 0.6755962296875 0.5045696921875 0.6686118546875 0.519075396875 0.6618963296875 0.5276713796875 0.6570610125 0.5034950390625 0.6159610609375 0.50107738125 0.6164982640625001 0.495436259375 0.6164982640625001 0.4865716765625 0.6122003968749999 0.481736359375 0.6022611609374999 0.4822735609375 0.5995749015625 0.4838854171875 0.5925905265625 0.488451884375 0.5880240578125 0.46723040625 0.5614298109375 0.46239508906250004 0.5657279265625 0.454873759375 0.5665337296875 0.4468147328125 0.56357886875 0.44090500937500005 0.5563258921875 0.44009920625000004 0.5482671125 0.44708358125 0.5361790671875 0.45729117031250005 0.5345672125 0.46212648749999996 0.5351044140625 0.471528521875 0.5426259921875001 0.47287152812500005 0.5469241078125 0.473408978125 0.5520280265624999 0.46884226250000005 0.5606240078125 0.488451884375 0.586412203125 0.49167559531249994 0.5850689484375 0.5008087796875 0.5837259421875001 0.507524553125 0.5842631453125 0.5118224203125 0.5920533234375001 0.5155833328125 0.5993063000000001 0.515851934375 0.605216021875 0.5137028765625 0.6095141374999999 0.5053754953125 0.6156924609375001 0.52847743125 0.6562552078125 0.534387153125 0.6516884921874999 0.54217733125 0.6457787703125 0.54862425625 0.6398688 0.5539970234375 0.633421875 0.5604439484375 0.625631696875 0.5639360124999999 0.6210649796875 0.5687713296875 0.6143494546875 0.5709203875 0.606021825 0.5784419640625 0.593396578125 0.57951636875 0.585337796875 0.5808596234375 0.5778162203125 0.5827400796875 0.5684141859375 0.583814484375 0.56035540625 0.53895386875 0.5590121531250001 0.5386852671875 0.56035540625 0.5384166671874999 0.5646535218750001 0.5335813484374999 0.569219990625 0.5271341765625001 0.5716376484375 0.52149305625 0.5716376484375 0.5169263390625 0.5708318453125 0.5118224203125 0.5676083828125 0.5099422125 0.56357886875 0.5094047625 0.5598182046875 0.508867559375 0.5522966265625 0.510748015625 0.5479985125 0.51504613125 0.5450436515625 0.52176165625 0.544237846875 0.5303576390625 0.5450436515625 0.53519295625 0.548804315625 0.5384166671874999 0.5574005453125 0.580591021875 0.5590121531250001 0.5824712296875 0.5549828875 0.5822026296875 0.538865328125 0.578710565625 0.52946329375 0.5779047625 0.5283888890624999 0.572263640625 0.5262398312500001 0.5631302078125 0.51925545625 0.5553400296875 0.5144201390625 0.5435205859375001 0.5007202375 0.5220302578125 0.5071674109375001 0.5228363093749999 0.5128085312499999 0.5225674609375 0.517375 0.52149305625 0.52247891875 0.51477728125 0.526777034375 0.5104794140625 0.528926090625 0.5008087796875 0.5257026296875 0.4940932546875 0.5208673109374999 0.4911381453125 0.513345734375 0.4930186015625 0.5068985609375 0.499197171875 0.50260069375 0.5045696921875 0.5007202375 0.5123598703125001 0.5001830359375 0.5204186515625 0.5052869546875 0.5405654765625 0.49964583281249997 0.5370734125000001 0.4940044640625 0.5327752968749999 0.48970659687499996 0.527402778125 0.48137921562499997 0.5228363093749999 0.47332043593749995 0.5174637890625 0.45988888906250003 0.4661560015625 0.47734970312499997 0.46803645781250003 0.47815550625 0.47287152812500005 0.4797673609375 0.47797544687500004 0.4829908234375 0.4795873015625 0.49078100156250004 0.4803931046875 0.49588492031250003 0.47797544687500004 0.49964583281249997 0.468305059375 0.50582415625 0.46051488125000006 0.50260069375 0.45353050625 0.5004516375 0.4495009921875 0.4934672625 0.4495009921875 0.48755753906250004 0.452724703125 0.482722221875 0.45970882968750004 0.47869295625 0.4691108625 0.4754692453125 0.51853819375 0.45800868125000005 0.5134342765625 0.45693402812499995 0.500540178125 0.45156150781250004 0.4897951390625 0.44887524843750004 0.47797544687500004 0.44484598281250004 0.46239508906250004 0.44135367031249995 0.4414422125 0.4418908734375 0.42290699375 0.44403993125 0.4132366078125 0.4475322421875 0.40302877031250006 0.45156150781250004 0.38771701406250003 0.45827728125 0.4084012890625 0.48997519843750004 0.41216195468750005 0.48890079374999995 0.4180716765625 0.48863194375 0.42371304531250004 0.48863194375 0.429085565625 0.49239285781250003 0.43311483125 0.49722817499999994 0.433652034375 0.5034064984375 0.43150322343749997 0.5077046125 0.42881696406250003 0.5117338796875 0.4231755953125 0.5144201390625 0.4167286703125 0.516569196875 0.40920709375 0.515226190625 0.405446428125 0.5120024796875 0.40302877031250006 0.50555555625 0.40222271875000004 0.4983025796875 0.40786383906249996 0.49078100156250004 0.386105159375 0.460157490625 0.3826130953125 0.462306546875 0.3748229171875 0.4663360609375 0.3600483625 0.47815550625 0.3536014390625 0.48648313437499996 0.3589739578125 0.5157633921875 0.3775091765625 0.5348358140625 0.37938963281250004 0.5324181546875
5 0.6748568953125 0.373982390625 0.6798345734375 0.36867286718750003 0.686139384375 0.365686259375 0.6984174109375 0.36634995 0.705054315625 0.37365054531249997 0.7392336312500001 0.3530763890625 0.7362470234375 0.34843080312499997 0.7299422125 0.3391391375 0.71633680625 0.3245384421875 0.6639062499999999 0.3417938984375 0.6672244546874999 0.34909449375 0.6672244546874999 0.35606299531249996 0.6649017859375 0.364027034375 0.6592604171875001 0.3673454859375 0.6512963796875 0.36767733125 0.6403457343750001 0.3666817953125 0.6360317453125 0.3580540671875 0.618444196875 0.3600451390625 0.6181123515625 0.36767733125 0.612139384375 0.375309771875 0.6064980156249999 0.37829613125 0.6001932046875 0.37862797656249997 0.5938881453125 0.37862797656249997 0.586255953125 0.3700002484375 0.586587796875 0.3620362109375 0.5875833328125 0.35274454375 0.5899062500000001 0.350421875 0.5988658234375001 0.3474352671875 0.6051706343750001 0.34444866093750004 0.612803075 0.350421875 0.618444196875 0.359049603125 0.621430803125 0.359049603125 0.63536805625 0.3557311515625 0.6337088296875 0.346771578125 0.63702728125 0.3404665171875 0.6446594734375 0.337480159375 0.6559419640625 0.33648462343749996 0.66257886875 0.340134671875 0.7146775796875 0.324206596875 0.7077088296875 0.31756969218750003 0.693771578125 0.30861011875 0.6824890875 0.30263690468750004 0.67054290625 0.2976594734375 0.66257886875 0.2960002484375 0.6469823906250001 0.29400917656250003 0.6274040171874999 0.2933454859375 0.6174486609375001 0.2933454859375 0.6074935515625 0.29467286718749996 0.5932244546875001 0.2996505453125 0.5826056546875 0.3056235125 0.569995784375 0.3125920140625 0.560704365625 0.31756969218750003 0.5490900296875 0.3261974203125 0.5441123515624999 0.333498015625 0.566013640625 0.3928970734375 0.5676728671875 0.389910465625 0.568668403125 0.3882514875 0.5749734625 0.3879196421875 0.58161011875 0.3902423109375 0.58857886875 0.396879215625 0.5895744046875 0.40185664687499995 0.5895744046875 0.406170634375 0.587915178125 0.4128075390625 0.5845967265625001 0.4177849703125 0.5779598218750001 0.42276264843750005 0.5802827374999999 0.43769543593750004 0.5859241078124999 0.43835912656250003 0.590569940625 0.44068179531249996 0.5945518359374999 0.442341021875 0.5962110609375 0.44366840312500005 0.6001932046875 0.450637153125 0.6001932046875 0.45926488125000003 0.595879215625 0.4662333828125 0.5895744046875 0.4702155265625 0.579619046875 0.47253844218749996 0.5739779265625 0.46988368124999996 0.5696639390625 0.46059226249999996 0.56933209375 0.454619046875 0.569995784375 0.449309771875 0.5733142359375 0.4426728671875 0.5789553578125 0.440018353125 0.5759689984375 0.422430803125 0.56933209375 0.420771578125 0.5626954359375 0.4147983625 0.5593769843749999 0.40816170625000003 0.5593769843749999 0.4028521828125 0.5603725203125001 0.39754290625 0.5636909718750001 0.391237846875 0.5427849703125001 0.33582093281250003 0.5407938984375 0.3378120046875 0.53581646875 0.34776711250000003 0.5275203375 0.36170436562499997 0.5205518359375 0.377632440625 0.5175652281249999 0.389910465625 0.513915178125 0.4041795640625 0.513915178125 0.42276264843750005 0.5145786203125 0.43736359062499996 0.5165696921875 0.44897792656249996 0.5178970734375 0.4552827375 0.526856646875 0.47253844218749996 0.5401302078125 0.4957671125 0.555394840625 0.512690971875 0.584928571875 0.5329330359375 0.591565228125 0.5319375 0.5968747515625 0.5319375 0.6068298609375 0.5332648812499999 0.6181123515625 0.538242559375 0.612139384375 0.4924486609375 0.612139384375 0.48946230156250004 0.6094846234375 0.48249355156249996 0.6111438484375 0.47386582343750006 0.6151259921875 0.47154290625 0.6220944937499999 0.46756076406249997 0.6280677078125 0.46722891874999994 0.634704365625 0.4702155265625 0.6366954359375 0.47552505 0.64333209375 0.474861359375 0.6526237593750001 0.5389062499999999 0.657601190625 0.538242559375 0.6645699406250001 0.535587796875 0.669879215625 0.535255953125 0.6785071921875 0.5329330359375 0.6871349203125 0.5296145828125 0.6957626484375 0.5249689984375 0.703726934375 0.51999131875 0.6788390375 0.48879861093750004 0.676847965625 0.4874712296875 0.6725339781249999 0.4874712296875 0.66523363125 0.4844846234375 0.661915178125 0.48182986093749997 0.656273809375 0.478511409375 0.6569375 0.47419766875 0.6592604171875001 0.465569940625 0.6649017859375 0.45627827343750005 0.6722021328125 0.454619046875 0.6801661703125 0.457273809375 0.6854756937500001 0.4625833328125 0.6891259921875 0.4695518359375 0.6897896828125 0.474861359375 0.6871349203125 0.480834325 0.6808298609375 0.4858120046875 0.7040587796875 0.518995784375 0.7083725203125 0.5153457343750001 0.7120228171874999 0.51036805625 0.7206505453125 0.501740328125 0.72861483125 0.4937760421875 0.7339241078125001 0.488466765625 0.73657886875 0.48481646874999995 0.7395654765625 0.48282539687500003 0.74354761875 0.4751932046875 0.74852505 0.465569940625 0.7511798109375001 0.454619046875 0.7525071921875 0.4453276296875 0.7568209328125 0.43371329375 0.7146775796875 0.43802728125 0.7130183531250001 0.44101364062500004 0.707376984375 0.4433365578125 0.7000766375 0.44599131875 0.6931078875 0.44433209375000005 0.6884623015625 0.44167733125 0.6848120046874999 0.4360362109375 0.6841483140625 0.43006299531250003 0.686139384375 0.42342633906250005 0.6887941468750001 0.41878050624999996 0.6974218750000001 0.413803075 0.7033950890625 0.41413492031250004 0.7087043656249999 0.41745312500000004 0.7150094250000001 0.423758184375 0.7146775796875 0.43570436562500003 0.7538345734375 0.4327177578125 0.7558256453125 0.42541741093749996 0.7564890875 0.4171212796875 0.7561574906249999 0.4065024796875 0.753502728125 0.3988702875 0.7501842765625 0.383273809375 0.7475295140625 0.3749779265625 0.746533978125 0.37033209375 0.7402291671875 0.3544037703125 0.7053861609375 0.3759734625 0.7070451390625 0.3849330359375 0.705054315625 0.3902423109375 0.6997447921875 0.39455629999999997 0.69244444375 0.39754290625 0.6834846234375 0.3972110609375 0.6536911375 0.40406349375 0.680498015625 0.395219990625 0.6791708828125 0.392565228125 0.6765161203125001 0.387255953125 0.6748568953125 0.3792916671875 0.6748568953125 0.373982390625
5 0.8053256453125 0.45588244062500005 0.8082405749999999 0.46346106093749995 0.8053256453125 0.47045659687499997 0.803285465625 0.47337152812500005 0.8009533734375 0.47395436562500004 0.795123759375 0.47541195468749997 0.7890024796875 0.473080109375 0.7831728671875 0.469290675 0.77938368125 0.4655014875 0.7782177578125 0.46083755000000004 0.77676016875 0.45559077343750004 0.73595238125 0.5089325390624999 0.7350778765625 0.516802828125 0.758105159375 0.49348387968749996 0.7683072921874999 0.49027752968750005 0.7744283234375 0.49144345312500004 0.7790920140625001 0.49348387968749996 0.7855047125 0.499896578125 0.7890024796875 0.5074751984375 0.789585565625 0.5019370046875 0.7875451390625 0.49610739062500003 0.8018278765625 0.479201140625 0.8088236609375 0.46870783749999995 0.8099895828125 0.46346106093749995 0.80853199375 0.4590887890625 0.806783234375 0.4544248515625 0.8021192953125 0.45034424531250006 0.7968727671875 0.4485952375 0.7907514875 0.447137896875 0.7834642859375001 0.447137896875 0.7790920140625001 0.4512185015625 0.77676016875 0.45355059531249997 0.7808410218749999 0.45267609062499997 0.7875451390625 0.45063566406250005 0.7901686515625 0.4494697421875 0.7957068453125 0.4500525796875 0.8053256453125 0.45588244062500005
5 0.72842584375 0.5733159718749999 0.77971800625 0.5188727671875 0.78444444375 0.5162467765625001 0.7875954859375 0.5120453875 0.7888209328125 0.50976959375 0.7882958828125 0.508194196875 0.7863702875 0.5109950390625 0.7832189984375 0.5148464781250001 0.77954290625 0.515896825 0.7704399796875 0.515896825 0.7658883921874999 0.5144962796875 0.76291245 0.510819940625 0.7602864578124999 0.507494046875 0.7583608625 0.505393353125 0.7569603171875 0.5018921125 0.7566103671875 0.49786582343749997 0.7569603171875 0.4950647328125 0.7566103671875 0.49313913749999994 0.7515334828125 0.5001416171875 0.7121453375 0.55143353125 0.717572171875 0.5647380953125001 0.722823909375 0.5713901296875 0.72842584375 0.5733159718749999
5 0.7902991078125 0.50828521875 0.7890892859374999 0.5109640375 0.7883978171875 0.51390228125 0.737241071875 0.57275 0.738537203125 0.5769841265625 0.7393149796875 0.579230903125 0.742080109375 0.583465278125 0.746746528125 0.5860575390625 0.752017609375 0.5880451390625 0.7578938484375 0.587872271875 0.7634243546875 0.584761409375 0.768868303125 0.5803544140625 0.8197661203125 0.53066641875 0.8220992062500001 0.5279012890625 0.8234818953125 0.5247904265625001 0.8233953375 0.5200376984374999 0.8231361609375 0.517704365625 0.8226178078125 0.5153712796875001 0.8218400296875 0.51338368125 0.8195932546875 0.50966790625 0.8142356156250001 0.50482886875 0.810519840625 0.503619046875 0.8068903765625001 0.502668403125 0.8068040671875 0.5041374015625 0.8114702375 0.506211309375 0.8147539687500001 0.5081125984375 0.8179513890625 0.5120875500000001 0.8205438984375 0.5162353671875 0.821321428125 0.5213338296875001 0.8206302078125001 0.5251359124999999 0.81786483125 0.5291974203125 0.8149268359375 0.5307529765625 0.813371528125 0.53153050625 0.8087914187499999 0.53153050625 0.804902778125 0.5309255953124999 0.8015327375 0.5293702875 0.7961750984375 0.5253953375 0.7927185015625 0.52159300625 0.7914223703125 0.5183958328125 0.7915086812500001 0.5145071921875 0.791681546875 0.5120875500000001 0.79289136875 0.508198909375 0.7943603671874999 0.5063841765625 0.7964342765625 0.5050880453125 0.8011870046875 0.5041374015625 0.8046436015625 0.504051090625 0.8066312 0.504051090625 0.8065446421875 0.5028412703125 0.804751240625 0.5017170140625 0.799631696875 0.5016314484375 0.795397321875 0.503100446875 0.7929779265625 0.50482886875 0.7902991078125 0.50828521875
5 0.7688236609375 0.5799079859375 0.7777562 0.588741071875 0.7890704359375 0.588741071875 0.7936359125 0.5871530265625 0.79671255 0.583778521875 0.8545744046875001 0.5316731156250001 0.858147321875 0.525420634375 0.858048115625 0.5215498515625 0.85725396875 0.5175798609375 0.8562616562500001 0.5149995046875 0.8544751984375001 0.5121212796875 0.8496118546875 0.507258184375 0.8437562 0.5047767859375 0.839488590625 0.5039828875000001 0.8367095734375001 0.5035858140625 0.8343276296875001 0.5035858140625 0.829464534375 0.5055709328125 0.826784721875 0.507258184375 0.8248990578125 0.509540921875 0.82261631875 0.51400694375 0.8239064984375 0.5159920640625 0.82549454375 0.512815971875 0.8269833828125 0.5096401296875 0.83045709375 0.5065634921875 0.8350223218749999 0.5065634921875 0.8386946921874999 0.50636483125 0.8432599203125 0.5077544640625 0.847527778125 0.50944146875 0.8506044140625001 0.5123196921875001 0.8524900796875 0.515694196875 0.8545744046875001 0.5196641859375 0.8558645828125 0.52532118125 0.85437574375 0.5297874499999999 0.8519938 0.5318717765625001 0.8480240578125 0.533559028125 0.84365699375 0.5331619546875 0.8385952375000001 0.531772321875 0.83313665625 0.5291919640625 0.8307547124999999 0.52720709375 0.8284719734375001 0.5233363093750001 0.8268839281249999 0.5203588796874999 0.8259908234375001 0.5177785218750001 0.825196925 0.5153965781250001 0.8248990578125 0.5177785218750001 0.8236088796875001 0.5204580859375 0.8236088796875001 0.5236341765625 0.8227155265625001 0.5267108140625 0.7688236609375 0.5799079859375
0 0.5191713796874999 0.372841021875 0.5296904765625 0.3526795640625 0.534365575 0.343621528125 0.5390406750000001 0.33514781718750003 0.5457611609375 0.3290119046875 0.5562802578125 0.3190771328125 0.57059771875 0.309434771875 0.5989407234375 0.29453273750000003 0.6249459328125 0.2895654765625 0.6380947421875 0.2886889875 0.6556264875 0.29219518906249997 0.6819241078125 0.29774702343750004 0.6901056546875 0.3027142859375 0.7061763390625 0.3138177078125 0.7231235125000001 0.3310572921875 0.7409474203124999 0.33047271875 0.7418241562500001 0.32492113125 0.74416170625 0.31673958281250003 0.7397787703125001 0.2962859625 0.7126046625 0.2992078375 0.7140654765625001 0.2962859625 0.7169875984375 0.2869357640625 0.7228313484375 0.275248015625 0.726337796875 0.26589756875 0.7202016375 0.2431063984375 0.33801041718749997 0.2585927578125 0.3388869046875 0.278462053125 0.3388869046875 0.2869357640625 0.3438541671875 0.31673958281250003 0.340055803125 0.31878497031249997 0.342685515625 0.35121875 0.345899553125 0.35121875 0.347652778125 0.354140625 0.3514513890625 0.3684580859375 0.353204365625 0.37897718281250004 0.353204365625 0.3918338296875 0.3520357140625 0.399722965625 0.3526200390625 0.4061512890625 0.51361954375 0.3941713796875 0.51566493125 0.38803521875 0.5174181546875001 0.38102256875 0.5191713796874999 0.372841021875
0 0.6821748515625 0.3815342265625 0.7015453875000001 0.38131646875 0.7011101187500001 0.3769635421875 0.696974703125 0.37239310468750003 0.692839534375 0.3691282234375 0.6895749015625 0.368475446875 0.685004215625 0.3678224203125 0.6793454859375 0.372175346875 0.6771688984375 0.377398809375 0.676080853125 0.38196949375 0.6821748515625 0.3815342265625
0 0.63733978125 0.3501932046875 0.636904265625 0.35606944375 0.6392986109375001 0.3604223703125 0.6445220734375 0.3641225203125 0.6499632937500001 0.3660813484375 0.6562748015625 0.3660813484375 0.6584513890625 0.36064012968750003 0.6606277281249999 0.354110615625 0.6606277281249999 0.348451884375 0.6556220234375 0.3440989578125 0.64778670625 0.33974603124999997 0.643869046875 0.3410518359375 0.64038665625 0.3440989578125 0.63733978125 0.3501932046875
0 0.5874987593750001 0.3612931546875 0.58858680625 0.3691282234375 0.5911986609375 0.3728283734375 0.597292659375 0.37435193437500003 0.6066515375 0.37631076406249997 0.6112222218750001 0.372175346875 0.6127455359375 0.364775296875 0.6110044640625001 0.3573754953125 0.607957340625 0.352152034375 0.6029516375 0.3493224203125 0.597292659375 0.349540178125 0.59446329375 0.350628471875 0.58858680625 0.3554166671875 0.5874987593750001 0.3612931546875