2 0.132050346875 0.49935491093750006 0.15280853125 0.5280389390625 0.1924377484375 0.5065260421875 0.19130555625 0.50407266875 0.181492559375 0.5061485609374999 0.17035863125 0.5093566468749999 0.1641312 0.5104888390625 0.155450396875 0.5093566468749999 0.14771329375 0.5063373015625 0.1422408234375 0.5019970234375 0.1384665171875 0.4967130453125 0.13865525781250002 0.4897306546875 0.1407311515625 0.47991790625 0.1292162703125 0.4791666671875 0.124255953125 0.4791666671875 0.12202380937499999 0.47743055625 0.1230158734375 0.4751984125 0.12946428593749998 0.46949404687499996 0.1329365078125 0.46428571406249997 0.1391369046875 0.4635416671875 0.1542658734375 0.46527777812500004 0.15972222187500001 0.4632936515625 0.16840277812499999 0.45684523749999995 0.169146825 0.4546130953125 0.165178571875 0.450396825 0.1639384921875 0.44593253906249997 0.1641865078125 0.4424603171875 0.1617063484375 0.43973214218749995 0.1612103171875 0.437251984375 0.15600198437499999 0.4283234125 0.15550595312499998 0.424355159375 0.1582341265625 0.41790674531249994 0.162450396875 0.415178571875 0.1654265875 0.4112103171875 0.17906746093749998 0.403273809375 0.18799603125 0.39508928593750003 0.194196428125 0.3918650796875 0.197420634375 0.388144840625 0.2075892859375 0.3814484125 0.21354166718749998 0.37549603125000003 0.21602182499999997 0.375 0.22445436562499999 0.377480159375 0.24404761874999997 0.388144840625 0.24677579375 0.3886408734375 0.2671130953125 0.3980654765625 0.2757936515625 0.40302579375 0.278769840625 0.40823412656249997 0.2914186515625 0.4543650796875 0.2921626984375 0.4605654765625 0.2946428578125 0.46279761875 0.3072916671875 0.4578373015625 0.39657738125 0.4112103171875 0.40054563437499996 0.408730159375 0.4015376984375 0.406498015625 0.3980654765625 0.3990575390625 0.3926091265625 0.3955853171875 0.390873015625 0.3928571421875 0.390625 0.381200396875 0.3886408734375 0.375248015625 0.3856646828125 0.3710317453125 0.359126984375 0.346726190625 0.3189484125 0.312748015625 0.309771825 0.3070436515625 0.302579365625 0.30803571406249997 0.2886904765625 0.31200396874999997 0.2834821421875 0.315228175 0.27529761875 0.3177083328125 0.06944444375 0.4072420640625 0.0689484125 0.4079861109375 0.07291666718749999 0.41617063437499996 0.1170634921875 0.47743055625 0.132050346875 0.49935491093750006
1 0.2606646828125 0.6490575390625 0.28224206406249996 0.6631944437499999 0.28794642812500004 0.6654265875 0.2919146828125 0.6708829359374999 0.2921626984375 0.6741071421875 0.296875 0.68427579375 0.3045634921875 0.686755953125 0.3209325390625 0.6946924609375 0.3268849203125 0.6964285718750001 0.33134920625 0.6927083328125 0.341021825 0.6768353171875 0.343998015625 0.6741071421875 0.3477182546875 0.6651785718750001 0.3511904765625 0.662450396875 0.3514384921875 0.6386408734375 0.35243055624999997 0.634920634375 0.3519345234375 0.6264880953125 0.3546626984375 0.6185515875 0.3541666671875 0.6170634921875 0.3554067453125 0.612103175 0.360119046875 0.6054067453124999 0.36383928593750003 0.5949900796875001 0.372271825 0.5801091265625 0.37946428593750003 0.5714285718750001 0.39756944375000003 0.5615079359374999 0.4010416671875 0.5580357140625 0.40029761875 0.54737103125 0.39756944375000003 0.5386904765625 0.3955853171875 0.5362103171875 0.38095238125 0.5302579359374999 0.3415178578125 0.51612103125 0.33779761875 0.51512896875 0.3358134921875 0.515873015625 0.3323412703125 0.51884920625 0.3043154765625 0.5538194437499999 0.303075396875 0.55654761875 0.2720734125 0.593501984375 0.2695932546875 0.5977182546875001 0.2490079359375 0.6227678578125 0.24801587343749998 0.625744046875 0.2477678578125 0.6302083328125 0.24925595312499998 0.6361607140625 0.2547123015625 0.646825396875 0.2606646828125 0.6490575390625
1 0.408730159375 0.750248015625 0.41195436562500004 0.752976190625 0.43179563437499996 0.7537202375 0.43526785781250005 0.7549603171875 0.4861111109375 0.7552083328125 0.49007936562500004 0.7537202375 0.5019841265625 0.7408234125 0.502480159375 0.737847221875 0.50049603125 0.7264384921875 0.49404761875 0.6986607140625 0.49280753906249997 0.6946924609375 0.490575396875 0.693204365625 0.41765872968749995 0.687748015625 0.4154265875 0.688244046875 0.40625 0.697420634375 0.40401785781250005 0.703125 0.40401785781250005 0.718501984375 0.4050099203125 0.7204861109375 0.4072420640625 0.744295634375 0.408730159375 0.750248015625
2 0.23363095312499998 0.69717261875 0.24280753906250002 0.7150297625 0.24727182499999997 0.7207341265625 0.24801587343749998 0.7239583328125 0.2522321421875 0.728670634375 0.2579365078125 0.7328869046875 0.2710813484375 0.7415674609375 0.2748015875 0.7425595234375 0.2790178578125 0.7462797625 0.2829861109375 0.7430555562500001 0.2884424609375 0.735119046875 0.294146825 0.7296626984375 0.29588293593750004 0.7259424609375 0.2988591265625 0.7237103171875 0.299851190625 0.7209821421875 0.303075396875 0.71825396875 0.3045634921875 0.71552579375 0.30282738125 0.705605159375 0.2986111109375 0.6966765875 0.296130953125 0.6865079359374999 0.29092261875 0.6738591265625 0.2891865078125 0.671875 0.2884424609375 0.668402778125 0.2849702375 0.6654265875 0.281001984375 0.6639384921875 0.27157738125 0.65625 0.26240079375 0.6507936515625 0.2554563484375 0.6488095234375 0.250248015625 0.6520337296875 0.24801587343749998 0.656001984375 0.2385912703125 0.6639384921875 0.23710317500000003 0.6666666671875 0.22619047656250002 0.6770833328125 0.22594246093749998 0.6783234125 0.22569444375 0.6800595234375 0.22718253906250002 0.6827876984375 0.230902778125 0.68700396875 0.23363095312499998 0.69717261875
2 0.22048611093749998 0.66220238125 0.22123015937499999 0.666170634375 0.22048611093749998 0.6676587296875 0.22073412656250002 0.67237103125 0.2229662703125 0.6827876984375 0.222222221875 0.6929563484375 0.22470238125000003 0.700644840625 0.22867063437500001 0.7053571421875 0.23487103125000003 0.703373015625 0.23263888906250002 0.6944444437499999 0.22767857187499999 0.68154761875 0.22941468281250002 0.67509920625 0.2333829359375 0.6701388890625 0.2390873015625 0.6651785718750001 0.24107142812500001 0.661954365625 0.2485119046875 0.655505953125 0.25 0.6522817453124999 0.2519841265625 0.6507936515625 0.252976190625 0.6475694437499999 0.24826388906250002 0.6393849203124999 0.24801587343749998 0.6354166671875 0.2455357140625 0.6334325390625 0.24404761874999997 0.6267361109375 0.2358630953125 0.6272321421875 0.2333829359375 0.6287202375 0.22395833281250002 0.6302083328125 0.2227182546875 0.6388888890625 0.2232142859375 0.6480654765625 0.22197420625 0.6507936515625 0.22147817500000003 0.6599702375 0.22048611093749998 0.66220238125
2 0.4908234125 0.609623015625 0.497519840625 0.6130952375 0.506200396875 0.6103670640625001 0.5091765875 0.6078869046875 0.5580357140625 0.580605159375 0.565228175 0.575396825 0.5691964281249999 0.568700396875 0.5691964281249999 0.5540674609375 0.568204365625 0.550347221875 0.5625 0.5394345234375 0.5572916671875 0.53174603125 0.5523313484375 0.5270337296875 0.5486111109375 0.5248015875 0.540674603125 0.5223214281249999 0.536954365625 0.5220734125 0.533730159375 0.5230654765625 0.52529761875 0.528273809375 0.5141369046875 0.5327380953125 0.4739583328125 0.5540674609375 0.46949404687499996 0.5570436515625 0.46800595312500004 0.5602678578125 0.46825396875 0.571924603125 0.47718253906249997 0.5920138890625 0.4856150796875 0.6044146828125 0.4908234125 0.609623015625
2 0.375 0.6448412703125 0.3821924609375 0.65947420625 0.39012896874999997 0.6706349203124999 0.3948412703125 0.674603175 0.4117063484375 0.6790674609375 0.42757936562500004 0.678075396875 0.43675595312500004 0.675347221875 0.44320436562500004 0.67137896875 0.45386904687499996 0.6634424609375 0.4595734125 0.65674603125 0.46428571406249997 0.6445932546875001 0.46527777812500004 0.6339285718750001 0.46478174531249994 0.6183035718750001 0.4635416671875 0.615575396875 0.4632936515625 0.608630953125 0.4637896828125 0.5920138890625 0.46031746093750003 0.5823412703125 0.456101190625 0.5763888890625 0.4516369046875 0.5711805562500001 0.44345238125 0.56572420625 0.43551587343750003 0.56200396875 0.42534722187499996 0.559523809375 0.40947420625 0.559771825 0.3928571421875 0.5642361109375 0.38715277812500004 0.5689484125 0.38169642812500004 0.5714285718750001 0.3762400796875 0.5763888890625 0.3673115078125 0.5900297625 0.36383928593750003 0.6004464281249999 0.3640873015625 0.6111111109375 0.3695436515625 0.62450396875 0.3710317453125 0.6331845234375 0.375 0.6448412703125
2 0.5587797625 0.5178571421875 0.5798611109375 0.5448908734375 0.583829365625 0.5478670640625001 0.6297123015625 0.525545634375 0.6617063484375 0.5114087296875 0.6793154765625 0.5014880953125 0.67782738125 0.49801587343750003 0.6582341265625 0.478174603125 0.656498015625 0.4751984125 0.615079365625 0.43328372968749995 0.5987103171875 0.41815476250000005 0.5952380953125 0.41765872968749995 0.5848214281249999 0.4206349203125 0.5642361109375 0.428571428125 0.5612599203124999 0.4310515875 0.528521825 0.44618055625 0.509424603125 0.45362103125 0.5079365078125 0.45510912656249997 0.5076884921875 0.45758928593750003 0.5089285718750001 0.46006944375 0.5141369046875 0.46676587343750003 0.5587797625 0.5178571421875
1 0.3735119046875 0.3544146828125 0.3799603171875 0.3633432546875 0.3891369046875 0.372271825 0.393353175 0.3814484125 0.3978174609375 0.388144840625 0.431299603125 0.43154761875 0.4392361109375 0.439980159375 0.4476686515625 0.4389880953125 0.46031746093750003 0.4392361109375 0.4779265875 0.44196428593750003 0.486855159375 0.4449404765625 0.49677579375 0.4516369046875 0.50967261875 0.45634920625 0.5138888890625 0.4513888890625 0.52157738125 0.44890872968749995 0.525049603125 0.446428571875 0.531498015625 0.444196428125 0.5329861109375 0.4424603171875 0.53720238125 0.4422123015625 0.54092261875 0.43948412656249997 0.54737103125 0.437748015625 0.5558035718750001 0.4325396828125 0.5605158734375 0.4310515875 0.5639880953125 0.4283234125 0.5803571421875 0.4208829359375 0.5917658734375 0.41815476250000005 0.594494046875 0.41592261875 0.6021825390625 0.419146825 0.6046626984375 0.4228670640625 0.6071428578125 0.424603175 0.611855159375 0.4236111109375 0.6230158734375 0.419394840625 0.643105159375 0.40947420625 0.64657738125 0.4072420640625 0.6475694437499999 0.4047619046875 0.63740079375 0.3943452375 0.6354166671875 0.393353175 0.6232638890625 0.3888888890625 0.611855159375 0.38740079375 0.60342261875 0.384920634375 0.6024305562500001 0.3824404765625 0.6024305562500001 0.377976190625 0.6046626984375 0.365079365625 0.6014384921875 0.359623015625 0.5141369046875 0.278273809375 0.50967261875 0.275545634375 0.5017361109375 0.27678571406249997 0.35342261875 0.325396825 0.353670634375 0.328373015625 0.3670634921875 0.346726190625 0.3695436515625 0.3514384921875 0.3735119046875 0.3544146828125
1 0.794394840625 0.669146825 0.8058035718750001 0.67137896875 0.8082837296875001 0.6701388890625 0.8080357140625001 0.6272321421875 0.8023313484375001 0.43973214218749995 0.8015873015625001 0.42534722187499996 0.799355159375 0.4201388890625 0.7899305562500001 0.41765872968749995 0.7693452375 0.4154265875 0.76240079375 0.41319444375 0.7415674609375 0.40947420625 0.7008928578125 0.40401785781250005 0.6666666671875 0.3980654765625 0.656498015625 0.39732142812500004 0.6542658734375 0.3985615078125 0.6498015875 0.3983134921875 0.650049603125 0.40575396875 0.646329365625 0.4114583328125 0.6445932546875001 0.4171626984375 0.6393849203124999 0.4484126984375 0.6396329359374999 0.45758928593750003 0.643353175 0.46006944375 0.64657738125 0.46428571406249997 0.6545138890625 0.47098214218749995 0.6639384921875 0.48239087343750003 0.6669146828125 0.4833829359375 0.6679067453124999 0.48660714218749995 0.678075396875 0.49603174531249994 0.6808035718750001 0.500248015625 0.6808035718750001 0.5017361109375 0.6788194437499999 0.5042162703125 0.674603175 0.5064484125 0.6478174609375 0.518105159375 0.6423611109375 0.521825396875 0.6316964281249999 0.5257936515625 0.62549603125 0.5302579359374999 0.612103175 0.6108630953125 0.609623015625 0.627728175 0.6108630953125 0.630704365625 0.6140873015625 0.6319444437499999 0.794394840625 0.669146825
1 0.87822420625 0.4320436515625 0.97842261875 0.450396825 0.9826388890625 0.450396825 0.9866071421875 0.44866071406249997 0.9866071421875 0.4456845234375 0.9766865078125001 0.43799603125 0.9751984125 0.4327876984375 0.9754464281249999 0.4310515875 0.981646825 0.428075396875 0.9823908734375 0.421875 0.9794146828124999 0.41840277812500004 0.9727182546875 0.41344246093750003 0.9700511890625 0.40887035000000005 0.9636872515625001 0.41502852187499994 0.9636872515625001 0.41050620000000004 0.9353628468749999 0.4062217265625 0.93560069375 0.402175346875 0.9394092265625 0.399319196875 0.9467876984375 0.3978908734375 0.95702256875 0.40003323437500005 0.965353421875 0.40693576406250004 0.9670195937500001 0.4112202375 0.9696135531250001 0.40812011718749996 0.96924603125 0.4074900796875 0.971726190625 0.4045138890625 0.9732817984375 0.403736084375 0.9767785218749999 0.39955704375 0.9355158734375 0.3928571421875 0.93154761875 0.3926091265625 0.9305555562500001 0.393353175 0.9293154765624999 0.4007936515625 0.92782738125 0.40203372968749995 0.9241071421875 0.40029761875 0.922619046875 0.396825396875 0.9206349203125 0.3958333328125 0.6810515875 0.356398809375 0.6113591265625 0.34375 0.609623015625 0.3452380953125 0.6083829359374999 0.3487103171875 0.60615079375 0.3670634921875 0.603174603125 0.3804563484375 0.60342261875 0.38194444375000003 0.6051587296875 0.3831845234375 0.646825396875 0.391369046875 0.65674603125 0.3943452375 0.8685515875 0.4310515875 0.87822420625 0.4320436515625
1 0.390873015625 0.527777778125 0.39384920625 0.5329861109375 0.39756944375000003 0.5349702375 0.4079861109375 0.5575396828125 0.43055555625 0.5582837296875 0.4375 0.5602678578125 0.450148809375 0.5664682546875001 0.4548611109375 0.5709325390625 0.45709325468750006 0.5716765875 0.45882936562500004 0.574652778125 0.46279761875 0.575148809375 0.4640376984375 0.574652778125 0.462549603125 0.5734126984375 0.4637896828125 0.5706845234375 0.466021825 0.5691964281249999 0.46676587343750003 0.5667162703125 0.4675099203125 0.560019840625 0.46676587343750003 0.5572916671875 0.4675099203125 0.5558035718750001 0.5009920640625001 0.5394345234375 0.5104166671875 0.533730159375 0.5141369046875 0.5290178578125 0.51512896875 0.5208333328125 0.51512896875 0.5064484125 0.5168650796875001 0.493799603125 0.5168650796875001 0.4853670640625 0.5141369046875 0.47098214218749995 0.505704365625 0.45907738125 0.49677579375 0.453373015625 0.4833829359375 0.44742063437499996 0.48214285781250005 0.4456845234375 0.4764384921875 0.44444444375 0.47445436562500004 0.4427083328125 0.435019840625 0.44171627031250005 0.4144345234375 0.4484126984375 0.40401785781250005 0.4543650796875 0.39732142812500004 0.46031746093750003 0.396329365625 0.4632936515625 0.3921130953125 0.466269840625 0.38467261875 0.47867063437499996 0.38368055624999997 0.48387896875 0.3831845234375 0.49280753906249997 0.3841765875 0.5037202375 0.390625 0.521825396875 0.390873015625 0.527777778125
1 0.17088293593749998 0.45709325468750006 0.18030753906250002 0.47594246093750003 0.18154761875 0.48090277812500004 0.19196428593749998 0.5037202375 0.19444444375 0.5069444437499999 0.2016369046875 0.5238095234375 0.2041170640625 0.5334821421875 0.2165178578125 0.5602678578125 0.259920634375 0.5860615078125 0.2673611109375 0.5887896828125 0.27430555624999997 0.5863095234375 0.275545634375 0.584325396875 0.2829861109375 0.5791170640625001 0.311755953125 0.54365079375 0.3137400796875 0.5394345234375 0.2931547625 0.46304563437499996 0.2916666671875 0.46006944375 0.281498015625 0.41964285781250005 0.2770337296875 0.40625 0.27256944375000003 0.4015376984375 0.259920634375 0.3953373015625 0.25049603125000003 0.3918650796875 0.2227182546875 0.37822420625 0.2165178578125 0.3767361109375 0.1894841265625 0.39508928593750003 0.1582341265625 0.41964285781250005 0.1582341265625 0.424851190625 0.162450396875 0.43675595312500004 0.16840277812499999 0.4484126984375 0.17088293593749998 0.45709325468750006