3 0.3783077875 0.767853175 0.376545634375 0.7638881453125 0.3769861109375 0.7608045640625 0.3871185515625 0.7449451890625001 0.4003345734375 0.7242400796874999 0.125 0.534809771875 0.125 0.5995684531250001 0.3739025296875 0.7704962796875 0.3783077875 0.767853175
3 0.1353442453125 0.73713368125 0.1405188484375 0.745836309375 0.1463990578125 0.75430381875 0.15039756875000002 0.75877256875 0.1572185015625 0.7695920140625 0.1616872515625 0.7714737109375001 0.1687435515625 0.775472221875 0.17603497031249998 0.7775890375000001 0.182855903125 0.7877028765625 0.1910880453125 0.794523809375 0.20143700468749998 0.804873015625 0.2103747515625 0.8171036703125001 0.22166939531250002 0.8316862593750001 0.22660863125000003 0.8425057046875001 0.23366493125 0.8556773312500001 0.2437787703125 0.876610615625 0.2470716765625 0.876610615625 0.24801240156249998 0.879903521875 0.250129215625 0.883196428125 0.2545982140625 0.8850778765625 0.2635359625 0.887430059375 0.27082738125 0.8881356640625 0.2757666171875 0.8886061515625 0.2856453375 0.8930749015625 0.29317187499999997 0.8980141375 0.2938774796875 0.8966029265625 0.29858159687499997 0.89730853125 0.30022792656249997 0.90459995 0.30046329374999997 0.9074223703125 0.3037562 0.9114208828124999 0.3077547125 0.9130674609374999 0.31975 0.9175362109374999 0.32939360156249997 0.9248276296875 0.3350384421875 0.9365880453125 0.34185937499999997 0.9427033734375 0.3519732140625 0.9452904265625 0.354560515625 0.9441145828125 0.3350384421875 0.9262388390625 0.3378608625 0.9234164187499999 0.3235133921875 0.9090689484375 0.3333921125 0.8949565968750001 0.34397619062499996 0.9041297125 0.351502728125 0.9071872515624999 0.3573829359375 0.9123618546875001 0.362792659375 0.9121264874999999 0.366320684375 0.9093040671875 0.37173040625 0.9111857640625001 0.3785513390625 0.9180066968749999 0.373847221875 0.9274149312500001 0.3722008921875 0.9311783234375 0.3707896828125 0.937058284375 0.36326314531250004 0.9467018843749999 0.3583236609375 0.9516411203124999 0.350326884375 0.9537579359375 0.34185937499999997 0.9502299109375001 0.3409186515625 0.9549340281250001 0.3404481640625 0.970927828125 0.335508928125 0.9864513890625 0.3275119046875 0.999751984375 0.34374107187499997 0.999751984375 0.40983382968750004 0.8944861109375 0.410466765625 0.8894407234375 0.40429935468749995 0.8832733140625001 0.399894096875 0.880189484375 0.3928454859375 0.8823923609375001 0.3752239578125 0.9053000984375 0.125880953125 0.66388665625 0.12592658750000002 0.7258439984375 0.134403521875 0.7317239578125 0.1353442453125 0.73713368125
3 0.16591170625 0.962225446875 0.1710860609375 0.969751984375 0.20330927656250003 0.999751984375 0.25270238125 0.999751984375 0.3117390875 0.999751984375 0.31597271875 0.9862162703124999 0.318089534375 0.9737504953125 0.31785441406250003 0.9678702875 0.31432614062500003 0.966929315625 0.31244469218750004 0.9688110125 0.3105629953125 0.9704575890625 0.30703497031250004 0.9685758921875 0.3075052078125 0.96457738125 0.3086813 0.962225446875 0.31291493125000003 0.9650478671875 0.31597271875 0.9650478671875 0.3187951390625 0.9598732640625001 0.31597271875 0.9485833328125001 0.313150296875 0.9396455859374999 0.3110334828125 0.9295317453124999 0.306564484375 0.92247569375 0.2964506453125 0.9161250000000001 0.2924521328125 0.9151842765625 0.28986483125 0.9116562500000001 0.2849255953125 0.9074223703125 0.27833978125000003 0.9081279765625 0.276928571875 0.909774553125 0.281162203125 0.9116562500000001 0.2809270828125 0.914008184375 0.2776341765625 0.9163603671875 0.27833978125000003 0.9220052078125001 0.2816326890625 0.9260037203125 0.28539608125 0.9274149312500001 0.2846904765625 0.9302373515625 0.2809270828125 0.9295317453124999 0.2816326890625 0.9337653765624999 0.2797509921875 0.9387048609375 0.27175396875 0.9387048609375 0.27481175625 0.9344709828125 0.277163690625 0.931883928125 0.277163690625 0.9295317453124999 0.2736356640625 0.91941790625 0.268461309375 0.9165954859375001 0.26258110156250003 0.9227108140625001 0.2529377484375 0.9229459328124999 0.24870386875 0.9196532734374999 0.24682217187500002 0.9154193953125 0.24117733125 0.9177715781250001 0.23929563437499998 0.921299603125 0.2350620046875 0.9196532734374999 0.2369437 0.9161250000000001 0.23764930624999997 0.8975438984374999 0.231769096875 0.9006014390624999 0.2270649796875 0.9006014390624999 0.22612425625000002 0.8977790171875 0.2287115578125 0.894721478125 0.232474703125 0.8888412703125 0.23717881875 0.8864890875 0.23435639843749997 0.875905009375 0.2249481640625 0.8627333828125 0.2181272328125 0.853560515625 0.2162455359375 0.8540307546875001 0.21530481093749998 0.8505027281249999 0.21530481093749998 0.847209821875 0.209424603125 0.8323918656249999 0.1741438484375 0.8688487109375 0.17085094218750002 0.8709655265625 0.125 0.82604141875 0.1252209828125 0.9271798109375 0.15885540625 0.9570508437499999 0.1633244046875 0.9594027781250001 0.16591170625 0.962225446875
3 0.22871255000000001 0.759410465625 0.25558829375 0.7556205359375 0.25421006875 0.786630953125 0.26351314531250003 0.7914546125 0.2666143359375 0.79248834375 0.270059771875 0.7807733140625001 0.2728162203125 0.7721592265624999 0.29280084375 0.77457118125 0.29383457343749997 0.7704365078125 0.2921116078125 0.7597552078125 0.2865987109375 0.7435607640625 0.28211954375000003 0.72667733125 0.2766063984375 0.7094494046875 0.267992559375 0.6984233625 0.2349146828125 0.6774052578124999 0.20734995 0.6774052578124999 0.205626984375 0.684985615625 0.20493799531249998 0.7383923609374999 0.22871255000000001 0.759410465625
3 0.5395386906249999 0.9495416671875001 0.568178571875 0.9625329859375 0.5723120046875 0.9840865578125 0.5944563484375001 0.9625329859375 0.6033139875 0.9495416671875001 0.6192576890625 0.9477703375000001 0.6301822921875 0.9572185015624999 0.63874454375 0.9586946921875 0.645240328125 0.9519037703125001 0.6490786203125001 0.9433415171874999 0.6505548109375 0.937436259375 0.6670890375 0.937436259375 0.674175346875 0.9403888890625 0.6768325890625 0.9409794140625 0.6842140375 0.941274553125 0.6904144343749999 0.9433415171874999 0.7285022328124999 0.920606646875 0.7220066968750001 0.90289136875 0.7485796125 0.899053075 0.7494655265625 0.896100446875 0.7355885421874999 0.8526979171875 0.733521578125 0.850040675 0.702183284375 0.8527752968750001 0.6861111109375 0.82441245 0.6984015375 0.79935863125 0.6412033734375 0.7416877484375 0.644512153125 0.7459419640625 0.656802828125 0.7705230656250001 0.6586936999999999 0.79132266875 0.6539665171875 0.8159037703124999 0.6426212796875 0.834339534375 0.6038588796875 0.8631750984375 0.558951140625 0.8641205359375 0.556549603125 0.86127579375 0.592028521875 0.84088368125 0.61126016875 0.8456914687499999 0.6485627484375 0.8148546624999999 0.611591765625 0.8015915171874999 0.6130838296875 0.797778521875 0.6062864578125 0.794130953125 0.606783978125 0.79363368125 0.6318182046875 0.78236011875 0.6301602187500001 0.778380953125 0.631320684375 0.7770548109375001 0.6104313 0.731794146875 0.6091049109375 0.715215278125 0.6290119046875 0.705710565625 0.6041750984375 0.6541810515625001 0.6024623015625 0.628773065625 0.625586309375 0.6130716765625001 0.6211612109375 0.60850396875 0.6274419640625 0.6026515375 0.6148807046875 0.591660465625 0.61559449375 0.5859508921875001 0.6275845734375001 0.5718196921875001 0.61844915625 0.5655389390625001 0.6197338796875 0.5619704859375 0.6197338796875 0.5569744546875001 0.5959017859375 0.5462690968749999 0.5998985609374999 0.5375617562499999 0.5931897328125 0.53513516875 0.59276165625 0.5331369046875001 0.577773809375 0.5282837296875 0.5796294640624999 0.521146578125 0.5764890874999999 0.520147321875 0.5659263390625 0.567680059375 0.555220734375 0.576101934375 0.5490828375000001 0.5748172125 0.546228175 0.5723906249999999 0.54565699375 0.5695357140625 0.547940971875 0.5565463796875 0.417671875 0.5093688000000001 0.417540178125 0.51753125 0.41596031718750004 0.5251674109375 0.41385391875 0.524508928125 0.4108258921875 0.5385959828125 0.405428075 0.5372795140625 0.39910863124999996 0.558080853125 0.3987135421875 0.5782237109375 0.403584821875 0.58046180625 0.40161011875 0.5888876484375001 0.3934422125 0.5865181046875 0.39265228125 0.557290921875 0.38290997031249996 0.5568958328125 0.40687103125 0.5270104171875001 0.40384300624999997 0.5229290671875 0.40002505 0.5185845734375001 0.3984451890625 0.5146349203125 0.39923511875 0.5104221234375 0.40173635937499996 0.5072624015625 0.4056860125 0.50607738125 0.22570362031250002 0.443455109375 0.221549603125 0.446149553125 0.217059028125 0.44828249062500003 0.21627306562499998 0.44929290625 0.2135786203125 0.4496297125 0.2115580359375 0.4469352671875 0.2093125 0.4486192953125 0.20751636874999999 0.45198735156250003 0.20695486093749998 0.45625347187500004 0.2016783234375 0.455467509375 0.20223983125 0.4527733140625 0.203923859375 0.45153819375 0.20223983125 0.44985416718750004 0.19932093281250002 0.4494052578125 0.1876450890625 0.4541202875 0.173387153125 0.4595091765625 0.16058878906250001 0.46882738125 0.1509337796875 0.4787068453125 0.1443100203125 0.48667782812500004 0.13723710312499998 0.4965572921875 0.13218502031249998 0.5086822921875 0.129490575 0.5180004953124999 0.1282557046875 0.5265327375 0.12791889843749998 0.5328196921874999 0.12848015937499999 0.53742261875 0.4009928078125 0.7239208828125 0.3782517359375 0.7607889390625 0.3816974203125 0.764234375 0.37583978125 0.7714702375 0.2810858140625 0.7063482140625 0.286191715625 0.718947171875 0.2929826390625 0.7369578375 0.299478421875 0.7602829859375 0.29977356093749996 0.775045634375 0.27142906718750004 0.770912203125 0.2661143359375 0.8013234125 0.3741897328125 0.904662946875 0.388362103125 0.8857666171874999 0.39810540625 0.87868055625 0.40578199374999996 0.8810424109375001 0.41375396875000003 0.88665228125 0.37300868125000003 0.9595803578125001 0.43052719375 0.9821316781249999 0.3709419640625 0.960761409375 0.3455498515625 0.99973511875 0.5271381453124999 0.999751984375 0.553415675 0.9832008921875 0.5395386906249999 0.9495416671875001
3 0.840203125 0.6221974203125 0.8178345734375 0.6286723703125 0.77074305625 0.6333814484375 0.7619134421875 0.6427998515625 0.7436654265625 0.6769412203125 0.7242400796874999 0.6934233625 0.7148219250000001 0.7034303078125 0.707758184375 0.705784721875 0.7030488593750001 0.7252100687499999 0.706580853125 0.7434580859375 0.7171763390625 0.7522876984375 0.7012829859374999 0.7593514390625 0.7024603171875 0.768769840625 0.7230629953125 0.8082090781250001 0.7313038187500001 0.8299888390625 0.7413107640625001 0.8747259421875 0.7607361109374999 0.884144096875 0.787813740625 0.8900305062499999 0.8613943453124999 0.8829667656250001 0.87434449375 0.8706054062499999 0.874751984375 0.6392681046875001 0.8625716765625 0.6345587796875 0.8549191468749999 0.6280838296875 0.840203125 0.6221974203125
3 0.7252058531250001 0.6620639875000001 0.7037700890624999 0.685949653125 0.72479761875 0.6912576890625 0.736230159375 0.6888077874999999 0.7709360125 0.6171505453125 0.7576661703124999 0.635728421875 0.740721478125 0.6590017359375 0.7252058531250001 0.6620639875000001
3 0.5802388390625 0.5221312 0.5834243546875 0.5290327375 0.5929804062499999 0.5346071421875 0.6009437 0.5367306546874999 0.5974928078125 0.5438978171875 0.6006783234374999 0.5476140875 0.620055803125 0.5569045140625 0.62032118125 0.5614171625 0.6181976687499999 0.5648678078125 0.6282844734374999 0.57150396875 0.6171359125 0.5823874015625 0.6150124015625 0.5898196921875 0.628019096875 0.6028266375 0.6221793156250001 0.6091974203125 0.6264263390625 0.6121173109375 0.6136850203125 0.6211423609375 0.6033325890625 0.6322911703125 0.604925346875 0.6511376484375 0.6296118546875 0.7044923109375001 0.621117559375 0.7103320937500001 0.6330625000000001 0.73130233125 0.6354516375 0.6415815968749999 0.65058209375 0.6259203875 0.6537673609375 0.6259203875 0.679515625 0.5969868546875 0.676330109375 0.5938015875 0.6750029765625001 0.5940669640625 0.6710213296875 0.5991103671875 0.6673050593750001 0.5983139875 0.6681014390625 0.5938015875 0.6720830859375 0.590616071875 0.675533978125 0.59141245 0.670490328125 0.5861036703125 0.6601381453124999 0.5964558531249999 0.6420877968750001 0.5770783734375 0.6537673609375 0.566460565625 0.651112846875 0.5465520828125 0.6458040671874999 0.540181546875 0.6471312 0.5375270343749999 0.6495200890625 0.53009449375 0.63890228125 0.5200076890625 0.634920634375 0.5152296625 0.6357170140624999 0.4884196421875 0.624568453125 0.486826884375 0.6197904265624999 0.4876232640625 0.6176666671875 0.49558655781249994 0.6144813984375 0.49479042656249994 0.6155431546875 0.47886359062499995 0.6009437 0.47806721249999995 0.598023809375 0.4847033734375 0.5921840281249999 0.4828452375 0.5895295140625 0.48417261875 0.5836897328124999 0.479925346875 0.5818315968750001 0.49691393906250003 0.5773189484375 0.5160260421875 0.5802388390625 0.5221312
3 0.317712053125 0.3186966765625 0.335580109375 0.32221180625 0.34261011875 0.32104017812499996 0.3464181546875 0.3169392359375 0.3531552578125 0.3219188984375 0.35754910781250004 0.3225047125 0.358427828125 0.3172321421875 0.33733755 0.2993640875 0.36868005937500004 0.2750515875 0.3411455859375 0.24341641875 0.3417313984375 0.23697222187500003 0.34407465312499996 0.24136582343750002 0.348761409375 0.2425376984375 0.3522765375 0.2524967765625 0.3595994546875 0.23023487031249998 0.4975647328125 0.2855967265625 0.49873635937499994 0.28383928593749996 0.5022514874999999 0.28032415624999996 0.5063521828125 0.2806170640625 0.5195337296875 0.281203125 0.5233415171875 0.2850109125 0.545603421875 0.27593055624999996 0.5371088796875 0.268607390625 0.5438459828125 0.2609915671875 0.5259779265625 0.2463454859375 0.5371088796875 0.2378509421875 0.5385734125 0.2360932546875 0.540037946875 0.23257837343749999 0.545310515625 0.227305803125 0.5488256453125 0.21588194375 0.5473611109375 0.21441741093750002 0.541209821875 0.21090228125000002 0.5239275796875 0.2021145828125 0.39653670625 0.1549546125 0.39477901718749997 0.147924603125 0.3874561015625 0.148217509375 0.38687028749999997 0.13005629999999999 0.37808258906250003 0.1253697921875 0.365487103125 0.109844990625 0.31598363125 0.1244908234375 0.2989942953125 0.10779439531249999 0.256228175 0.12859176562500002 0.27966170625000003 0.15876264843750001 0.30163070468750003 0.184832340625 0.3397103171875 0.2246693953125 0.3367810015625 0.23374999999999999 0.32623586250000003 0.2416587296875 0.30514558593749996 0.2278916171875 0.296358134375 0.21822519843750002 0.28288368125 0.2135384421875 0.2776111109375 0.202700396875 0.273217509375 0.198892609375 0.26970238125 0.1924484125 0.2494908234375 0.14968204375 0.2084821421875 0.15056076406250002 0.2099466765625 0.156712053125 0.21053249062499999 0.1619846234375 0.21023958281250002 0.1619846234375 0.2152192453125 0.1637420640625 0.216976934375 0.1675500984375 0.21844146874999998 0.1772165171875 0.22166344218749998 0.184832340625 0.22049181562500003 0.1886403765625 0.2152192453125 0.188933284375 0.2114114578125 0.1886403765625 0.2093608625 0.18219618125 0.2052599203125 0.18219618125 0.20408829375 0.18746875000000002 0.20174503906250002 0.194205853125 0.20320957343749999 0.19742782812499998 0.20379538749999998 0.2021145828125 0.1988157234375 0.2047509921875 0.18914955312499998 0.1997713296875 0.18153348281249998 0.1997713296875 0.1786044140625 0.20768005937499998 0.1750892859375 0.222033234375 0.172453125 0.235507440625 0.1657157734375 0.23843675625 0.125 0.2372651296875 0.125 0.2488611109375 0.3235704359375 0.3002428078125 0.317712053125 0.3186966765625
3 0.20007118125 0.3398333328125 0.244715278125 0.3583067953125 0.3078325890625 0.3821681546875 0.336697171875 0.3991021828125 0.35671006875 0.4164208828125 0.36902579375 0.42026959374999995 0.3821111109375 0.4225786203125 0.4009692453125 0.436818453125 0.40343353125 0.442226190625 0.41418973281250004 0.44590228125 0.42617113125 0.4532544640625 0.438152778125 0.460879215625 0.445096478125 0.46469146875 0.4493172125 0.46523611093749995 0.4521765875 0.46714211250000004 0.4619796625 0.46891220312500004 0.4712380953125 0.4694568453125 0.4732802578125 0.47217981093750006 0.491388640625 0.473269096875 0.5051009421875 0.47051959375 0.51124305625 0.47152653750000006 0.517586309375 0.4747485125 0.5206071421875 0.4764603171875 0.529669146875 0.47917881875 0.5351061515625 0.48330704375 0.541953125 0.4863278765625 0.5513172125 0.4893484625 0.5561502968750001 0.49126165625 0.5596743546875 0.49005332343749997 0.5642053578125 0.4866299609375 0.5502095734375 0.4814947921875 0.5513172125 0.4796822921875 0.5554454359375 0.482199653125 0.5568385421875 0.476459325 0.5652123015625 0.46316939531249995 0.4966076390625 0.436527778125 0.4517509921875 0.41933035781249994 0.4394322921875 0.349069940625 0.43058060468750003 0.32097495 0.42272395781250005 0.32359995 0.42502182499999996 0.326597221875 0.42592113125 0.32949454375 0.42582118125 0.332691715625 0.42552132968749995 0.3355887890625 0.42502182499999996 0.3388859125 0.42362326406250006 0.3432817453125 0.4233234125 0.3448802078125 0.4248075390625 0.349069940625 0.42865624999999996 0.3540731640625 0.43058060468750003 0.3613856640625 0.4309655265625 0.36908283750000004 0.42865624999999996 0.37831944375000004 0.4309655265625 0.3790892859375 0.43904761875 0.3802438 0.44058705312499996 0.3887108140625 0.43827777812499996 0.3964079859375 0.4325049609375 0.40564484062500006 0.4244228671875 0.404875 0.416725446875 0.3979474203125 0.41826488125 0.392944196875 0.41941964218749994 0.3914047625 0.40094618125 0.392174603125 0.3905548109375 0.389865328125 0.37371800624999996 0.38314186562499997 0.367368303125 0.3880052078125 0.2958787203125 0.3621552578125 0.2939134421875 0.36115228125 0.31463740156250003 0.36149925625 0.3161984125 0.36045858124999997 0.3173256453125 0.36045858124999997 0.3187130453125 0.36089211250000003 0.31958010937500003 0.3627130453125 0.328858134375 0.36531448437499997 0.34307886875000004 0.374158978125 0.3429920640625 0.3685228171875 0.3439866078125 0.3667735609375 0.3468072921875 0.36817584375 0.347154265625 0.37043055625 0.3484548609375 0.3716443453125 0.348108134375 0.37381225156250003 0.3486282234375 0.375806546875 0.354351190625 0.376326884375 0.34906175625 0.36921651718750004 0.3503625984375 0.366094990625 0.35044915625 0.364794146875 0.350709325 0.3637537203125 0.3519233625 0.363146825 0.3531374015625 0.3637537203125 0.35707192499999996 0.360230903125 0.35938095312499996 0.35368824375 0.3643841765625 0.353303571875 0.37666666718749997 0.3584677578125 0.37816542656249996 0.35636954374999996 0.382461309375 0.35397197343750003 0.3856584828125 0.354571428125 0.388355903125 0.3570689484375 0.38965476250000003 0.3599662703125 0.3864575890625 0.365261409375 0.38875545625 0.3675592765625 0.3907537203125 0.37705059531249996 0.3927517359375 0.38174603125 0.3954494046875 0.3854427078125 0.40034474218750005 0.3859422125 0.40454092187499996 0.387640625 0.40863715312500004 0.3857423109375 0.41433184531249995 0.3804474203125 0.4181282234375 0.378049603125 0.42162499999999997 0.37685069375 0.4235233140625 0.36885813437500004 0.4235233140625 0.36296354218750004 0.4233234125 0.35397197343750003 0.4223244046875 0.35177380937499997 0.420326140625 0.34957589218749996 0.40402505 0.348300346875 0.40210069375 0.3398333328125 0.40902827343750003 0.3321361609375 0.4151860125 0.324438740625 0.4175287703125 0.323400296875 0.4226240078125 0.323200396875 0.4302170140625 0.3205029765625 0.42282390937500003 0.3005213296875 0.415130953125 0.299622271875 0.41056770781249996 0.3078896328125 0.40883680624999996 0.31081175625 0.408643353125 0.316356646875 0.409798115625 0.3279025296875 0.315506696875 0.32097495 0.3216646828125 0.3009623015625 0.1261545140625 0.250930059375 0.125 0.2898013390625 0.23895758906250003 0.315587053125 0.158521578125 0.3121232640625 0.125 0.299037946875 0.125 0.3059655265625 0.1666036703125 0.32289930624999996 0.20007118125 0.3398333328125
3 0.1584533734375 0.3598665671875 0.16105158749999998 0.36019146874999997 0.16365005 0.36067857187499996 0.18524851250000002 0.365387896875 0.19369295625 0.361328125 0.20018874062499997 0.360841021875 0.2091205359375 0.3621401296875 0.21651959375000002 0.36217881875 0.204559771875 0.35073883906250003 0.19233978125 0.341898809375 0.1782998515625 0.33357886875 0.16243997968749999 0.32629885937499997 0.1255200890625 0.31381894843749997 0.125 0.35109722187500003 0.127923115625 0.3541827875 0.1584533734375 0.3598665671875
3 0.1314893359375 0.372695684375 0.1352244546875 0.37237103125000004 0.1352244546875 0.376268353125 0.1334379953125 0.380165921875 0.1253182046875 0.3774052578125 0.1251560015625 0.411508184375 0.138959325 0.4100466265625 0.5485220734375 0.5555520828125 0.546898065625 0.567731646875 0.5465734125 0.5726036703124999 0.5535563 0.5758514390625 0.5559923109375 0.57438988125 0.5641118546875 0.5680565468750001 0.5654112109375 0.5646463296875 0.5730436515624999 0.5329794140625 0.5805138890625 0.49530381874999996 0.58246255 0.48150024843750006 0.5863601187499999 0.44041443437499994 0.585548115625 0.43895287656250004 0.5792145343749999 0.436516865625 0.5775907734375 0.43732886875 0.5704454359375 0.4460982140625 0.5673598703125 0.45194444375 0.5676845234375001 0.4573033234375 0.5704454359375 0.45876488125000003 0.575641865625 0.46103844218749995 0.5743427578125 0.47094444375 0.5707700890625 0.481337796875 0.5706076390625 0.4832864578125 0.5706076390625 0.48880803593750005 0.568334078125 0.49319270781249996 0.565086309375 0.49757738125 0.566222965625 0.5006626984375 0.568334078125 0.50959449375 0.5667103171875 0.5207996031250001 0.56216319375 0.5422358625 0.5569665171875 0.5471076390625 0.538616071875 0.542398065625 0.5368296124999999 0.539150296875 0.5420262890624999 0.54093675625 0.54397495 0.5396374015625 0.543162946875 0.5333040671875 0.54023983125 0.5284322921875 0.5488467265625 0.53103050625 0.550308284375 0.5302185015624999 0.5532313984375 0.52875694375 0.5551803078125 0.5227485125 0.5556674109374999 0.516090278125 0.555342509375 0.5113807046875001 0.5511202875000001 0.49936359062499996 0.5480349703125 0.4966029265625 0.5462485125 0.49432936562499996 0.5465734125 0.49189335312500004 0.5460860609375 0.49010714218749996 0.5378072921875 0.4865344734375 0.53326016875 0.48783358125 0.5282259421875 0.48572247031250004 0.519619046875 0.48279935468749996 0.5053283734375 0.4792266859375 0.4936359125 0.477115575 0.48469766875 0.47630357187500005 0.480475446875 0.4785771328125 0.48144990156249995 0.48052579375000004 0.48161210312499997 0.483448909375 0.4808000984375 0.4862095734375 0.4801505453125 0.48767113125000006 0.47771478125 0.4892951390625 0.476740328125 0.487184028125 0.476740328125 0.48312425625 0.47690277812500004 0.481012896875 0.4788514390625 0.47955133906249997 0.481774553125 0.477115575 0.466022321875 0.47581646875 0.4642358625 0.476953125 0.462287203125 0.4766282234375 0.46163764843750005 0.47451711249999995 0.45562896875 0.47338045624999997 0.44214707343750004 0.4706197921875 0.4275314984375 0.465585565625 0.42623239062499996 0.46704712343750004 0.4239588296875 0.4676966765625 0.4208732640625 0.466559771875 0.4208732640625 0.46233755 0.4160014875 0.45990178593750003 0.41567658749999997 0.46396155781250004 0.412915921875 0.46639756875 0.4108048109375 0.46834622968749995 0.40625793593750004 0.466559771875 0.40365947343749997 0.47013244062500004 0.380440228125 0.465423115625 0.3752438 0.4634744546875 0.36891021875 0.45860243125 0.361115328125 0.4568162203125 0.3580297625 0.45421800625 0.3518588796875 0.45243154687500003 0.3477991078125 0.44739732187500003 0.3477991078125 0.441226190625 0.3419528765625 0.43960243125 0.33708085312499997 0.437978421875 0.33448263906250003 0.4353802078125 0.33058506875 0.4387904265625 0.326200396875 0.43716641875000006 0.3237646328125 0.43830332343749995 0.29811259843750004 0.429209078125 0.24695833281250001 0.41313194375 0.24598412656250002 0.4097217265625 0.24955679531250002 0.3990037203125 0.2526421125 0.393319940625 0.2576763390625 0.3920208328125 0.25946279687499996 0.3916959328125 0.26953125 0.3912088296875 0.2821979171875 0.3921830359375 0.2794372515625 0.38861036718749997 0.255727678125 0.37772991093749997 0.2357532234375 0.37334523750000004 0.2344541171875 0.376268353125 0.22990699375 0.37772991093749997 0.2242232140625 0.379029265625 0.22276165625000002 0.3811403765625 0.22259920625000001 0.386012153125 0.22032564531249998 0.38649925625 0.2138298609375 0.385849703125 0.212205853125 0.38373859062500004 0.2097700890625 0.386012153125 0.20895808593749998 0.3912088296875 0.20717162656250002 0.3947814984375 0.20473586250000003 0.3983541671875 0.2021374015625 0.39624305625 0.2026247515625 0.3915334828125 0.20424851249999998 0.390071925 0.20619742031250002 0.37919146875 0.19223139843749998 0.37334523750000004 0.1910947421875 0.37578125 0.19239384843750001 0.3782172625 0.192880953125 0.3821145828125 0.1876842765625 0.3819521328125 0.1844365078125 0.38649925625 0.17891493125 0.3856872515625 0.168196925 0.38942237031250004 0.164299603125 0.3892599203125 0.1597524796875 0.3869866078125 0.15504290625 0.3848752484375 0.1519575890625 0.38422569375000004 0.1485471234375 0.383576140625 0.14400024843749998 0.3811403765625 0.1391282234375 0.3735076890625 0.13084622968749998 0.364251240625 0.1253249015625 0.35856746093749997 0.125 0.375294146875 0.12694221249999998 0.3738325890625 0.1314893359375 0.372695684375
3 0.2384275796875 0.36145386875 0.25233556562500004 0.3687170140625 0.258826140625 0.371498759375 0.25959871093750003 0.37319841249999997 0.2725796125 0.37937996093750004 0.2867966265625 0.387879215625 0.29205084375 0.3918970734375 0.297923115625 0.3937514875 0.3079677578125 0.3968422625 0.31569444375 0.3986966765625 0.3220302578125 0.3983874015625 0.3279025296875 0.3986966765625 0.33192038749999997 0.40086011875 0.3325384421875 0.40348710312499997 0.332383928125 0.4082775296875 0.3320749015625 0.4110592765625 0.3325384421875 0.41214087343749994 0.3343928578125 0.41414980156250003 0.33609275781250003 0.41569518906249997 0.34830109062500003 0.42234027812499997 0.351855159375 0.42234027812499997 0.3585002484375 0.42125843281249997 0.33717460312499997 0.40302356093749997 0.32805704375 0.39591493125 0.3135310015625 0.3889610609375 0.30456795625 0.3852522328125 0.26423462343750004 0.36918055625 0.22003819375 0.35032762968750003 0.22421056562500002 0.35310912656250004 0.22915550625 0.3563544140625 0.2384275796875 0.36145386875
3 0.219674603125 0.35864856093749997 0.223115328125 0.3629193953125 0.2271490578125 0.3651736109375 0.22762351249999999 0.364105903125 0.2301150796875 0.36375 0.23189459375000002 0.36458035781250003 0.2316572421875 0.36600421562499996 0.23391145781249997 0.367665178125 0.2393688 0.3689702375 0.2502837296875 0.371698909375 0.2502837296875 0.3701564984375 0.23877579375 0.3639873515625 0.22821676562499998 0.35793650781249997 0.207929315625 0.346665921875 0.21184449375 0.3501063984375 0.2162341265625 0.3547333828125 0.219674603125 0.35864856093749997
3 0.4108618546875 0.5075213296875 0.40734672656250004 0.5061770828125 0.401350446875 0.5084516375 0.398869046875 0.514758184375 0.3993861609375 0.51641245 0.4046587296875 0.5227189984375 0.40682986093749995 0.5252001484375 0.4112755453125 0.5355386906249999 0.41354985156249996 0.5250967265625001 0.414790675 0.5245798609375 0.414997271875 0.5239595734375 0.41303298593750004 0.5186870046875 0.41458382968749996 0.5139310515625 0.4142735609375 0.5123804562500001 0.4108618546875 0.5075213296875
3 0.5564888390625 0.5065044640624999 0.5580806046875 0.5115783734375 0.5581803078124999 0.5192390875 0.5590756453125 0.52033358125 0.5637517359374999 0.52122891875 0.5649454359375 0.5142646328125 0.56544295625 0.5102849703125 0.5649454359375 0.5047135421875 0.562955853125 0.50083358125 0.5606674109374999 0.49774925625 0.560369046875 0.498147321875 0.5561904765625 0.49854513906250003 0.5527083328125 0.4980478671875 0.5534047625 0.49884375 0.5545984625 0.5015300093749999 0.5564888390625 0.5065044640624999
3 0.18278273750000001 0.6608998015624999 0.1741765875 0.635257440625 0.125 0.601009425 0.125 0.661777778125 0.1341329359375 0.6710863093749999 0.18278273750000001 0.6608998015624999
3 0.47684994999999997 0.9505890375 0.4875391859375 0.9465806046875 0.49362599218750003 0.9418298609375 0.5068390375 0.93529761875 0.514707340625 0.9243115078124999 0.4961498015625 0.923569196875 0.49704067500000004 0.91555233125 0.49258680625 0.918818453125 0.48100694375 0.92475694375 0.474474703125 0.928616815625 0.4726932046875 0.9324769343750001 0.468684771875 0.9511827875 0.47684994999999997 0.9505890375
3 0.63871006875 0.7758596234375 0.63971180625 0.7864486609375 0.6391393843750001 0.8006150796875 0.63684995 0.8097733140625 0.6491560015625 0.8149246031249999 0.611665178125 0.8472641375000001 0.5962110609375 0.8421125984375 0.5660181046874999 0.863576884375 0.6022209828125 0.86314756875 0.63871006875 0.8368182046875001 0.6467234625 0.8276599703124999 0.652447171875 0.816784721875 0.6557383437500001 0.80476488125 0.6565969734375 0.7943189484375 0.6565969734375 0.7837299109375 0.6554521328125 0.7782924109375 0.6535920140625 0.7701359125 0.6495853171875 0.7606917156249999 0.6457604171875 0.7533841765625 0.6204273312499999 0.7106483140625001 0.609805059375 0.7169047625 0.610234375 0.7246316968750001 0.63871006875 0.7758596234375
3 0.5439174109375 0.3051813 0.5401470734375 0.31586359062499997 0.53763368125 0.3309446921875 0.5357485125 0.34225545625 0.5361674109375001 0.3554513890625 0.5370052078125 0.36571478125 0.5401470734375 0.378282490625 0.5447552078125 0.39210664687499996 0.5499915671875 0.40299851249999996 0.558160465625 0.41116741093750003 0.5742889390625 0.42897147812499997 0.593349703125 0.4365119046875 0.6140860609375001 0.440701140625 0.6331468250000001 0.4402822421875 0.6450858140625 0.436930803125 0.6574439484375 0.43232266875 0.664146578125 0.4264578375 0.675248015625 0.4189174109375 0.6823695437499999 0.4120052078125 0.689491071875 0.40362698437500005 0.696612846875 0.3931540171875 0.703105903125 0.3787013890625 0.7081329359375 0.36550545625 0.70980853125 0.3560798609375 0.7125314984375 0.34309325468749996 0.7129506453125 0.331154265625 0.7112748015625 0.3154446921875 0.708970734375 0.3028772328125 0.7033154765625 0.2901001984375 0.6980788687499999 0.2796272328125 0.68802505 0.2674786703125 0.67859920625 0.2584719734375 0.663518353125 0.24946527812500002 0.642153521875 0.24506671562500001 0.6241401296875 0.245485615625 0.5990049609375 0.2507219734375 0.5864375 0.2563774796875 0.5744982640625 0.264965278125 0.5652822421875 0.272924603125 0.5562755453125 0.2836071421875 0.5514578375 0.290519096875 0.5209709828125 0.2834352671875 0.5035587796875001 0.2821455859375 0.4999310515625 0.2873772328125 0.5407755453124999 0.3024583328125 0.5439174109375 0.3051813
3 0.4572938984375 0.39647420625 0.4601817953125 0.39230233124999997 0.46579761875000003 0.3884516375 0.4704508921875 0.3881307046875 0.47670833281249997 0.39214186562500003 0.48168229218749997 0.3980786203125 0.4844099703125 0.404978175 0.48665624999999996 0.41235887968749996 0.5043058031250001 0.41765377031249995 0.5158583828125 0.4219858625 0.523880953125 0.421825396875 0.530459325 0.42166493125000004 0.525966765625 0.4239112109375 0.523399553125 0.42631795625 0.575706596875 0.43626587343749995 0.57811334375 0.432896578125 0.5744228671875 0.4300084328125 0.5498740078125001 0.4051383921875 0.545060515625 0.40626165625 0.5314221234375001 0.39984375 0.5315825890625 0.3900560515625 0.5474672625 0.404336309375 0.5492321421875 0.40385491093750003 0.5346312 0.3602123015625 0.5306197921875 0.3645443953125 0.5253249015625 0.362298115625 0.520511409375 0.361495784375 0.517141865625 0.362298115625 0.49275347187499996 0.353794146875 0.49130927656249995 0.36502579375 0.49852976250000003 0.37224603125 0.5124888390625 0.3862053578125 0.5211532734375 0.3969556046875 0.530298859375 0.41171701406250005 0.527731646875 0.4109146828125 0.5203509421875 0.39984375 0.5087986109375 0.3865262890625 0.49130927656249995 0.36983928593750004 0.4903467265625 0.37481324374999997 0.486495784375 0.375455109375 0.4832869546875 0.3744923109375 0.4733387890625 0.3691974203125 0.46996949375 0.3778618546875 0.46274900781249995 0.3770595234375 0.44108829375 0.34994345312499997 0.44365550625 0.3629399796875 0.4505548109375 0.3959928078125 0.4572938984375 0.39647420625
3 0.48553323437499996 0.43161284687499996 0.48633531718749995 0.4240716765625 0.48633531718749995 0.41990005 0.4853727671875 0.41476562499999997 0.484730903125 0.40963120000000003 0.48360763906250004 0.40369444374999996 0.481361359375 0.3979181546875 0.4779920640625 0.3951904765625 0.474462053125 0.39117931562499997 0.4675627484375 0.3881307046875 0.4593797125 0.3943883921875 0.4555287703125 0.40000396875 0.4500734125 0.399201884375 0.4511966765625 0.40706398750000006 0.45488715312499994 0.4197395828125 0.48553323437499996 0.43161284687499996
3 0.4884213796875 0.432896578125 0.49098859062500005 0.4343405265625 0.4937162703125 0.4333779765625 0.4969250984375 0.436747271875 0.5190674609375 0.44541170625 0.5028618546875 0.4284037703125 0.513612103125 0.42423214218750005 0.49002579375 0.417493303125 0.48858184531250004 0.4182953875 0.48954439531249994 0.42022098281250003 0.48954439531249994 0.4234298109375 0.48986532812499994 0.4256763390625 0.4884213796875 0.432896578125
3 0.531101190625 0.44541170625 0.53382886875 0.448139384375 0.533668403125 0.45054613125 0.5392842265625 0.45263194375 0.558217509375 0.45985218281250007 0.56527728125 0.46129637968750004 0.5660796125 0.45407614062499996 0.5667212296875 0.4500647328125 0.559982390625 0.44332589218749996 0.5572547125 0.44059821406250005 0.5532435515625 0.43995634843750003 0.5471463296875 0.44412797656249997 0.54361631875 0.43995634843750003 0.5331870046875 0.4389935515625 0.52869444375 0.440116815625 0.52147420625 0.445572171875 0.524683284375 0.4468556546875 0.5267690968750001 0.4458931046875 0.531101190625 0.44541170625
3 0.6035602671875 0.2320513390625 0.5549201390625 0.209998015625 0.55271478125 0.20926289687500002 0.549529265625 0.2298462296875 0.5947388390625 0.251777034375 0.601967509375 0.24993923593749998 0.6035602671875 0.2320513390625
4 0.5458829359374999 0.20386904687500002 0.5513392859375 0.1951884921875 0.5577876984375 0.1773313484375 0.559027778125 0.15724206406250002 0.5572916671875 0.15277777812499999 0.5540674609375 0.15029761875 0.53075396875 0.140625 0.515625 0.13616071406250002 0.497519840625 0.1269841265625 0.4427083328125 0.105902778125 0.4320436515625 0.10069444375 0.4164186515625 0.09474206406249999 0.41344246093750003 0.09424603125 0.41046627031250005 0.09548611093750001 0.403769840625 0.10912698437499999 0.39955357187499996 0.1230158734375 0.39657738125 0.143353175 0.39732142812500004 0.15029761875 0.39930555624999997 0.15277777812499999 0.5364583328125 0.20362103125000003 0.5458829359374999 0.20386904687500002
4 0.360119046875 0.2641369046875 0.3640873015625 0.2678571421875 0.3705833328125 0.27561631875 0.36904761875 0.2792658734375 0.3710317453125 0.28174603125000003 0.3737599203125 0.2886904765625 0.37599206406249996 0.290674603125 0.3769841265625 0.293898809375 0.3864087296875 0.3085317453125 0.389880953125 0.3125 0.4011312 0.3164610609375 0.40833903749999995 0.32006497968750003 0.40713764843750005 0.31354365156249997 0.41348759843750005 0.300157490625 0.41657663749999996 0.2992993546875 0.41989087343750003 0.2988591265625 0.42261904687499996 0.30009920625 0.42633928593750003 0.3053075390625 0.4327876984375 0.3258928578125 0.43402777812500004 0.328125 0.43700396875 0.3298611109375 0.4534970234375 0.33643353125000003 0.456101190625 0.3382936515625 0.471726190625 0.34375 0.477678571875 0.343998015625 0.48040674531249994 0.3457341265625 0.48635912656249997 0.3457341265625 0.4890873015625 0.35044642812500004 0.4945436515625 0.3516865078125 0.5104166671875 0.35887896874999997 0.5178571421875 0.3608630953125 0.5222924109375 0.357305803125 0.5288139875 0.34923983125 0.533978175 0.3415178578125 0.5359623015625 0.3363095234375 0.5421626984375 0.309523809375 0.5421626984375 0.3060515875 0.5404265875 0.3033234125 0.528769840625 0.297123015625 0.5195932546875001 0.294146825 0.5116567453124999 0.29017857187499996 0.5014880953125 0.28819444375000003 0.49776785781250005 0.2859623015625 0.486855159375 0.2824900796875 0.450396825 0.2671130953125 0.40947420625 0.2519841265625 0.4052579359375 0.24950396874999997 0.39756944375000003 0.24751984062500001 0.389880953125 0.24305555625 0.36631944375000003 0.23363095312499998 0.362103175 0.2331349203125 0.36036706406249996 0.234126984375 0.359126984375 0.24007936562499999 0.353670634375 0.250248015625 0.353174603125 0.2519841265625 0.3546626984375 0.255704365625 0.356398809375 0.25694444375000003 0.360119046875 0.2641369046875
4 0.35467584375 0.28751612031249996 0.34274454374999996 0.2955567953125 0.36336483125 0.3025600203125 0.35467584375 0.28751612031249996
4 0.5925099203124999 0.481894840625 0.597222221875 0.48015872968749995 0.6006944437499999 0.47743055625 0.61259920625 0.4779265875 0.6160714281249999 0.48015872968749995 0.6183035718750001 0.484623015625 0.62450396875 0.484375 0.6314484125 0.4856150796875 0.6359437 0.48757118125 0.6362641375 0.50725074375 0.653521825 0.50967261875 0.671130953125 0.5119047625 0.6798115078125 0.5114087296875 0.6884920640625001 0.5014880953125 0.6917162703125 0.4952876984375 0.6964285718750001 0.48239087343750003 0.697420634375 0.4751984125 0.696924603125 0.4704861109375 0.69345238125 0.46304563437499996 0.6889880953125 0.45882936562500004 0.6855158734375 0.45709325468750006 0.6540178578125 0.450644840625 0.5861879953125 0.438128471875 0.5868055562500001 0.440228175 0.5855654765625 0.4466765875 0.5833333328125 0.4704861109375 0.58407738125 0.47842261875 0.5892857140625 0.481894840625 0.5925099203124999 0.481894840625
4 0.6455853171875 0.525049603125 0.6485615078125 0.53125 0.6488095234375 0.541170634375 0.6510416671875 0.5453869046875 0.65465699375 0.5663353171875001 0.646962053125 0.57428670625 0.692361359375 0.5791599703125 0.6976686515625 0.5729166671875 0.700148809375 0.56572420625 0.7041170640625001 0.5634920640625001 0.705853175 0.5607638890625 0.7073412703125 0.552579365625 0.7078373015625 0.5367063484375 0.7068452375 0.5302579359374999 0.70362103125 0.5228174609375 0.697420634375 0.5176091265625 0.653521825 0.5111607140625 0.6362641375 0.508365575 0.6353881453125 0.5151810515624999 0.638144840625 0.5176091265625 0.6421130953125 0.5235615078125 0.6455853171875 0.525049603125
4 0.5258563984375 0.43635019843749995 0.5261046625 0.4415625 0.528959078125 0.4398251484375 0.533178571875 0.4387080859375 0.543603175 0.4398251484375 0.547946925 0.44342410781249997 0.5525386906249999 0.439576884375 0.555269096875 0.43970089218749997 0.5604813984375 0.44218303593749997 0.56494915625 0.447023065625 0.567927828125 0.45037400781250003 0.57078199375 0.444665178125 0.577235615625 0.43647420625000005 0.5189064984375 0.425553075 0.5217609125 0.42766294687500006 0.52449131875 0.43175843281250004 0.5258563984375 0.43635019843749995
3 0.37989980156250003 0.378745784375 0.38102901718750004 0.37917981093750003 0.381984375 0.3796140875 0.3821579859375 0.380309028125 0.3817237109375 0.3809169140625 0.380681546875 0.380830109375 0.380160465625 0.38022197343749997 0.3792919140625 0.37917981093750003 0.3785104171875 0.3814379953125 0.3848501984375 0.383435515625 0.3918849203125 0.386214534375 0.39605381875 0.387690971875 0.39101661718749997 0.382914434375 0.3877162703125 0.378745784375 0.3852844734375 0.3737953875 0.38415550625 0.37457688437500003 0.38311334375 0.37475074375 0.37989980156250003 0.378745784375
0 0.127976190625 0.23239087343749998 0.1292162703125 0.23387896874999997 0.1470734125 0.234623015625 0.1574900796875 0.23239087343749998 0.16220238125 0.2333829359375 0.1644345234375 0.23239087343749998 0.16592261875 0.228174603125 0.1679067453125 0.22743055625 0.1703869046875 0.22470238125000003 0.1731150796875 0.21279761874999997 0.178075396875 0.20064484062500001 0.184771825 0.1956845234375 0.193700396875 0.1989087296875 0.1994047625 0.1979166671875 0.203125 0.181299603125 0.2068452375 0.1798115078125 0.20907738125000003 0.177579365625 0.2053571421875 0.1609623015625 0.206101190625 0.15451388906250002 0.2078373015625 0.1510416671875 0.212549603125 0.15029761875 0.2110615078125 0.14781746093749998 0.2108134921875 0.1445932546875 0.2132936515625 0.1341765875 0.2110615078125 0.1302083328125 0.21056547656250002 0.12276785781249999 0.20808531718749998 0.11929563437499999 0.20808531718749998 0.1073908734375 0.20510912656250002 0.099950396875 0.20585317500000003 0.0957341265625 0.2085813484375 0.0915178578125 0.209325396875 0.083829365625 0.209325396875 0.07936507968749999 0.206101190625 0.064980159375 0.20402604218749998 0.060361607812499996 0.195289434375 0.050830853125 0.2012462796875 0.0440798609375 0.20482018906250002 0.036137648437499996 0.2052172625 0.032960565625 0.2147817453125 0.0262896828125 0.2147817453125 0.021329365625 0.21130952343749998 0.02157738125 0.1912202375 0.0176091265625 0.18774801562500001 0.015873015625 0.184771825 0.01612103125 0.1793154765625 0.0198412703125 0.16741071406250002 0.0205853171875 0.16468253906250002 0.0220734125 0.16071428593749998 0.02157738125 0.1540178578125 0.024553571875 0.1520337296875 0.024553571875 0.137896825 0.0327380953125 0.1369047625 0.0359623015625 0.1292162703125 0.0391865078125 0.12673611093749998 0.043898809375 0.125 0.044394840625 0.125 0.17633928593749998 0.1264880953125 0.1765873015625 0.125 0.18030753906250002 0.125 0.1979166671875 0.1264880953125 0.1981646828125 0.1269841265625 0.20064484062500001 0.1269841265625 0.20486111093749998 0.125 0.2073412703125 0.125 0.222222221875 0.12847222187500001 0.22916666718749998 0.127976190625 0.23239087343749998
0 0.26211631875 0.1072713296875 0.259558284375 0.10607762968750001 0.25631795625 0.104883928125 0.25290699375000003 0.10624826406250001 0.2500079359375 0.1081240078125 0.24932564531249998 0.110170634375 0.24915525781249998 0.1127286703125 0.2503489578125 0.11545734062499999 0.2530776296875 0.118186259375 0.255976934375 0.1190389390625 0.25631795625 0.1207442953125 0.2546125984375 0.12313194375 0.25375967187500004 0.12347296562500001 0.25478298593750004 0.126883928125 0.257 0.12722495 0.27422494999999997 0.118186259375 0.2761009421875 0.1159689984375 0.2706436015625 0.11477529687500002 0.2677442953125 0.11409300625 0.26501562500000003 0.11051165624999999 0.26211631875 0.1072713296875