1 0.4077380953125 0.997271825 0.419146825 0.997519840625 0.4233630953125 0.9952876984374999 0.42757936562500004 0.990575396875 0.4322916671875 0.9895833328125001 0.434523809375 0.9863591265625 0.4310515875 0.98387896875 0.424355159375 0.9826388890625 0.4201388890625 0.97842261875 0.4047619046875 0.971230159375 0.4010416671875 0.9724702375 0.3988095234375 0.9776785718750001 0.3988095234375 0.9858630953124999 0.400049603125 0.9898313484375001 0.4047619046875 0.9955357140625001 0.4077380953125 0.997271825
1 0.44072420625 0.708829365625 0.443700396875 0.7165178578125 0.44593253906249997 0.718998015625 0.4578373015625 0.7480158734375 0.46180555625 0.7547123015625 0.466021825 0.76512896875 0.468998015625 0.7673611109375 0.47247023749999995 0.768105159375 0.4791666671875 0.777777778125 0.48115079375 0.7832341265625 0.4861111109375 0.7901785718750001 0.48834325468750006 0.796626984375 0.49305555625 0.8035714281249999 0.49603174531249994 0.8102678578125 0.4990079359375 0.8134920640625 0.500744046875 0.8177083328125001 0.5019841265625 0.8258928578125 0.5071924609375 0.8318452375 0.513144840625 0.8353174609374999 0.5210813484375 0.8350694437499999 0.52529761875 0.833829365625 0.5295138890625 0.831101190625 0.5349702375 0.8301091265625 0.5381944437499999 0.82762896875 0.5414186515625 0.8209325390625001 0.5451388890625 0.8199404765624999 0.5458829359374999 0.818204365625 0.5394345234375 0.8110119046875001 0.5381944437499999 0.80654761875 0.52802579375 0.7948908734375 0.525545634375 0.7889384921875 0.521329365625 0.784722221875 0.51884920625 0.7775297625 0.5119047625 0.7676091265625 0.5037202375 0.750744046875 0.5044642859375 0.747519840625 0.502480159375 0.7398313484375 0.49578372968749995 0.7269345234375 0.4833829359375 0.7145337296875 0.48115079375 0.708829365625 0.47098214218749995 0.7008928578125 0.45535714218749995 0.684523809375 0.4516369046875 0.6731150796875001 0.44915674531249994 0.6701388890625 0.4427083328125 0.6681547625 0.43700396875 0.6698908734375 0.43328372968749995 0.6736111109375 0.43179563437499996 0.677579365625 0.43179563437499996 0.68154761875 0.440228175 0.696924603125 0.44072420625 0.708829365625
1 0.54092261875 0.806795634375 0.5431547625 0.812251984375 0.5458829359374999 0.8144841265625 0.546130953125 0.818700396875 0.5424107140625 0.82490079375 0.53720238125 0.8268849203125 0.5357142859375 0.8293650796875 0.5322420640625001 0.8298611109375 0.5394345234375 0.830853175 0.5453869046875 0.8291170640625 0.5510912703125 0.8261408734375 0.5545634921875 0.82217261875 0.5558035718750001 0.818204365625 0.560019840625 0.8167162703124999 0.5662202375 0.809771825 0.57862103125 0.7991071421875 0.5833333328125 0.793402778125 0.5887896828125 0.7914186515625 0.5952380953125 0.79092261875 0.603670634375 0.7849702375 0.6056547625 0.7829861109375 0.60887896875 0.7760416671875 0.6143353171875 0.7698412703125 0.62177579375 0.7636408734375 0.6294642859375 0.7539682546875001 0.6361607140625 0.7477678578125 0.637896825 0.7398313484375 0.639880953125 0.7358630953125 0.6520337296875 0.7251984125 0.653521825 0.7224702375 0.656498015625 0.7204861109375 0.6607142859375 0.71552579375 0.6626984125 0.7118055562500001 0.6626984125 0.702876984375 0.656498015625 0.69072420625 0.6391369046875 0.6803075390625 0.6329365078125 0.6798115078125 0.627480159375 0.681795634375 0.618799603125 0.690972221875 0.6004464281249999 0.7046130953125 0.5949900796875001 0.706597221875 0.5892857140625 0.7110615078125 0.5711805562500001 0.7321428578125 0.56299603125 0.7363591265625 0.559523809375 0.7398313484375 0.5540674609375 0.74677579375 0.5535714281249999 0.756200396875 0.5523313484375 0.75967261875 0.5451388890625 0.766369046875 0.5424107140625 0.7703373015625 0.5379464281249999 0.7735615078125 0.534722221875 0.778521825 0.530505953125 0.78174603125 0.528273809375 0.787450396875 0.5275297625 0.791170634375 0.5300099203124999 0.797619046875 0.5376984125 0.8023313484375001 0.54092261875 0.806795634375
1 0.591269840625 0.8573908734375 0.599454365625 0.865079365625 0.6039186515625 0.8670634921874999 0.615575396875 0.8670634921874999 0.61904761875 0.865079365625 0.625744046875 0.8571428578125 0.6334325390625 0.8544146828124999 0.6369047625 0.8511904765624999 0.6453373015625 0.847222221875 0.65029761875 0.8425099203125 0.659226190625 0.838045634375 0.6617063484375 0.8355654765624999 0.672619046875 0.831101190625 0.6770833328125 0.8333333328125001 0.6832837296875 0.8335813484375001 0.690972221875 0.8301091265625 0.6951884921875 0.8261408734375 0.6976686515625 0.8211805562500001 0.706597221875 0.815476190625 0.709325396875 0.8115079359375 0.71279761875 0.8105158734375 0.7356150796875001 0.796875 0.7420634921875 0.787450396875 0.7480158734375 0.7832341265625 0.7552083328125 0.775049603125 0.7390873015625 0.7564484125 0.721726190625 0.740079365625 0.7177579359374999 0.737847221875 0.703373015625 0.74032738125 0.6966765875 0.74404761875 0.689980159375 0.750248015625 0.676256696875 0.7585151296875 0.6617063484375 0.7666170640625001 0.65625 0.7673611109375 0.6475694437499999 0.7738095234375 0.6448412703125 0.7792658734375 0.643601190625 0.7864583328125 0.618799603125 0.802579365625 0.612847221875 0.8085317453125 0.606646825 0.8105158734375 0.599950396875 0.815972221875 0.5949900796875001 0.8172123015625001 0.5892857140625 0.8206845234375001 0.583829365625 0.8301091265625 0.5833333328125 0.8360615078125001 0.584325396875 0.8420138890625 0.5868055562500001 0.849454365625 0.591269840625 0.8573908734375
1 0.658978175 0.9047619046875001 0.66592261875 0.9050099203125 0.73487103125 0.8764880953124999 0.7445436515625 0.8769841265625 0.747023809375 0.87822420625 0.7547123015625 0.8767361109375 0.762152778125 0.869295634375 0.7678571421875 0.8668154765624999 0.7740575390625 0.862103175 0.797123015625 0.8529265875 0.8010912703124999 0.849950396875 0.8035714281249999 0.8266369046875001 0.80282738125 0.8102678578125 0.80009920625 0.8048115078125001 0.797123015625 0.8048115078125001 0.7931547625 0.806299603125 0.7889384921875 0.8058035718750001 0.7832341265625 0.8023313484375001 0.7792658734375 0.7978670640625001 0.77157738125 0.802579365625 0.7643849203124999 0.8105158734375 0.7591765875 0.812748015625 0.750744046875 0.81299603125 0.747023809375 0.8142361109375 0.7234623015625 0.8261408734375 0.712549603125 0.8353174609374999 0.706101190625 0.8373015875 0.69990079375 0.8422619046875001 0.69072420625 0.8454861109375 0.687748015625 0.8479662703124999 0.6770833328125 0.8521825390625001 0.67237103125 0.856398809375 0.66592261875 0.858630953125 0.662450396875 0.8571428578125 0.65625 0.8633432546875 0.653769840625 0.8643353171875001 0.6478174609375 0.8707837296875001 0.6421130953125 0.8804563484375001 0.6426091265625 0.890376984375 0.6475694437499999 0.8985615078125001 0.653769840625 0.903273809375 0.658978175 0.9047619046875001
1 0.5364583328125 0.659226190625 0.5384424609375 0.658978175 0.5481150796875001 0.6547619046875 0.5510912703125 0.6545138890625 0.5602678578125 0.6490575390625 0.5664682546875001 0.6470734125 0.57217261875 0.6428571421875 0.5828373015625 0.64012896875 0.593501984375 0.6388888890625 0.5977182546875001 0.634920634375 0.6039186515625 0.6321924609375 0.6140873015625 0.625744046875 0.6202876984375 0.6232638890625 0.6232638890625 0.6158234125 0.6269841265625 0.6140873015625 0.6388888890625 0.6130952375 0.644097221875 0.6111111109375 0.65029761875 0.6071428578125 0.6540178578125 0.6029265875 0.656498015625 0.6024305562500001 0.659226190625 0.59970238125 0.6617063484375 0.5954861109375 0.662450396875 0.5917658734375 0.6604662703125 0.5890376984375 0.659722221875 0.5833333328125 0.65674603125 0.578869046875 0.615575396875 0.5758928578125 0.61259920625 0.57862103125 0.60987103125 0.5830853171875 0.606894840625 0.584325396875 0.5974702375 0.5828373015625 0.5863095234375 0.5860615078125 0.575644840625 0.591021825 0.56845238125 0.5922619046875 0.5602678578125 0.5987103171875 0.5572916671875 0.6029265875 0.549851190625 0.6081349203124999 0.5424107140625 0.6106150796875001 0.540674603125 0.61259920625 0.5302579359374999 0.6175595234375 0.5262896828125 0.6207837296875 0.521825396875 0.6210317453124999 0.51884920625 0.624255953125 0.509424603125 0.6264880953125 0.5133928578125 0.63467261875 0.51884920625 0.6423611109375 0.53125 0.656001984375 0.5364583328125 0.659226190625
1 0.5763888890625 0.7021329359374999 0.58407738125 0.7068452375 0.5920138890625 0.7070932546875001 0.5952380953125 0.7043650796875001 0.60342261875 0.7011408734375 0.6076388890625 0.69717261875 0.609126984375 0.693204365625 0.605902778125 0.6897321421875 0.6071428578125 0.687251984375 0.6135912703125 0.6830357140625 0.6235119046875 0.672619046875 0.6418650796875001 0.6602182546875001 0.6453373015625 0.6542658734375 0.6460813484375 0.650545634375 0.6475694437499999 0.6490575390625 0.6636904765625 0.6383928578125 0.6706349203124999 0.6319444437499999 0.6728670640625001 0.6269841265625 0.67237103125 0.622519840625 0.668898809375 0.6145833328125 0.665674603125 0.6108630953125 0.661954365625 0.6081349203124999 0.6552579359374999 0.606646825 0.640873015625 0.6133432546875001 0.6366567453124999 0.6163194437499999 0.6326884921875 0.6210317453124999 0.6259920640625001 0.625248015625 0.6185515875 0.625248015625 0.6111111109375 0.6289682546875001 0.59970238125 0.637152778125 0.5982142859375 0.6391369046875 0.5796130953125 0.6448412703125 0.5744047625 0.644097221875 0.565972221875 0.6498015875 0.5602678578125 0.6517857140625 0.5540674609375 0.6614583328125 0.5510912703125 0.6641865078125 0.55009920625 0.666170634375 0.5513392859375 0.6696428578125 0.5669642859375 0.6827876984375 0.5763888890625 0.7021329359374999
1 0.38194444375000003 0.4320436515625 0.3856646828125 0.4283234125 0.38715277812500004 0.4206349203125 0.39161706406249996 0.41071428593750003 0.39930555624999997 0.40302579375 0.4074900796875 0.400049603125 0.41592261875 0.39955357187499996 0.4203869046875 0.396825396875 0.4233630953125 0.390873015625 0.43824404687499996 0.3730158734375 0.440476190625 0.3648313484375 0.44320436562500004 0.3613591265625 0.44618055625 0.35243055624999997 0.450396825 0.349454365625 0.4605654765625 0.3320932546875 0.4623015875 0.32142857187499996 0.468998015625 0.3102678578125 0.46676587343750003 0.2986111109375 0.46676587343750003 0.287450396875 0.465773809375 0.2852182546875 0.4613095234375 0.2829861109375 0.4608134921875 0.2790178578125 0.45709325468750006 0.2792658734375 0.4516369046875 0.2757936515625 0.44866071406249997 0.2760416671875 0.444196428125 0.2834821421875 0.439980159375 0.287450396875 0.4327876984375 0.299851190625 0.4231150796875 0.306299603125 0.41319444375 0.32217261875 0.41021825468750006 0.3296130953125 0.4012896828125 0.34027777812500004 0.3988095234375 0.3417658734375 0.3983134921875 0.343998015625 0.3958333328125 0.3454861109375 0.39508928593750003 0.3492063484375 0.3826884921875 0.37400793593750004 0.372519840625 0.3886408734375 0.368799603125 0.396329365625 0.3643353171875 0.40029761875 0.36284722187499996 0.4050099203125 0.3611111109375 0.41195436562500004 0.3635912703125 0.41964285781250005 0.372271825 0.42782738125 0.38194444375000003 0.4320436515625
1 0.4779265875 0.3167162703125 0.49032738125 0.3167162703125 0.49553571406249997 0.314980159375 0.5039682546875001 0.3139880953125 0.513144840625 0.315476190625 0.5238095234375 0.3142361109375 0.531994046875 0.3105158734375 0.5384424609375 0.3107638890625 0.5453869046875 0.3087797625 0.5488591265625 0.30927579375 0.5533234125 0.3075396828125 0.56299603125 0.3082837296875 0.5895337296875 0.2988591265625 0.609623015625 0.294146825 0.6183035718750001 0.291170634375 0.622271825 0.2914186515625 0.6329365078125 0.2889384921875 0.639880953125 0.2891865078125 0.6450892859375 0.2859623015625 0.650545634375 0.27232142812500004 0.6507936515625 0.2673611109375 0.6493055562500001 0.2638888890625 0.64657738125 0.25 0.6391369046875 0.2383432546875 0.6364087296875 0.23611111093749998 0.6304563484375 0.234623015625 0.627480159375 0.23239087343749998 0.6183035718750001 0.23189484062500001 0.6049107140625 0.2383432546875 0.5858134921875 0.24280753906250002 0.577380953125 0.246527778125 0.5483630953125 0.252480159375 0.5228174609375 0.262648809375 0.5066964281249999 0.2673611109375 0.4987599203125 0.271825396875 0.471478175 0.2829861109375 0.46825396875 0.28993055624999997 0.4675099203125 0.2946428578125 0.4672619046875 0.2986111109375 0.468998015625 0.30654761875 0.4742063484375 0.3142361109375 0.4779265875 0.3167162703125
1 0.4918154765625 0.421626984375 0.4985119046875 0.4233630953125 0.5009920640625001 0.42559523749999995 0.51612103125 0.422123015625 0.53075396875 0.4136904765625 0.5394345234375 0.41071428593750003 0.544394840625 0.4072420640625 0.5538194437499999 0.40426587343750003 0.5577876984375 0.400049603125 0.563244046875 0.39756944375000003 0.5714285718750001 0.3918650796875 0.5863095234375 0.3864087296875 0.5892857140625 0.3826884921875 0.5982142859375 0.375 0.59970238125 0.37177579375 0.61259920625 0.3640873015625 0.627976190625 0.3576388890625 0.66220238125 0.3360615078125 0.6644345234375 0.333829365625 0.6651785718750001 0.327380953125 0.6609623015625 0.3144841265625 0.6490575390625 0.297619046875 0.6448412703125 0.294146825 0.6418650796875001 0.29340277812500004 0.6391369046875 0.2904265875 0.6304563484375 0.29017857187499996 0.6185515875 0.29365079375 0.6175595234375 0.2948908734375 0.6173115078125 0.2988591265625 0.615575396875 0.3015873015625 0.6073908734375 0.3060515875 0.6016865078125 0.311755953125 0.580605159375 0.32465277812500004 0.5766369046875 0.32862103125000003 0.562748015625 0.3355654765625 0.559771825 0.3358134921875 0.5508432546875001 0.3415178578125 0.544394840625 0.35069444375000003 0.5248015875 0.3635912703125 0.521329365625 0.3670634921875 0.5176091265625 0.368799603125 0.512896825 0.3730158734375 0.509920634375 0.3797123015625 0.5069444437499999 0.3834325390625 0.5012400796875001 0.3866567453125 0.49925595312500004 0.38963293593750004 0.4920634921875 0.3923611109375 0.48834325468750006 0.396329365625 0.48759920625 0.400049603125 0.48660714218749995 0.40029761875 0.48834325468750006 0.4169146828125 0.4918154765625 0.421626984375
1 0.54365079375 0.45362103125 0.546875 0.45510912656249997 0.5483630953125 0.45709325468750006 0.5513392859375 0.45684523749999995 0.5553075390625 0.45386904687499996 0.559771825 0.452876984375 0.5766369046875 0.44444444375 0.5870535718750001 0.443700396875 0.596230159375 0.4392361109375 0.6073908734375 0.4310515875 0.6240079359374999 0.424355159375 0.6287202375 0.424603175 0.6319444437499999 0.4236111109375 0.6361607140625 0.41964285781250005 0.6396329359374999 0.41840277812500004 0.658978175 0.4050099203125 0.6773313484375 0.3958333328125 0.6860119046875 0.389880953125 0.6924603171875 0.38740079375 0.703125 0.380704365625 0.709325396875 0.380704365625 0.7150297625 0.377480159375 0.72470238125 0.3670634921875 0.7254464281249999 0.3606150796875 0.7239583328125 0.353670634375 0.715277778125 0.33705357187499996 0.7103174609375 0.331101190625 0.7075892859375 0.3261408734375 0.70362103125 0.32217261875 0.6979166671875 0.3196924609375 0.6855158734375 0.32142857187499996 0.6783234125 0.3266369046875 0.6758432546875001 0.3318452375 0.66865079375 0.3353174609375 0.6629464281249999 0.3365575390625 0.65575396875 0.3420138890625 0.639880953125 0.35069444375000003 0.6287202375 0.35838293593750004 0.606398809375 0.3678075390625 0.6004464281249999 0.372519840625 0.59697420625 0.37822420625 0.5900297625 0.3829365078125 0.5868055562500001 0.3869047625 0.5736607140625 0.3921130953125 0.5689484125 0.396329365625 0.5607638890625 0.400049603125 0.559027778125 0.40426587343750003 0.5543154765625 0.41046627031250005 0.547123015625 0.4154265875 0.5458829359374999 0.4203869046875 0.5364583328125 0.42113095312500004 0.53075396875 0.4236111109375 0.528769840625 0.4293154765625 0.5292658734375 0.43824404687499996 0.5359623015625 0.45089285781250005 0.5394345234375 0.45362103125 0.54365079375 0.45362103125
1 0.3953373015625 0.44320436562500004 0.3980654765625 0.44444444375 0.43179563437499996 0.47247023749999995 0.4427083328125 0.484375 0.4952876984375 0.515376984375 0.5014880953125 0.5171130953125 0.50967261875 0.515873015625 0.51612103125 0.5171130953125 0.5223214281249999 0.5146329359374999 0.5248015875 0.515376984375 0.528273809375 0.513144840625 0.5297619046875 0.5101686515625 0.5302579359374999 0.5017361109375 0.527777778125 0.49925595312500004 0.5257936515625 0.499751984375 0.5235615078125 0.4966932046875 0.5235615078125 0.49404761875 0.521825396875 0.4908234125 0.5193452375 0.4893353171875 0.515873015625 0.48487103125 0.5066964281249999 0.48040674531249994 0.4990079359375 0.46676587343750003 0.48115079375 0.453125 0.4734623015625 0.4429563484375 0.4637896828125 0.437251984375 0.4384920640625 0.41815476250000005 0.430803571875 0.41195436562500004 0.42609127031250005 0.40625 0.4171626984375 0.40178571406249997 0.4112103171875 0.4007936515625 0.3988095234375 0.403769840625 0.3953373015625 0.4079861109375 0.3928571421875 0.408978175 0.388144840625 0.41592261875 0.3851686515625 0.4228670640625 0.38392857187499996 0.43154761875 0.3856646828125 0.43526785781250005 0.39012896874999997 0.437251984375 0.3953373015625 0.44320436562500004