2 0.4740758921875 0.7797271828125 0.3372266859375 0.0023236609375000003 0.3167028765625 0.0013596234375000001 0.456061259375 0.77598834375 0.4740758921875 0.7797271828125
2 0.3736354171875 0.855118303125 0.37241071406250004 0.890025296875 0.36996106093750003 0.8922708328125 0.367511409375 0.8896170640625 0.36730729218749997 0.91982886875 0.369552828125 0.9259528765624999 0.3713901296875 0.9267695937499999 0.3752686015625 0.9267695937499999 0.3795553078125 0.9249322921875001 0.3807802578125 0.91840005 0.38322991093750003 0.832051090625 0.368736359375 0.8332760421875 0.368328125 0.8500151296875 0.3736354171875 0.855118303125
2 0.3873125 0.8883923609375 0.38874156718749997 0.917379215625 0.39282415625 0.9222785218749999 0.39792757968750003 0.9206453375000001 0.401601934375 0.9196247515625 0.39996875 0.82817261875 0.3844546125 0.832051090625 0.3842504953125 0.8463405265624999 0.3895580359375 0.852464534375 0.39323239062500004 0.8908417656250001 0.3873125 0.8883923609375
2 0.41752430625 0.9098263890625 0.4156872515625 0.8249064984375 0.401601934375 0.8293975687499999 0.40201016875000006 0.908397321875 0.4060927578125 0.9167668656249999 0.415074653125 0.91982886875 0.41752430625 0.9098263890625
2 0.41874925625000003 0.8336842765625001 0.42099454375 0.8659375 0.4167078375 0.86675396875 0.4185451390625 0.9030900296875 0.421198909375 0.8998236609375001 0.42079042656250004 0.8259270828125 0.4167078375 0.825722965625 0.416299603125 0.8332760421875 0.41874925625000003 0.8336842765625001
2 0.4383459828125 0.8681830359375 0.442837053125 0.8689995046875 0.44651140937499995 0.8685912703125 0.44875694375 0.864304315625 0.45038988125 0.8210280265625001 0.43650892812500003 0.8238859125 0.43610069375 0.86512103125 0.4383459828125 0.8681830359375
2 0.452023065625 0.8559350203125 0.4585553078125 0.8538936015624999 0.4597802578125 0.8210280265625001 0.4514107140625 0.8216403765625 0.4497775296875 0.8543018359375001 0.452023065625 0.8559350203125
2 0.49244171562499994 0.890025296875 0.48815476249999995 0.8689995046875 0.48550099218750004 0.8730820937500001 0.48019369999999995 0.872265625 0.477131696875 0.8694077375000001 0.47366121093749997 0.8463405265624999 0.4744779265625 0.842462053125 0.48121428593750004 0.8402165171875 0.482847221875 0.8351130953125001 0.479376984375 0.8171493062499999 0.465904265625 0.8204154265625 0.4799893359375 0.8943122515624999 0.487746528125 0.8975783734375 0.49080853125 0.895741071875 0.49244171562499994 0.890025296875
2 0.431813740625 0.8255188484374999 0.4340592765625 0.8510357140625 0.43650892812500003 0.8534853671875 0.43630481093749995 0.8249064984375 0.431813740625 0.8255188484374999
2 0.46549603125 0.836133928125 0.4661083828125 0.820823909375 0.459576140625 0.8185783734375001 0.459576140625 0.8367462796874999 0.46549603125 0.836133928125
2 0.43610069375 0.7732604171874999 0.45324776718750004 0.77632266875 0.45243130000000004 0.7652993546875 0.452023065625 0.7612165171874999 0.4371212796875 0.6744595734375001 0.43610069375 0.7732604171874999
2 0.3060669640625 0.7261054062500001 0.3109662703125 0.668335565625 0.3168861609375 0.6691520343749999 0.32382663749999996 0.66670238125 0.3272971234375 0.6611907234375 0.3566924609375 0.2633330859375 0.3328087796875 0.163919890625 0.30300496093749996 0.71344915625 0.30157614062500004 0.7538678078125 0.30525049531250004 0.7610124015624999 0.310762153125 0.7644826390625 0.3179067453125 0.762849703125 0.32158134843749997 0.7244724703125 0.318315228125 0.7269221234375001 0.31606969218750003 0.7281468249999999 0.3060669640625 0.7261054062500001
2 0.36383705312500003 0.7107953874999999 0.364653521875 0.7052837296875001 0.367103175 0.313754215625 0.3644494046875 0.27292757968750003 0.3605709328125 0.25047271875 0.35648834375 0.2696614578125 0.3450567953125 0.70997891875 0.347710565625 0.7140615078125 0.3552633921875 0.7156946921875 0.36118328437499997 0.7136532734375 0.36383705312500003 0.7107953874999999
2 0.395273809375 0.4617517359375 0.3707775296875 0.343762153125 0.3660825890625 0.767136409375 0.3840463796875 0.762849703125 0.3903745046875 0.7648911203125001 0.395273809375 0.4617517359375
2 0.391190971875 0.7640744046875 0.39792757968750003 0.7669322921874999 0.3938447421875 0.675071925 0.3920076890625 0.6709893359375 0.391190971875 0.7640744046875
2 0.3971108625 0.458485615625 0.3954779265625 0.479511409375 0.39792757968750003 0.756521578125 0.3989481640625 0.7663199406250001 0.4216071421875 0.7699942953125001 0.42017807500000004 0.5905602671875 0.3971108625 0.458485615625
2 0.4194126984375 0.44944915625000004 0.41575868125 0.0036540171874999998 0.40270858125000003 0.004165675 0.4063625984375 0.35705381875 0.4194126984375 0.44944915625000004
2 0.3734759421875 0.0020776296874999997 0.36877802656249997 0.1879126984375 0.40584052656249997 0.382099703125 0.40009846250000003 0.002599703125 0.3734759421875 0.0020776296874999997
2 0.3468536703125 0.0010334828125 0.3431994046875 0.0407061015625 0.3677338796875 0.179560515625 0.3734759421875 0.0020776296874999997 0.3468536703125 0.0010334828125
2 0.45073313437499996 0.001565971875 0.43924900781250004 0.5747313984375 0.456997271875 0.6780890375 0.48936185468750004 0.0010438984375 0.45073313437499996 0.001565971875
2 0.4914499015625 0.0010438984375 0.45751934531250005 0.686440971875 0.46743750000000006 0.7381197921875 0.529556546875 0.00313194375 0.4914499015625 0.0010438984375
2 0.5306004468750001 0.00313194375 0.46848164687500005 0.745428075 0.47370163749999994 0.7683963296874999 0.57392733125 0 0.5306004468750001 0.00313194375
2 0.5749712296875 0 0.57392733125 0.013572171875 0.4731795640625 0.7626542656249999 0.4742237109375 0.7767485125 0.481009671875 0.7804025296875 0.588543403125 0 0.5749712296875 0