3 0.08256250000000001 0.3536641859375 0.0774290671875 0.352783978125 0.0712686015625 0.35117063437499996 0.069068453125 0.3538107640625 0.0698018359375 0.3558640875 0.0747889390625 0.3605577875 0.08373586250000001 0.36583804531249997 0.0944432046875 0.37126488125 0.0988432546875 0.3702380953125 0.0986966765625 0.36803819375 0.0975233140625 0.36525124062500003 0.09605654687500001 0.36187772812499996 0.0998700390625 0.363491071875 0.10324355156250001 0.3623177078125 0.2245453875 0.2580329859375 0.3122562 0.1829360125 0.33220386875 0.166215278125 0.3520047125 0.22591145781250002 0.3744459328125 0.284580853125 0.3798727671875 0.2955813484375 0.385299603125 0.3051150796875 0.3942467765625 0.316115575 0.388819940625 0.313622271875 0.374592509375 0.3115687 0.36755208281249996 0.3109821421875 0.3376307046875 0.3128888890625 0.33572395781250003 0.3111287203125 0.33088368125 0.3054084828125 0.327803571875 0.304528521875 0.3256036703125 0.3071686515625 0.321056546875 0.313475446875 0.303599703125 0.3145022328125 0.303012896875 0.313475446875 0.3011061515625 0.3117155265625 0.29684970312500003 0.311275296875 0.28995610156249996 0.3184623015625 0.2455138890625 0.36862475156249996 0.1604432046875 0.46278918593749996 0.11336111093750001 0.513978175 0.1136545140625 0.5158849203125 0.1111609625 0.51808506875 0.11130753906249999 0.519991815625 0.112334325 0.521605159375 0.11057415625 0.523071925 0.1052938984375 0.5227787703125 0.108080853125 0.524685515625 0.11292113125 0.5295255453125 0.11805456406249999 0.5318725203125 0.121574653125 0.5315791171875001 0.121134671875 0.5286455859375 0.12216145781250001 0.52615228125 0.124655009375 0.5273256453124999 0.1272951390625 0.5254188984375 0.16161954375 0.48684374999999996 0.3003814484375 0.3293162203125 0.31270213281250003 0.3279962796875 0.36184375 0.3259427078125 0.37533755 0.3262361109375 0.37944444375 0.327262896875 0.39220510937499997 0.331809771875 0.4096592265625 0.3410500984375 0.41963293593750006 0.3475037203125 0.42608655781250004 0.3535173609375 0.4338603671875 0.360264384375 0.43796726250000007 0.3639313 0.443394096875 0.37199826406250003 0.448234375 0.381825396875 0.4568881453125 0.40089285781250006 0.44882118125000003 0.3989861109375 0.44002058593750004 0.419960565625 0.40569915625 0.5045912703125001 0.39308506875 0.5334858625 0.392058284375 0.5371527781250001 0.3941118546875 0.5409662703125 0.3974853671875 0.5438995531249999 0.40217881875000006 0.5437529765625 0.40525892812500003 0.542726190625 0.4068725203125 0.5374459328125 0.41053918593749994 0.529232390625 0.42755332343749997 0.48640352187499997 0.45894146874999997 0.407493303125 0.46011483125 0.40778670625 0.475222221875 0.44298834375 0.475222221875 0.4459216265625 0.4714087296875 0.45325545624999997 0.46686185468749997 0.46352256875000003 0.46246180625 0.47598983125 0.4595282734375 0.4872837296875 0.4560959828125 0.500505953125 0.43404489062499996 0.61203125 0.42008432500000004 0.685006696875 0.422146578125 0.687227678125 0.42262252031249997 0.6900830859375 0.418498015625 0.6940493546875001 0.42341592187500005 0.6942078375 0.43372743125 0.6942078375 0.4335689484375 0.6934146828125 0.4315064484375 0.6921455859375001 0.43039608124999995 0.689607390625 0.43436210312499995 0.6891314484375 0.44023189531250007 0.6539126984375 0.4541924609375 0.579826884375 0.468152778125 0.50938988125 0.47402256875 0.482896578125 0.48449305625 0.453071925 0.49290104218749997 0.43974603125 0.5335133921875 0.3908841765625 0.5327202375 0.38802852187500003 0.524470734375 0.3999268359375 0.5162214781250001 0.4067485125 0.5038474703125 0.41404588281250004 0.495756696875 0.4149977671875 0.4835411703125 0.43022743124999996 0.47243625937499995 0.3992921625 0.47671949375 0.3954848703125 0.4836999015625 0.3961192953125 0.48576215312500004 0.3945329859375 0.47656101250000005 0.3837452875 0.4660905265625 0.3845384421875 0.467518353125 0.3858075390625 0.46847023749999994 0.389773809375 0.4711671625 0.3921532734375 0.4692633921875 0.395008928125 0.4576919640625 0.368831596875 0.4482943953125 0.3533380453125 0.43737276718749996 0.3449563484375 0.4455004953125 0.346734375 0.459216021875 0.3472423109375 0.4742013890625 0.346734375 0.4879169140625 0.3431783234375 0.5430329859375 0.3269228671875 0.546334821875 0.3071116078125 0.5303335812500001 0.31219146875 0.526015625 0.3 0.5242375984375001 0.296951884375 0.5150939984375 0.2966979171875 0.517633928125 0.31219146875 0.5171259921875 0.3167633921875 0.48639310468749997 0.32590699375 0.4635337296875 0.3325106640625 0.4515962296875 0.3314947921875 0.43229290625 0.32590699375 0.420669890625 0.3183427578125 0.4140106640625 0.3139799109375 0.4096478171875 0.3089283234375 0.4036775796875 0.3038764875 0.3958705359375 0.2923953375 0.38875223281250004 0.2790771328125 0.3575233140625 0.1867686015625 0.3616567453125 0.18033928593749998 0.37336731093750003 0.18493179531249998 0.377730159375 0.1830947421875 0.378189484375 0.1801096234375 0.378189484375 0.17459871093749998 0.374515625 0.17253199375 0.3582123015625 0.165873015625 0.35867162656249996 0.17459871093749998 0.3545384421875 0.17827256875 0.3467311515625 0.1566879953125 0.348408978125 0.15240005 0.3481403765625 0.14810193437500002 0.3441108625 0.139774553125 0.336320684375 0.1362822421875 0.27399925625 0.1867842265625 0.08354290625 0.3399012890625 0.08327430625 0.342050346875 0.08031944375 0.34527380937499996 0.0806557546875 0.348237103125 0.0808025796875 0.3505838296875 0.08256250000000001 0.3536641859375
3 0.16839136875 0.3216403765625 0.1741790671875 0.3252232140625 0.1769350203125 0.3325265375 0.20380605156249998 0.317644096875 0.20380605156249998 0.31282118125 0.209455853125 0.29766319375 0.20477058593750003 0.3001436015625 0.16852926562499998 0.32136483125000004 0.16839136875 0.3216403765625
3 0.23577554531249997 0.2924268359375 0.2386693953125 0.296836309375 0.28813938437500003 0.26789831406250003 0.2671939484375 0.2644533734375 0.229298859375 0.28553670625 0.23053918593749997 0.28911954375 0.23260615156250003 0.28980853125 0.23577554531249997 0.2924268359375
0 0.6599213796875001 0.8158705359375 0.7431822921875 0.874751984375 0.7656984125 0.874751984375 0.7444813984375 0.859930803125 0.646972221875 0.7912485125 0.6320694437500001 0.78169146875 0.6309258437499999 0.7847690968750001 0.6237986109375 0.789790675 0.6599213796875001 0.8158705359375
0 0.8906391375 0.5311259921875 0.912038690625 0.5018177078125 0.9001758437499999 0.49693303593750004 0.8780786203125001 0.5264737109375 0.8906391375 0.5311259921875
1 0.86416021875 0.504350446875 0.8643943453125 0.5090322421875 0.86416021875 0.5097346234375 0.8634580859375 0.51324603125 0.8647455359375 0.5159379953125 0.8668524312500001 0.5173425093749999 0.866618303125 0.51956646875 0.8677886906250001 0.5214392359375 0.872821925 0.5188640875 0.87211954375 0.5159379953125 0.8731728671875001 0.5151188 0.872470734375 0.5102026296875 0.87094915625 0.508798115625 0.870480903125 0.504584325 0.8686081343750001 0.5037651296875 0.8676716265625 0.5035310015625 0.86416021875 0.504350446875
3 0.9501763390625 0.5892375984375 0.9436517859375 0.604981646875 0.9334392359375 0.6204419640625 0.9271984124999999 0.6273921125 0.9257800093749999 0.630087053125 0.92875868125 0.631930803125 0.939396578125 0.631930803125 0.9620907734375 0.5913650796875001 0.9731540171875 0.5686708828125 0.9758489578124999 0.5646994046875 0.9762745531249999 0.5693802078125 0.9793950890625001 0.571933284375 0.9842175093750001 0.573493303125 0.9886145828125 0.5725004953124999 0.9996778281250001 0.5500900296875 0.999751984375 0.528105159375 0.9964156750000001 0.5295235609375 0.9959900796875001 0.527112103125 0.999751984375 0.5215806046875 0.999751984375 0.505269096875 0.9947135421875 0.5082477671875 0.9910257937500001 0.5081059031249999 0.9823735125 0.5218640875 0.9731540171875 0.538601190625 0.9541478171875 0.57434449375 0.9501763390625 0.5892375984375
3 0.558716021875 0.464302828125 0.5574561015625 0.5862924109375001 0.565224703125 0.5835627484375 0.57173363125 0.582722965625 0.5767728171875001 0.5841927078125 0.5820220734375 0.58566245 0.580762153125 0.5002068453125 0.5797123015625 0.36309995 0.5811820437499999 0.34378323437499997 0.586011409375 0.3234166671875 0.5916803078124999 0.3114486609375 0.5956696421875 0.30116021875 0.60175868125 0.2933916171875 0.6256946921875 0.2648365578125 0.6448013390625 0.2430002484375 0.6416520343750001 0.2226334328125 0.6061679062499999 0.260847221875 0.593780009375 0.2747048609375 0.586011409375 0.2858328375 0.581601934375 0.291501984375 0.5795024796875 0.29528125 0.5713137406250001 0.29969047656250003 0.5664846234375001 0.3013702875 0.5641750984375 0.3215267859375 0.5698439984375 0.31984722187500003 0.565644840625 0.3309751984375 0.562075396875 0.35197172656250003 0.5606056546875 0.37800744062499997 0.558716021875 0.464302828125
3 0.565309771875 0.224534721875 0.563305803125 0.23104786718749998 0.5569595734375 0.2562653765625 0.547607390625 0.3043625984375 0.5429313 0.32924627968750003 0.545436259375 0.329079365625 0.550446428125 0.3282442953125 0.5566254953125 0.3300813484375 0.5613015875 0.334089534375 0.5678147328125001 0.2916703875 0.577334078125 0.23338591250000001 0.5816763390624999 0.224367559375 0.5888573906250001 0.21534945468750002 0.6060587796875 0.203826140625 0.6376227671875 0.18896255 0.635117559375 0.1737653765625 0.616580109375 0.183785465625 0.5873544140625 0.1994838796875 0.571321925 0.20415997031250002 0.5115344734375 0.224534721875 0.5227237109375 0.236391865625 0.5668127484375 0.220693453125 0.565309771875 0.224534721875
3 0.6497142859375 0.27594965312499997 0.6580758921875 0.3456299609375 0.6679045140625 0.41956448437500005 0.6580758921875 0.415163690625 0.646487103125 0.4114962796875 0.632404265625 0.4110563 0.6199350203125 0.4110563 0.62242881875 0.403134671875 0.6448732640625 0.362646578125 0.652941715625 0.35149776718750003 0.657929315625 0.3457767859375 0.6558754953125 0.32861334375 0.6431130953124999 0.34034895781249996 0.6246294640625 0.3686612109375 0.60203819375 0.4072420640625 0.5998377968749999 0.411936259375 0.5809141859375 0.410616071875 0.5813541671875 0.42425868125 0.64164608125 0.42689930625 0.6495677078125001 0.4273392859375 0.657342509375 0.42880630000000003 0.664383928125 0.43467410781250004 0.666290921875 0.43687450468750005 0.6711319437500001 0.44523635937500006 0.6769997515624999 0.4912986109375 0.6787599203125 0.5011272328125 0.684334325 0.503914434375 0.7086857640625001 0.5708075390625 0.71308680625 0.5731547625 0.7199813984375 0.572127728125 0.7223286203125 0.5690471234375 0.72203521875 0.5653799609375 0.7157271828125 0.5488033234375 0.7199813984375 0.5436688984375 0.7064853671875 0.5100756453125 0.7020845734375001 0.5133028281249999 0.698710565625 0.507728421875 0.6975369546875 0.5015672125 0.6919625500000001 0.473841765625 0.6856547625 0.423525296875 0.6765595234374999 0.3384419640625 0.667464534375 0.264507440625 0.6561688984375 0.16358085312499998 0.6434064984375001 0.1669548609375 0.6350446421875 0.16783506875 0.6360716765625 0.1745830859375 0.6426728671874999 0.22783358125 0.6497142859375 0.27594965312499997
3 0.7473107640625 0.312238590625 0.7409171625 0.309315971875 0.7299570937500001 0.30712400781250004 0.6733286203125 0.31077728125 0.6747899312500001 0.3274005453125 0.6753380453125 0.32849652812499996 0.689769096875 0.321372271875 0.6957973703125 0.3188149796875 0.699998759375 0.319728175 0.7303224203124999 0.318449653125 0.7401865078125 0.3204588296875 0.7440228171875 0.3241123515625 0.7458494546875001 0.3275830859375 0.7474935515625 0.3339766859375 0.7518774796875001 0.3871341765625 0.7520602671875001 0.3938931046875 0.75626165625 0.4002864578125 0.76028050625 0.41252554531249996 0.763934028125 0.42111111093750003 0.76649131875 0.4353596234375 0.766856646875 0.4399263390625 0.7710580359375 0.4388303578125 0.7754422125 0.4402916671875 0.781105159375 0.439195684375 0.78366245 0.4317061015625 0.7803745046875 0.42220709375 0.78274925625 0.40521874999999996 0.7818358140624999 0.403757440625 0.7783650796875 0.40594940468749996 0.7712408234375 0.41782316406250003 0.7641165671875 0.393527778125 0.7633859125 0.37672197343749997 0.7672219734375 0.37343377968749997 0.766856646875 0.30639310468750003 0.770144840625 0.188021825 0.7712408234375 0.125 0.75644444375 0.125 0.754617559375 0.31771875 0.7473107640625 0.312238590625
3 0.8283531749999999 0.255671875 0.81736334375 0.2754779265625 0.8148271328125001 0.2805500984375 0.8081847718749999 0.29600868125 0.7964702375 0.3425047125 0.7935716765625 0.354581596875 0.7862048609375 0.382720734375 0.78137425625 0.40276835312500003 0.782944196875 0.4045798609375 0.7868087796875 0.385256696875 0.7933303578124999 0.35989533749999997 0.8061316968750001 0.32644246093749996 0.8104794140625 0.3189546125 0.8160347218749999 0.3156939484375 0.8214694937499999 0.2987862109375 0.8267832343749999 0.28658854218749996 0.8290778765625 0.2798256453125 0.8307686015625 0.2769270828125 0.8372901781250001 0.266299603125 0.8889791671875 0.1822442953125 0.8909114578124999 0.1791044140625 0.8910322421875 0.17584375000000002 0.89018675625 0.1735491078125 0.887046875 0.1722204859375 0.883303075 0.1717375984375 0.8800421625 0.17318675625 0.8772646328124999 0.1776552578125 0.8752115578125 0.1798291171875 0.8452609125 0.2294650296875 0.8283531749999999 0.255671875
3 0.8261775796874999 0.29321006875 0.8314811515624999 0.3025486109375 0.83816790625 0.3017415671875 0.8360927578125 0.29701463281249996 0.8398973218749999 0.297360615625 0.8427795140625 0.294478175 0.8398973218749999 0.28433258906250003 0.8370151296874999 0.2831798109375 0.8312504953125 0.281450396875 0.8287140375 0.282487846875 0.8242177578125001 0.2924030265625 0.8261775796874999 0.29321006875
3 0.84673834375 0.15932266875 0.8574017859374999 0.1609888390625 0.8673985609375 0.1649875984375 0.8717306546874999 0.1723187 0.879728175 0.17165228125 0.8887254468749999 0.1713189484375 0.8930572921875 0.1756510421875 0.8950567953125 0.1829821421875 0.9013881453125 0.1859811515625 0.9143841765625 0.194978421875 0.9207155265625 0.196977678125 0.9283797125 0.19831076406249998 0.9433752484375001 0.20664136875 0.9457078375 0.21097346250000001 0.9533720234375 0.21097346250000001 0.9713665671875 0.219970734375 0.98136334375 0.2256356640625 0.999751984375 0.2332998515625 0.99869146875 0.125 0.84540550625 0.125 0.8397405750000001 0.15432415625 0.84673834375 0.15932266875