1 0.127976190625 0.8449900796875 0.127976190625 0.8573908734375 0.1289682546875 0.8608630953124999 0.1351686515625 0.86259920625 0.137648809375 0.8613591265625 0.14087301562500001 0.8633432546875 0.1644345234375 0.8643353171875001 0.21130952343749998 0.865079365625 0.2145337296875 0.8635912703124999 0.21701388906250002 0.8648313484375001 0.22048611093749998 0.8640873015625001 0.23611111093749998 0.8648313484375001 0.237847221875 0.8638392859374999 0.240575396875 0.8640873015625001 0.2423115078125 0.860119046875 0.25 0.8581349203125 0.255704365625 0.858630953125 0.2581845234375 0.860119046875 0.2609126984375 0.8578869046875001 0.2638888890625 0.859375 0.26512896874999997 0.8578869046875001 0.275049603125 0.856894840625 0.2757936515625 0.8576388890625 0.2770337296875 0.8541666671874999 0.2800099203125 0.8524305562500001 0.287450396875 0.8521825390625001 0.2894345234375 0.846478175 0.3020833328125 0.841021825 0.309771825 0.8350694437499999 0.31299603125000003 0.8271329359375 0.3204365078125 0.818204365625 0.32142857187499996 0.81572420625 0.32366071406249997 0.81299603125 0.328373015625 0.8102678578125 0.328869046875 0.8075396828124999 0.33159722187499996 0.80282738125 0.3330853171875 0.796130953125 0.33258928593750003 0.7517361109375 0.33407738125 0.744295634375 0.33407738125 0.7361111109375 0.33258928593750003 0.7326388890625 0.3335813484375 0.728670634375 0.33258928593750003 0.7170138890625 0.333829365625 0.7080853171875 0.3320932546875 0.700396825 0.3335813484375 0.6946924609375 0.333829365625 0.6584821421875 0.3328373015625 0.65029761875 0.33407738125 0.6470734125 0.3358134921875 0.6049107140625 0.3360615078125 0.5424107140625 0.3382936515625 0.46279761875 0.33779761875 0.44742063437499996 0.3387896828125 0.43551587343750003 0.3382936515625 0.4233630953125 0.3365575390625 0.418898809375 0.3365575390625 0.40699404687499996 0.3390376984375 0.3891369046875 0.3385416671875 0.3668154765625 0.3397817453125 0.35491071406249997 0.341021825 0.27455357187499996 0.34275793593750004 0.252728175 0.3454861109375 0.247023809375 0.3459821421875 0.2306547625 0.3449900796875 0.22718253906250002 0.341269840625 0.12822420625 0.3387896828125 0.106646825 0.334325396875 0.09250992031250001 0.32490079375 0.0830853171875 0.3226686515625 0.077876984375 0.318204365625 0.074652778125 0.3112599203125 0.06646825468749999 0.30803571406249997 0.0639880953125 0.28447420625 0.05729166718749999 0.281994046875 0.059771825 0.278521825 0.058283729687499994 0.2762896828125 0.060019840625 0.27256944375000003 0.0587797625 0.2693452375 0.0607638890625 0.2636408734375 0.0607638890625 0.2614087296875 0.058283729687499994 0.2549603171875 0.0587797625 0.24032738125000003 0.062748015625 0.23189484062500001 0.06845238125 0.2234623015625 0.07911706406249999 0.2199900796875 0.08556547656249999 0.20833333281250002 0.12524801562500001 0.20560515937499999 0.13888888906250002 0.20262896874999997 0.14657738125 0.1976686515625 0.1671626984375 0.1934709765625 0.1771904765625 0.2022172625 0.16408655781249998 0.2219811515625 0.1544345234375 0.246801090625 0.1502978671875 0.2707016375 0.1535151296875 0.29690029687499997 0.1631674109375 0.3230989578125 0.17833506875 0.344241815625 0.2146455859375 0.34194369999999996 0.23119196406250003 0.32631646875000003 0.19947792656250002 0.301496528125 0.1810927578125 0.270241815625 0.1673040671875 0.2366892359375 0.163626984375 0.2118692953125 0.17465798593749998 0.1980806046875 0.187987103125 0.191186259375 0.20499330312500003 0.18796875 0.2201609625 0.1810515875 0.222222221875 0.1800595234375 0.2279265875 0.178075396875 0.2321428578125 0.17881944375 0.23487103125000003 0.1604662703125 0.3023313484375 0.1582341265625 0.3075396828125 0.1574900796875 0.3167162703125 0.1547619046875 0.3244047625 0.15575396875 0.3303571421875 0.153273809375 0.338955109375 0.1458333328125 0.35342261875 0.1269841265625 0.4392361109375 0.1269841265625 0.44890872968749995 0.125 0.4516369046875 0.125 0.730902778125 0.1289682546875 0.821924603125 0.127976190625 0.8449900796875
1 0.36607142812500004 0.6232638890625 0.37053571406249997 0.6269841265625 0.37177579375 0.6304563484375 0.3841765875 0.64657738125 0.387896825 0.6485615078125 0.39012896874999997 0.6515376984375 0.3928571421875 0.6515376984375 0.39384920625 0.6540178578125 0.40625 0.6552579359374999 0.41493055625 0.658978175 0.419394840625 0.66592261875 0.428075396875 0.67137896875 0.43179563437499996 0.6703869046875 0.44097222187499996 0.6736111109375 0.4484126984375 0.677579365625 0.459325396875 0.6788194437499999 0.4677579359375 0.681795634375 0.47296627031250005 0.6800595234375 0.47470238125 0.6808035718750001 0.47867063437499996 0.6803075390625 0.48363095312500004 0.6827876984375 0.4893353171875 0.6835317453124999 0.5081845234375 0.6835317453124999 0.527777778125 0.6788194437499999 0.550347221875 0.6698908734375 0.5669642859375 0.6572420640625001 0.5726686515625 0.6542658734375 0.581101190625 0.644097221875 0.5863095234375 0.631200396875 0.587549603125 0.6240079359374999 0.5952380953125 0.4632936515625 0.5977182546875001 0.439980159375 0.599950396875 0.40029761875 0.5992063484375 0.391369046875 0.5947420640625001 0.388144840625 0.593998015625 0.38467261875 0.5818452375 0.37450396874999997 0.574652778125 0.3712797625 0.5729166671875 0.36904761875 0.5716765875 0.36904761875 0.562251984375 0.3616071421875 0.549851190625 0.3581349203125 0.5458829359374999 0.356398809375 0.5424107140625 0.35342261875 0.51612103125 0.346478175 0.49553571406249997 0.346478175 0.4925595234375 0.3452380953125 0.49007936562500004 0.346478175 0.48040674531249994 0.3459821421875 0.4766865078125 0.3477182546875 0.466269840625 0.349454365625 0.4543650796875 0.35342261875 0.45262896875 0.356894840625 0.4451884921875 0.358630953125 0.4300595234375 0.3697916671875 0.424851190625 0.3814484125 0.41790674531249994 0.4045138890625 0.41592261875 0.4072420640625 0.41046627031250005 0.4265873015625 0.359375 0.5798611109375 0.35887896874999997 0.5927579359374999 0.359623015625 0.603174603125 0.362103175 0.6145833328125 0.36607142812500004 0.6232638890625
1 0.3112599203125 0.865079365625 0.31200396874999997 0.8616071421875 0.3164682546875 0.8635912703124999 0.3167162703125 0.865079365625 0.31919642812500004 0.865079365625 0.3177083328125 0.862351190625 0.31944444375000003 0.8606150796875 0.3323412703125 0.859623015625 0.33482142812500004 0.8603670640625 0.3355654765625 0.865079365625 0.3387896828125 0.8680555562500001 0.3420138890625 0.8695436515624999 0.3521825390625 0.8707837296875001 0.3573908734375 0.872519840625 0.3859126984375 0.8707837296875001 0.40823412656249997 0.87177579375 0.4201388890625 0.86532738125 0.419146825 0.8603670640625 0.42055233125 0.8564813984375 0.4231150796875 0.85342261875 0.4233630953125 0.8492063484375001 0.42237103125 0.846230159375 0.42534722187499996 0.838045634375 0.4322916671875 0.778521825 0.4320436515625 0.771825396875 0.434523809375 0.7666170640625001 0.43427579375 0.759920634375 0.4365079359375 0.7522321421875 0.4365079359375 0.74404761875 0.4384920640625 0.7385912703125 0.4384920640625 0.731398809375 0.439980159375 0.728670634375 0.440228175 0.7199900796875001 0.4422123015625 0.71279761875 0.4449404765625 0.687748015625 0.44469246093750003 0.6820436515625 0.43973214218749995 0.6763392859375 0.4310515875 0.6758432546875001 0.424603175 0.671875 0.419394840625 0.6703869046875 0.4171626984375 0.6674107140625 0.4136904765625 0.666170634375 0.4109623015625 0.661954365625 0.4074900796875 0.662450396875 0.4050099203125 0.659226190625 0.4012896828125 0.6584821421875 0.3988095234375 0.656498015625 0.3955853171875 0.656498015625 0.3854166671875 0.65302579375 0.38368055624999997 0.6510416671875 0.3814484125 0.644097221875 0.3767361109375 0.64012896875 0.3730158734375 0.634424603125 0.365575396875 0.6262400796875001 0.3606150796875 0.6158234125 0.358630953125 0.605902778125 0.3571428578125 0.5895337296875 0.3665674609375 0.5491071421875 0.3695436515625 0.5446428578125 0.3702876984375 0.5399305562500001 0.37549603125000003 0.5290178578125 0.377728175 0.5200892859375 0.38095238125 0.5133928578125 0.3831845234375 0.5037202375 0.3856646828125 0.4982638890625 0.3859126984375 0.49404761875 0.3886408734375 0.49007936562500004 0.38963293593750004 0.484375 0.3960813484375 0.46676587343750003 0.39657738125 0.462549603125 0.3990575390625 0.45882936562500004 0.40228174531249994 0.446924603125 0.4047619046875 0.44345238125 0.40550595312500004 0.4310515875 0.4077380953125 0.42881944375 0.409226190625 0.42237103125 0.4109623015625 0.419394840625 0.4126984125 0.40848214218749995 0.4166666671875 0.40401785781250005 0.41741071406249997 0.3921130953125 0.4164186515625 0.390873015625 0.41344246093750003 0.3921130953125 0.4109623015625 0.3960813484375 0.4077380953125 0.3953373015625 0.40625 0.4052579359375 0.40228174531249994 0.40699404687499996 0.39508928593750003 0.4079861109375 0.393105159375 0.41344246093750003 0.389880953125 0.41592261875 0.3888888890625 0.41815476250000005 0.38368055624999997 0.4236111109375 0.3821924609375 0.4283234125 0.372519840625 0.431299603125 0.3707837296875 0.437748015625 0.3658234125 0.4392361109375 0.36383928593750003 0.43824404687499996 0.36036706406249996 0.4389880953125 0.3484623015625 0.43799603125 0.346478175 0.43675595312500004 0.3459821421875 0.435019840625 0.343005953125 0.434771825 0.340773809375 0.43948412656249997 0.338045634375 0.528521825 0.3390376984375 0.5577876984375 0.33705357187499996 0.5711805562500001 0.3363095234375 0.646825396875 0.3353174609375 0.6525297625 0.33506944375000003 0.6770833328125 0.33407738125 0.681299603125 0.33506944375000003 0.6884920640625001 0.3345734125 0.7021329359374999 0.3355654765625 0.7083333328125 0.334325396875 0.7145337296875 0.3353174609375 0.724950396875 0.334325396875 0.728174603125 0.33482142812500004 0.7425595234375 0.3333333328125 0.765873015625 0.33407738125 0.796875 0.3330853171875 0.8023313484375001 0.3298611109375 0.806795634375 0.328125 0.812748015625 0.325396825 0.8164682546875 0.3226686515625 0.8174603171875001 0.311755953125 0.8353174609374999 0.30803571406249997 0.83779761875 0.306795634375 0.8415178578125 0.3040674609375 0.84375 0.297123015625 0.8457341265625 0.294146825 0.8501984125 0.28993055624999997 0.85342261875 0.2894345234375 0.8613591265625 0.29365079375 0.8663194437499999 0.30803571406249997 0.8668154765624999 0.3112599203125 0.865079365625
1 0.43377976250000005 0.858630953125 0.4360119046875 0.8571428578125 0.44171627031250005 0.861855159375 0.453125 0.8581349203125 0.4543650796875 0.856398809375 0.45758928593750003 0.8576388890625 0.46676587343750003 0.8571428578125 0.468998015625 0.858630953125 0.47271825468750006 0.85615079375 0.474950396875 0.8576388890625 0.47743055625 0.85615079375 0.484126984375 0.8551587296875001 0.49280753906249997 0.85615079375 0.5052083328125 0.8541666671874999 0.509920634375 0.8521825390625001 0.5136408734375 0.846726190625 0.5223214281249999 0.8420138890625 0.53125 0.8333333328125001 0.5394345234375 0.8216765875 0.5426587296875 0.811755953125 0.5424107140625 0.76612103125 0.54092261875 0.731894840625 0.541170634375 0.7048611109375 0.5391865078125 0.6964285718750001 0.5352182546875001 0.6954365078125 0.516369046875 0.6865079359374999 0.5037202375 0.6862599203124999 0.4635416671875 0.6825396828125 0.44990079375 0.6798115078125 0.4424603171875 0.68154761875 0.4429563484375 0.6855158734375 0.44444444375 0.688244046875 0.44345238125 0.7013888890625 0.44171627031250005 0.7046130953125 0.44171627031250005 0.7147817453124999 0.4270833328125 0.8142361109375 0.4236111109375 0.8454861109375 0.424355159375 0.85887896875 0.428075396875 0.85987103125 0.43377976250000005 0.858630953125
1 0.7175496031249999 0.29321403749999997 0.7395865578125 0.2974990078125 0.7511656984374999 0.3153501515625 0.6893913687500001 0.2038420140625 0.7077554562499999 0.1977204859375 0.734689484375 0.258322171875 0.7659084828125 0.3060689484375 0.7497361109375 0.23910317499999997 0.7467599203125 0.223230159375 0.7457678578125 0.20834920625 0.7400634921875 0.1842916671875 0.7358472218750001 0.176355159375 0.7341111109375 0.1629623015625 0.7281587296875001 0.1490734125 0.7244384921875 0.1463452375 0.722454365625 0.139648809375 0.713773809375 0.1346884921875 0.710549603125 0.1307202375 0.698148809375 0.127 0.6812837296875001 0.1257599203125 0.67582738125 0.126751984375 0.6664027781249999 0.126751984375 0.6557380953124999 0.1289841265625 0.6530099203125 0.1309682546875 0.6490416671875 0.1319603171875 0.6468095234375 0.136424603125 0.6371369046875001 0.139648809375 0.6349047624999999 0.1441130953125 0.6314325390625 0.14584920625 0.629696428125 0.1480813484375 0.6284563484375 0.15229761875 0.625728175 0.152545634375 0.623744046875 0.154777778125 0.6192797624999999 0.16445039687500002 0.61704761875 0.20462896874999997 0.6165515874999999 0.2341428578125 0.6180396828125 0.31896428593750004 0.6192797624999999 0.327148809375 0.6190317453125 0.33706944375000003 0.6373596234375001 0.3146388890625 0.671027034375 0.2950505953125 0.7175496031249999 0.29321403749999997
1 0.6150634921875 0.398825396875 0.6150634921875 0.4032896828125 0.61704761875 0.40957266875 0.6153115078125 0.44098809531249994 0.6150634921875 0.4970396828125 0.6155595234375 0.536226190625 0.616799603125 0.555075396875 0.616303571875 0.5905416671875 0.61704761875 0.595998015625 0.6180396828125 0.7378630953124999 0.6175436515625 0.84525396875 0.6185357140625001 0.8636071421875 0.6197757937499999 0.8650952375 0.710549603125 0.86459920625 0.7257140375 0.8626150796875001 0.7358472218750001 0.8623670640625001 0.747751984375 0.8636071421875 0.7512242062500001 0.8631111109375 0.7534563484375 0.861623015625 0.757424603125 0.8633591265625 0.7613928578125 0.861375 0.810251984375 0.8603829359375 0.8246369046875 0.851454365625 0.8291011906250001 0.851950396875 0.8365416671875 0.8554226187499999 0.8395178578125 0.8541825390625 0.8402619046875 0.8559186515625001 0.8434861109374999 0.8569107140625001 0.851174603125 0.8559186515625001 0.854894840625 0.8569107140625001 0.8596071421874999 0.8559186515625001 0.8618392859374999 0.85443055625 0.870271825 0.8529424609375 0.8717599203124999 0.85170238125 0.87250396875 0.84897420625 0.8707678578125 0.8288849203125 0.869527778125 0.8256607140625001 0.8675436515625 0.8115238093749999 0.8638234125 0.801603175 0.8610952375 0.785978175 0.8613432546875 0.7817619046875001 0.8586150796875 0.770353175 0.858119046875 0.7621686515625 0.854398809375 0.751751984375 0.854894840625 0.7465436515625 0.851670634375 0.7383591265625 0.85142261875 0.730174603125 0.8496865078125 0.723726190625 0.8462142859374999 0.6996686515625 0.8437341265624999 0.6932202375000001 0.842494046875 0.6840436515625 0.8402619046875 0.676355159375 0.8397658734375 0.668170634375 0.8353015875 0.65229761875 0.8340615078125 0.640144840625 0.8318293656250001 0.6334484125000001 0.8248849203124999 0.598478175 0.820420634375 0.5709484125000001 0.8152123015624999 0.5501150796875 0.8144682546875 0.5387063484375 0.8159563484374999 0.5344900796875 0.7879454359375 0.43645436562500006 0.7616235125 0.33422743125 0.75374076875 0.31999838125 0.727955853125 0.31280257968749997 0.69979761875 0.30790550625 0.6661299609375 0.31831175625 0.6342988593750001 0.3330029765625 0.6180396828125 0.3593908734375 0.616799603125 0.38568055625 0.6150634921875 0.398825396875
1 0.580605159375 0.86532738125 0.5835813484375 0.8695436515624999 0.5873015875 0.8700396828124999 0.5892857140625 0.8700396828124999 0.59375 0.8670634921874999 0.61532738125 0.8663194437499999 0.6168154765625 0.865079365625 0.6160714281249999 0.858630953125 0.6175595234375 0.849454365625 0.61532738125 0.6698908734375 0.612847221875 0.66865079375 0.6103670640625001 0.67237103125 0.6076388890625 0.6736111109375 0.6083829359374999 0.677579365625 0.6039186515625 0.6827876984375 0.5984623015625 0.684027778125 0.5892857140625 0.6832837296875 0.58779761875 0.6857638890625 0.5858134921875 0.6865079359374999 0.577380953125 0.6862599203124999 0.571924603125 0.6889880953125 0.568700396875 0.6887400796875001 0.56572420625 0.690476190625 0.559523809375 0.690972221875 0.55654761875 0.693204365625 0.5540674609375 0.6922123015625 0.5523313484375 0.6941964281249999 0.5540674609375 0.7207341265625 0.5582837296875 0.7519841265625 0.575396825 0.8459821421875 0.580605159375 0.86532738125
1 0.612847221875 0.6011904765625 0.6143353171875 0.596230159375 0.6148313484375 0.583829365625 0.6130952375 0.4112103171875 0.61259920625 0.40699404687499996 0.6078869046875 0.40426587343750003 0.6083829359374999 0.40029761875 0.6044146828125 0.39930555624999997 0.6024305562500001 0.40029761875 0.6009424609375 0.403521825 0.5927579359374999 0.5240575390625 0.590773809375 0.57490079375 0.59052579375 0.5927579359374999 0.591269840625 0.59424603125 0.6054067453124999 0.5977182546875001 0.612847221875 0.6011904765625
1 0.4856150796875 0.2304067453125 0.5104166671875 0.2296626984375 0.521329365625 0.23189484062500001 0.5272817453124999 0.234126984375 0.536954365625 0.23511904687500002 0.5515873015625 0.240575396875 0.56299603125 0.2462797625 0.565972221875 0.249751984375 0.577380953125 0.2584325390625 0.5796130953125 0.25595238125 0.582879215625 0.22771527812499998 0.5926733625 0.2234303078125 0.5915178578125 0.2477678578125 0.591021825 0.2579365078125 0.5920138890625 0.262648809375 0.591269840625 0.271329365625 0.6006944437499999 0.290674603125 0.599950396875 0.2948908734375 0.6009424609375 0.297619046875 0.60342261875 0.297123015625 0.6054067453124999 0.2953869046875 0.6071428578125 0.286954365625 0.609623015625 0.2554563484375 0.6113591265625 0.20386904687500002 0.609623015625 0.18154761875 0.6078869046875 0.1770833328125 0.6078869046875 0.16939484062500001 0.60615079375 0.162450396875 0.603670634375 0.1369047625 0.60342261875 0.124255953125 0.6049107140625 0.106646825 0.60342261875 0.10069444375 0.5977182546875001 0.09474206406249999 0.593501984375 0.09201388906249999 0.590773809375 0.087549603125 0.575148809375 0.0825892859375 0.5605158734375 0.080853175 0.549603175 0.08134920625 0.5364583328125 0.084325396875 0.53075396875 0.0865575390625 0.5248015875 0.093005953125 0.5178571421875 0.10292658750000001 0.5081845234375 0.1230158734375 0.5022321421875 0.1418650796875 0.48635912656249997 0.18501984062500001 0.48115079375 0.20114087343749998 0.4794146828125 0.21031746093749998 0.4769345234375 0.22842261874999997 0.4779265875 0.2304067453125 0.48090277812500004 0.23189484062500001 0.4856150796875 0.2304067453125
1 0.40575396875 0.2398313484375 0.4047619046875 0.2517361109375 0.396329365625 0.28224206406249996 0.3943452375 0.2859623015625 0.3928571421875 0.294146825 0.393105159375 0.29588293593750004 0.3960813484375 0.296626984375 0.3988095234375 0.29588293593750004 0.40252976250000005 0.2926587296875 0.408730159375 0.281498015625 0.422123015625 0.2693452375 0.43055555625 0.25892857187499996 0.43824404687499996 0.2522321421875 0.4734623015625 0.2321428578125 0.4751984125 0.22842261874999997 0.4766865078125 0.21205357187499999 0.475446428125 0.2085813484375 0.4675099203125 0.20114087343749998 0.46304563437499996 0.1994047625 0.455853175 0.1991567453125 0.4484126984375 0.1954365078125 0.44320436562500004 0.1956845234375 0.440476190625 0.1994047625 0.437748015625 0.19990079375 0.43154761875 0.1979166671875 0.42509920625 0.19866071406250002 0.42237103125 0.196428571875 0.4203869046875 0.196428571875 0.415674603125 0.19866071406250002 0.4072420640625 0.20064484062500001 0.403769840625 0.20262896874999997 0.39508928593750003 0.2150297625 0.393353175 0.221726190625 0.3869047625 0.22941468281250002 0.3866567453125 0.23239087343749998 0.396329365625 0.23239087343749998 0.40277777812500004 0.234126984375 0.40575396875 0.2398313484375
1 0.6106150796875001 0.11160714218750001 0.6143353171875 0.1289682546875 0.615079365625 0.1428571421875 0.6185515875 0.1520337296875 0.62177579375 0.1522817453125 0.6227678578125 0.1515376984375 0.637896825 0.1366567453125 0.6416170640625001 0.1341765875 0.653521825 0.1297123015625 0.6674107140625 0.12599206406250002 0.6788194437499999 0.125 0.6917162703125 0.12524801562500001 0.7043650796875001 0.127976190625 0.709325396875 0.131200396875 0.715277778125 0.1324404765625 0.7175099203124999 0.12251984062500001 0.71825396875 0.1078869046875 0.715773809375 0.09275793593750001 0.70907738125 0.07986111093750001 0.7018849203124999 0.071428571875 0.693700396875 0.06423611093750001 0.6875 0.061755953125 0.6860119046875 0.060267857812500006 0.674355159375 0.05456349218749999 0.671130953125 0.05481150781250001 0.66592261875 0.05208333281250001 0.6426091265625 0.056299603125 0.634920634375 0.062251984375 0.6272321421875 0.0639880953125 0.6248345734375 0.06737772812500001 0.6185515875 0.07217261875 0.6180555562500001 0.0758928578125 0.61259920625 0.0803571421875 0.6135912703125 0.096478175 0.612351190625 0.10069444375 0.6103670640625001 0.10342261875 0.6106150796875001 0.11160714218750001
1 0.38575868125 0.22134920624999999 0.409404265625 0.1990173609375 0.45866592187500005 0.1977036203125 0.43042261875000004 0.1609216265625 0.3949541171875 0.1261098703125 0.3456924609375 0.1116599703125 0.3483196921875 0.2443380453125 0.3811609625 0.229887896875 0.38575868125 0.22134920624999999