1 0.5981391375 0.5257730656249999 0.5907817453125 0.5484114578125 0.6026669140625 0.549543403125 0.65020709375 0.563126240625 0.6649221234375 0.576143353125 0.6451135906250001 0.6468876484375 0.655866815625 0.6689600687499999 0.67680704375 0.67971329375 0.70340699375 0.6904662703125 0.728309028125 0.6995215781249999 0.7611346718750001 0.70687896875 0.7803769843749999 0.70631324375 0.79678993125 0.6966919640625 0.8018834328125 0.6666961812500001 0.8132026296875001 0.64236011875 0.8143345734375 0.6259474203125001 0.8471599703124999 0.41597767812499997 0.8409342765625001 0.4035265375 0.8205600203125 0.3910756453125 0.7877346234375 0.37805853125 0.7526453375 0.38315228125 0.7317048609375 0.38767981093750004 0.7254794140625 0.40126289687499994 0.7181220234375 0.41767559531250004 0.7113303578125 0.4391817953125 0.70340699375 0.446539434375 0.6394541171875 0.42050545625 0.6270029765625 0.4363521828125 0.61115625 0.4901178078125 0.5981391375 0.5257730656249999
1 0.8292562 0.35688368125 0.818917659375 0.3481994046875 0.808165675 0.3448911203125 0.778804315625 0.34447767812499996 0.7643306046875 0.352334821875 0.754819196875 0.36143278749999996 0.7448943453125 0.3800419140625 0.7688794640625 0.37797420625 0.7796314484375 0.37301165625 0.7903834328125 0.3676356640625 0.8044437 0.365981646875 0.815195684375 0.3771470734375 0.8185042156250001 0.3883127484375 0.832564484375 0.3953427578125 0.8346321921875001 0.39162103125000003 0.83215079375 0.36928993125 0.8292562 0.35688368125
1 0.7920376984375 0.330830853125 0.7945188484375 0.3395151296875 0.8185042156250001 0.3362068453125 0.855309028125 0.3349662703125 0.874751984375 0.3366202875 0.8697829859375 0.297334325 0.8730912703125 0.268386409375 0.8693692953125 0.260529265625 0.7920376984375 0.2778978171875 0.7920376984375 0.2985749015625 0.796173115625 0.312221478125 0.7920376984375 0.3225600203125 0.7920376984375 0.330830853125
1 0.8558759921875 0.531966765625 0.8373727671875001 0.53844295625 0.8128561515625 0.6522375984375001 0.8244206343749999 0.667965278125 0.847087053125 0.6739786703124999 0.8669779265625 0.6712033734375 0.8743792156250001 0.6628767359375 0.874751984375 0.6425233140625 0.874751984375 0.6064419640625001 0.8739166671874999 0.560646578125 0.874751984375 0.5453814484375 0.874751984375 0.5393680562500001 0.8558759921875 0.531966765625
1 0.7985161203125 0.7035838296875 0.7832509921875 0.71052256875 0.7670607640625 0.71052256875 0.7379181546875 0.7072844734375 0.729129215625 0.7188489578125 0.7374556046875 0.7470662203125 0.757809028125 0.768344990625 0.7777001484375 0.7803720234375 0.8063799609375 0.7868482140624999 0.8216450890625 0.778521825 0.829508928125 0.7646443453125 0.8586515374999999 0.727175346875 0.868365575 0.7419779265625001 0.874751984375 0.7461411203125 0.874751984375 0.716998759375 0.869753471875 0.6910942453125 0.852175346875 0.6850806046875 0.8318219250000001 0.6670399312499999 0.8142438000000001 0.6624141859375 0.8068425093749999 0.6702780265625 0.802679315625 0.6906316968749999 0.7985161203125 0.7035838296875
1 0.80869295625 0.867799603125 0.8322844734375 0.9066562499999999 0.8336721234375 0.9709548609375 0.8419987593749999 0.9774310515625 0.874751984375 0.9728053078125001 0.874751984375 0.912669890625 0.874751984375 0.8335687 0.8665153765625 0.8386572421875 0.8544883437499999 0.8418950890625 0.8373727671875001 0.835881696875 0.825808284375 0.8266299609375001 0.82673363125 0.822004215625 0.8396857640625001 0.812290178125 0.870216021875 0.8136778281250001 0.874751984375 0.7780592765625001 0.86327728125 0.772045634375 0.8489372515625 0.7711205359375 0.7966659218750001 0.789623759375 0.797591021875 0.8067390874999999 0.8049923109374999 0.8613236609375001 0.80869295625 0.867799603125
1 0.485241071875 0.86855381875 0.47793874062499997 0.8750446421875001 0.451975446875 0.8795071921875 0.4483244046875 0.8908660718749999 0.46374007968750003 0.9265657234375 0.468608134375 0.9391416171875001 0.47834449375 0.94482118125 0.48077852187500003 0.9561800593750001 0.48929761875000005 0.9626708828125 0.5099873515625 0.9642936515624999 0.5156666671875 0.963887896875 0.5237802578124999 0.9582085812500001 0.538384671875 0.9492837296875001 0.5444697421875 0.9436041671875 0.55339459375 0.9285939984375 0.5529890875000001 0.9091215281249999 0.5521775796874999 0.898573909375 0.55136631875 0.8864037703125 0.5124213796875 0.841779265625 0.5006567453125 0.8405622515625 0.4933544140625 0.84421329375 0.485241071875 0.86855381875
1 0.3734846234375 0.8489588296875 0.3806974203125 0.8724005453125001 0.3951232640625 0.8839412203125001 0.40810639843749996 0.9008916171875001 0.4236140875 0.9099077375 0.435876240625 0.91279290625 0.4441708828125 0.9023340781250001 0.4495806046875 0.88754761875 0.4557115578125 0.8756463296874999 0.4719407234375 0.8752857140625 0.48780902812500004 0.866991071875 0.5000709328124999 0.807123759375 0.4939399796875 0.7963045640625 0.4888908734375 0.7862063484374999 0.4553509421875 0.77755084375 0.44777752968750006 0.7898129953125 0.434794146875 0.7952224703125 0.42577802656249997 0.794501240625 0.41531944374999996 0.7894521328125 0.404860615625 0.788730903125 0.3940411703125 0.822631696875 0.38718898749999997 0.830205109375 0.37673040625 0.8424670140625 0.3734846234375 0.8489588296875
1 0.5646892359375 0.7516510421875 0.563512153125 0.721043403125 0.5605689484374999 0.689847221875 0.5811703875 0.6816066468749999 0.5782271828125001 0.6733663187500001 0.5611577375000001 0.6674801593749999 0.542322171875 0.6739548609375 0.538790675 0.6780751484375 0.5264298109375 0.675720734375 0.5234868546875 0.6863154765624999 0.508771578125 0.689847221875 0.485815971875 0.6974990078125 0.4964109625 0.698087796875 0.5017083328124999 0.69926488125 0.5046515375 0.7057395828125 0.509948909375 0.75400545625 0.5234868546875 0.7563598703125 0.5482083328125 0.7545939984375 0.5646892359375 0.7516510421875
1 0.3781009421875 0.7145687 0.3934047625 0.7222204859375 0.3934047625 0.7263407734375 0.398113590625 0.736347221875 0.40282242031250004 0.7516510421875 0.41400595312500005 0.7475307546875001 0.41459449375 0.736347221875 0.4175376984375 0.7257522328125 0.42283506875 0.7151572421875 0.42872122968750004 0.698087796875 0.4381388890625 0.6804295640625 0.42283506875 0.682783978125 0.4034109625 0.6851383921875 0.38163268906250003 0.685726934375 0.36103125 0.6768978171875 0.3639744546875 0.6916130953125 0.369271825 0.7004422124999999 0.3781009421875 0.7145687
1 0.43048685468750003 0.6568851687499999 0.437550346875 0.6674801593749999 0.44461359062500005 0.6763092765625001 0.44520213281250004 0.6792522328125 0.41871478125 0.7475307546875001 0.415183284375 0.7545939984375 0.40694270781249997 0.7575369546874999 0.40929712343749997 0.7728407734375 0.4098856640625 0.7787269343750001 0.4163603671875 0.7893216765625 0.43107564531250003 0.79226488125 0.447556546875 0.7875560515625 0.45520833281249995 0.7710749015625 0.45815153750000004 0.7569484125 0.4811071421875 0.6922016375 0.514069196875 0.6904357640625001 0.5276071421874999 0.6816066468749999 0.5340818453125 0.674543403125 0.5464424609375 0.6710119046874999 0.5576259921875 0.6610054562500001 0.6094233625000001 0.6733663187500001 0.628258928125 0.677486359375 0.6353221718750001 0.6839610609375 0.65298040625 0.685726934375 0.6665183531250001 0.682783978125 0.6647524796875001 0.674543403125 0.65298040625 0.6580625 0.6429739578125 0.6480560515625 0.632379215625 0.6562966265625 0.6141321921875 0.6551195437499999 0.577638640625 0.64275868125 0.566455109375 0.632163690625 0.5588033234374999 0.6162713296875 0.558214534375 0.6027333828125 0.54173363125 0.595081596875 0.5311386406249999 0.57448040625 0.55586011875 0.5120880453125001 0.5629236109375 0.4903095234375 0.5723412703124999 0.48560069375000003 0.5752842265625 0.4738286203125 0.5699868546875 0.4573474703125 0.539379215625 0.4449868546875 0.5223095234375 0.46264508906249996 0.519955109375 0.4750057046875 0.5152462796874999 0.49266393906249994 0.507005953125 0.5203283734374999 0.49346800625 0.5597651296875 0.4905248015625 0.5656512890625 0.48405009843749996 0.56623983125 0.45344270781249996 0.572714534375 0.4499109625 0.57448040625 0.42872122968750004 0.62686631875 0.43048685468750003 0.6568851687499999
1 0.4781641859375 0.4897209828125 0.4381388890625 0.50973363125 0.433430059375 0.5138536703125001 0.4328412703125 0.5256259921875001 0.44108184531249994 0.5515245531249999 0.4487338796875 0.5674169140624999 0.45403125 0.573303075 0.4811071421875 0.5680057046875 0.494056546875 0.5556448406250001 0.5081830359375 0.5173854171875 0.5111259921875 0.50561334375 0.5040627484375 0.4897209828125 0.49817683593749995 0.4861892359375 0.48522743124999995 0.4885436515625 0.4781641859375 0.4897209828125
1 0.563512153125 0.49325247968749997 0.556448909375 0.51973983125 0.559391865625 0.5179739578125 0.585290675 0.507379215625 0.585290675 0.49678422656250004 0.5899995046875001 0.46853100156250005 0.5752842265625 0.456758928125 0.5782271828125001 0.46735391875000004 0.5723412703124999 0.48148040625000005 0.563512153125 0.49325247968749997
1 0.57353993125 0.36264930624999997 0.5894454359375 0.3709997515625 0.5981937 0.3797477671875 0.6037606640625001 0.3797477671875 0.6256309531250001 0.3853147328125 0.6411388890625 0.38133829375 0.6387529765625 0.39923214218749997 0.6379578375 0.41712624062500003 0.6542611609375 0.4254766859375 0.687662946875 0.436610615625 0.7059546125 0.438996528125 0.7087380953125 0.43144122031250004 0.7043638390625 0.42269320468749993 0.698796875 0.4191143359375 0.6980017359375 0.3940629953125 0.7059546125 0.3745783734375 0.712316715625 0.3455505953125 0.7055567953125 0.3240778765625 0.6995922625000001 0.3149322921875 0.692832340625 0.310558284375 0.6793125 0.307376984375 0.666985615625 0.3018100203125 0.6180756453125 0.2731798109375 0.6156897328125 0.27675868124999997 0.6117135421875 0.27675868124999997 0.5922289187499999 0.27954216249999997 0.5795044640625 0.2910736609375 0.5878549109375 0.289085565625 0.6025677078125 0.29783358125000003 0.6144970234375 0.3037983625 0.6168826890625 0.3177157734375 0.6133040671875001 0.335212053125 0.5922289187499999 0.3459481640625 0.5699610609375 0.3407790171875 0.5600200890625 0.329247271875 0.562803571875 0.338790675 0.567972965625 0.349924603125 0.57353993125 0.36264930624999997
1 0.43244766874999996 0.5313110125 0.42726413750000003 0.519648065625 0.41884102187499994 0.5102529765625 0.41462921562500005 0.4843353171875 0.4107415671875 0.46360119062500005 0.4117135421875 0.44221924531249995 0.40653000937500006 0.41954141875 0.3971349203125 0.41209002968749997 0.37931646875 0.41047023749999995 0.3640900296875 0.410794146875 0.352103175 0.4156537703125 0.3446517859375 0.4192172625 0.3349325390625 0.4256966765625 0.33266493124999996 0.43185218281250004 0.3310451390625 0.43865550625000005 0.3303970734375 0.4486986609375 0.33266493124999996 0.45679786718750004 0.3378484625 0.4603616078125 0.353722965625 0.531959078125 0.34044022812499997 0.5400582843749999 0.3524270828125 0.5854141859374999 0.356638640625 0.592217509375 0.3605262890625 0.6051763390625 0.37640079375 0.606472221875 0.4003747515625 0.60679613125 0.4311517859375 0.5986969249999999 0.44087078437500005 0.5711594734375 0.44216666718750003 0.56111631875 0.4398990578125 0.5520451390625001 0.43244766874999996 0.5313110125
1 0.4292080859375 0.47785590312500004 0.42953199375000006 0.4853072921875 0.436011409375 0.4930825890625 0.4450825890625 0.4904908234375 0.4865505953125 0.486279265625 0.49238219218749996 0.4788278765625 0.492058284375 0.4655451390625 0.4933541671875 0.4574459328125 0.4952978671875 0.44805084375000004 0.49562177656250006 0.4376837796875 0.49432589218749995 0.41047023749999995 0.458365328125 0.4094982640625 0.4418427578125 0.41500570468750003 0.4292080859375 0.41662574374999994 0.41722098281250003 0.42472495 0.41884102187499994 0.46489707343750003 0.423700396875 0.47105257968750003 0.4292080859375 0.47785590312500004
1 0.485902778125 0.388440228125 0.5205674609375001 0.348915921875 0.5335262890625 0.3479439484375 0.5464851187499999 0.3534513890625 0.5620357140625 0.3592829859375 0.569487103125 0.3602547125 0.566247271875 0.34826785781249997 0.5393578875 0.2750505953125 0.5202435515625 0.2588521828125 0.50566493125 0.24168179531249998 0.49918551562499996 0.229370784375 0.49303000937499997 0.2196517859375 0.4917341265625 0.20377728125 0.491086309375 0.1859588296875 0.4703521828125 0.1778596234375 0.45998511875 0.176563740625 0.4454064984375 0.18109920625 0.43439161718749997 0.190818453125 0.44573040625000004 0.1998896328125 0.47132415625 0.22613120000000003 0.4765076890625 0.2400620046875 0.47391592187500003 0.2491329359375 0.4677604171875 0.2449213796875 0.45447767812500006 0.2420057046875 0.4447584328125 0.2403859125 0.42564434531249995 0.24070982187499998 0.413657490625 0.24556944375 0.40264236093749994 0.25042881875 0.391303571875 0.25982415625 0.38352827343749996 0.276670634375 0.379640625 0.29189707343750004 0.3806123515625 0.303883928125 0.38255629999999996 0.3126312 0.38709176562500003 0.32720982187500003 0.39907886875 0.3401686515625 0.40717807500000003 0.3485920140625 0.4301798109375 0.3566912203125 0.44087078437500005 0.36317063437499997 0.4535057046875 0.40690649843750004 0.496269840625 0.4033427578125 0.48849454375 0.3962155265625 0.485902778125 0.388440228125
1 0.6018266375 0.68154761875 0.5758353171875 0.7024047625 0.6043936015625 0.7765280265625 0.6069608140625 0.7903256453124999 0.6207584328125 0.8018774796875 0.6300639875 0.801235615625 0.6409739578125 0.7835873015625 0.6672859625 0.7819828875 0.6746661703125 0.7778115078125001 0.6910310015625 0.767543403125 0.689105903125 0.7636927078125 0.6791584828125 0.746365328125 0.6666443453124999 0.726470734375 0.649316715625 0.7001587296875 0.6371232640625 0.68154761875 0.6018266375 0.68154761875
5 0.3492063484375 0.1626984125 0.35887896874999997 0.1783234125 0.3665674609375 0.18675595312499998 0.3695436515625 0.18799603125 0.38169642812500004 0.18650793593749998 0.3955853171875 0.181795634375 0.40575396875 0.18154761875 0.4074900796875 0.18055555625 0.4109623015625 0.1810515875 0.4126984125 0.1800595234375 0.4144345234375 0.17534722187500001 0.41617063437499996 0.1733630953125 0.41840277812500004 0.17435515937499999 0.41765872968749995 0.18154761875 0.419394840625 0.1837797625 0.42261904687499996 0.18427579375 0.43675595312500004 0.165674603125 0.4424603171875 0.161954365625 0.4422123015625 0.15798611093749998 0.4454365078125 0.15625 0.4466765875 0.1542658734375 0.444196428125 0.1426091265625 0.4387400796875 0.127976190625 0.43824404687499996 0.12276785781249999 0.43675595312500004 0.12127976250000001 0.43427579375 0.11433531718750001 0.4201388890625 0.09375 0.41815476250000005 0.0917658734375 0.41493055625 0.09052579375 0.41046627031250005 0.08978174531250001 0.3893849203125 0.093005953125 0.3633432546875 0.10243055625 0.346230159375 0.110119046875 0.34375 0.11483134843750001 0.3425099203125 0.1197916671875 0.3420138890625 0.1314484125 0.34275793593750004 0.1426091265625 0.3457341265625 0.15451388906250002 0.3492063484375 0.1626984125
5 0.45238095312500004 0.14236111093749998 0.45262896875 0.146825396875 0.4548611109375 0.1542658734375 0.4583333328125 0.1577380953125 0.4632936515625 0.1669146828125 0.46875 0.171875 0.48065476250000005 0.177579365625 0.4895833328125 0.18055555625 0.4918154765625 0.18030753906250002 0.4925595234375 0.1800595234375 0.49429563437499996 0.17162698437499999 0.49578372968749995 0.1696428578125 0.49677579375 0.16319444375 0.5044642859375 0.1540178578125 0.506200396875 0.1498015875 0.509920634375 0.1448412703125 0.5119047625 0.1393849203125 0.519097221875 0.12673611093749998 0.5210813484375 0.12103174531250001 0.5275297625 0.1113591265625 0.527777778125 0.1078869046875 0.5302579359374999 0.103174603125 0.5334821421875 0.10391865156249999 0.5364583328125 0.10813492031250001 0.5394345234375 0.1078869046875 0.544394840625 0.106646825 0.547123015625 0.10193452343750001 0.5558035718750001 0.099454365625 0.5508432546875001 0.08829365156249999 0.5456349203124999 0.084325396875 0.5426587296875 0.07986111093750001 0.5352182546875001 0.07713293593750001 0.5332341265625 0.07217261875 0.52157738125 0.06423611093750001 0.519097221875 0.0639880953125 0.5138888890625 0.06125992031250001 0.5101686515625 0.056547618749999994 0.5037202375 0.056299603125 0.48487103125 0.06646825468749999 0.4796626984375 0.068204365625 0.466269840625 0.07986111093750001 0.4543650796875 0.09920634843750001 0.453373015625 0.10565476250000001 0.450396825 0.1145833328125 0.4481646828125 0.12599206406250002 0.4484126984375 0.1326884921875 0.44990079375 0.1383928578125 0.45238095312500004 0.14236111093749998
5 0.646329365625 0 0.643601190625 0.006200396875 0.6391369046875 0.00967261875 0.6337631453125 0.023230903125 0.6314484125 0.02529761875 0.6299603171875 0.028769840624999998 0.63095238125 0.0327380953125 0.6299603171875 0.0367063484375 0.627728175 0.0416666671875 0.624255953125 0.04365079375 0.6235119046875 0.0491071421875 0.618799603125 0.0607638890625 0.6178075390625 0.06795634843750001 0.615575396875 0.0709325390625 0.61259920625 0.08407738125 0.6106150796875001 0.08779761875 0.6103670640625001 0.0915178578125 0.611855159375 0.099454365625 0.6143353171875 0.10342261875 0.6178075390625 0.1073908734375 0.622519840625 0.109375 0.6299603171875 0.11904761875 0.6361607140625 0.12450396875 0.6445932546875001 0.12748015937499999 0.6478174609375 0.13095238125 0.6507936515625 0.1304563484375 0.65302579375 0.1326884921875 0.6607142859375 0.134424603125 0.6649305562500001 0.137648809375 0.6741071421875 0.140625 0.67782738125 0.14037698437499999 0.6857638890625 0.143601190625 0.6887400796875001 0.1418650796875 0.6919642859375 0.1421130953125 0.69990079375 0.1386408734375 0.7098214281249999 0.1304563484375 0.7254464281249999 0.10887896875 0.73115079375 0.0987103171875 0.74032738125 0.0766369046875 0.747023809375 0.052827381250000006 0.747271825 0.043402778125 0.74950396875 0.0300099203125 0.7477678578125 0.0168650796875 0.7395833328125 0.0091765875 0.7363591265625 0.00868055625 0.7326388890625 0.006200396875 0.7251984125 0.0039682546875000006 0.721726190625 0.0017361109374999999 0.721726190625 0 0.646329365625 0
5 0.6664186515625 0.30009920625 0.66865079375 0.3008432546875 0.6738591265625 0.2991071421875 0.7018849203124999 0.2991071421875 0.7197420640625001 0.3020833328125 0.7331349203124999 0.3010912703125 0.7358630953125 0.3045634921875 0.7388392859375 0.3018353171875 0.7398313484375 0.2991071421875 0.7385912703125 0.29017857187499996 0.7385912703125 0.28472222187499996 0.74032738125 0.2829861109375 0.7393353171875 0.281994046875 0.7269345234375 0.281994046875 0.7234623015625 0.2829861109375 0.7177579359374999 0.281498015625 0.7167658734375 0.2795138890625 0.7115575390625 0.25595238125 0.7110615078125 0.2485119046875 0.706597221875 0.22867063437500001 0.70634920625 0.2234623015625 0.702876984375 0.21602182499999997 0.6897321421875 0.2147817453125 0.6825396828125 0.21626984062500001 0.681795634375 0.22073412656250002 0.6827876984375 0.22569444375 0.6820436515625 0.228174603125 0.6800595234375 0.2289186515625 0.678075396875 0.23189484062500001 0.6666666671875 0.25446428593750003 0.65674603125 0.2668650796875 0.6475694437499999 0.2730654765625 0.6426091265625 0.27529761875 0.639880953125 0.2795138890625 0.6396329359374999 0.2834821421875 0.6418650796875001 0.2876984125 0.662450396875 0.3005952375 0.6664186515625 0.30009920625
5 0.6331845234375 0.1386408734375 0.6351686515625 0.14136904687500002 0.6356646828125 0.15525793593749998 0.6369047625 0.15798611093749998 0.6354166671875 0.16865079375 0.6361607140625 0.17286706406250002 0.6331845234375 0.1855158734375 0.63467261875 0.184771825 0.637896825 0.1852678578125 0.639880953125 0.18824404687500002 0.6361607140625 0.2043650796875 0.6334325390625 0.2110615078125 0.6314484125 0.21205357187499999 0.6267361109375 0.21130952343749998 0.624751984375 0.21378968281250002 0.6212797625 0.2123015875 0.61904761875 0.2199900796875 0.6158234125 0.22123015937499999 0.6140873015625 0.22395833281250002 0.6081349203124999 0.22842261874999997 0.6049107140625 0.234623015625 0.5987103171875 0.2408234125 0.5952380953125 0.24156746093749998 0.593501984375 0.2435515875 0.5927579359374999 0.2512400796875 0.590773809375 0.25347222187499996 0.5885416671875 0.2537202375 0.5863095234375 0.25099206406249996 0.584325396875 0.2517361109375 0.580853175 0.2584325390625 0.5699404765625 0.25967261875 0.5674603171875 0.2641369046875 0.5647321421875 0.2636408734375 0.5634920640625001 0.25967261875 0.562748015625 0.25967261875 0.5615079359374999 0.26463293593750004 0.5585317453124999 0.2671130953125 0.5560515875 0.2673611109375 0.55282738125 0.265376984375 0.549355159375 0.265376984375 0.5453869046875 0.2673611109375 0.54637896875 0.2695932546875 0.543402778125 0.27008928593750003 0.5394345234375 0.26661706406249996 0.5364583328125 0.2676091265625 0.5364583328125 0.27157738125 0.54365079375 0.2790178578125 0.5491071421875 0.2800099203125 0.5540674609375 0.284226190625 0.556299603125 0.2834821421875 0.559523809375 0.28819444375000003 0.568204365625 0.2921626984375 0.571924603125 0.28794642812500004 0.574652778125 0.286954365625 0.5758928578125 0.28224206406249996 0.5771329359374999 0.281498015625 0.5803571421875 0.281994046875 0.584325396875 0.2800099203125 0.5885416671875 0.2792658734375 0.5954861109375 0.275545634375 0.5992063484375 0.27529761875 0.6011904765625 0.2738095234375 0.6145833328125 0.2705853171875 0.622271825 0.271825396875 0.6331845234375 0.278521825 0.6388888890625 0.27777777812500004 0.6582341265625 0.2638888890625 0.669146825 0.2487599203125 0.67782738125 0.2299107140625 0.681795634375 0.21205357187499999 0.6827876984375 0.19196428593749998 0.6852678578125 0.177579365625 0.685019840625 0.17286706406250002 0.6800595234375 0.1669146828125 0.6423611109375 0.131696428125 0.6359126984375 0.12673611093749998 0.6302083328125 0.12475198437499999 0.6297123015625 0.12549603125 0.6292162703125 0.1272321421875 0.6302083328125 0.130704365625 0.6314484125 0.13194444375 0.6331845234375 0.1386408734375
5 0.51512896875 0.42237103125 0.51884920625 0.4236111109375 0.530505953125 0.4325396828125 0.5334821421875 0.43353174531249994 0.5352182546875001 0.437251984375 0.53447420625 0.4392361109375 0.5364583328125 0.44146825468750006 0.5421626984375 0.44345238125 0.547123015625 0.4424603171875 0.574652778125 0.45758928593750003 0.5920138890625 0.4640376984375 0.603670634375 0.46676587343750003 0.6106150796875001 0.4672619046875 0.6133432546875001 0.4670138890625 0.6160714281249999 0.46502976250000005 0.6180555562500001 0.45882936562500004 0.6178075390625 0.440476190625 0.6207837296875 0.4387400796875 0.62450396875 0.44146825468750006 0.627480159375 0.4357638890625 0.6304563484375 0.42609127031250005 0.634424603125 0.41964285781250005 0.6341765875 0.415674603125 0.62822420625 0.40699404687499996 0.6108630953125 0.39012896874999997 0.5771329359374999 0.3675595234375 0.5610119046875 0.360119046875 0.547123015625 0.3554067453125 0.5389384921875 0.3509424609375 0.5260416671875 0.3489583328125 0.512152778125 0.36036706406249996 0.5037202375 0.3707837296875 0.49578372968749995 0.3762400796875 0.48834325468750006 0.38467261875 0.48809523749999995 0.3886408734375 0.4895833328125 0.3928571421875 0.4990079359375 0.40550595312500004 0.51512896875 0.42237103125
5 0.3608630953125 0.406498015625 0.3821924609375 0.4072420640625 0.390873015625 0.408730159375 0.3985615078125 0.4126984125 0.4074900796875 0.421875 0.40947420625 0.421875 0.419146825 0.41989087343750003 0.424851190625 0.4154265875 0.4283234125 0.4141865078125 0.43551587343750003 0.4079861109375 0.43700396875 0.40302579375 0.4392361109375 0.400049603125 0.4439484125 0.39756944375000003 0.44742063437499996 0.39384920625 0.4484126984375 0.3886408734375 0.4466765875 0.3814484125 0.4422123015625 0.368799603125 0.43700396875 0.3611111109375 0.43427579375 0.359623015625 0.42509920625 0.3578869046875 0.419146825 0.359126984375 0.412450396875 0.353174603125 0.4072420640625 0.35069444375000003 0.40029761875 0.34375 0.396329365625 0.3422619046875 0.3928571421875 0.333829365625 0.38715277812500004 0.3293650796875 0.372519840625 0.3345734125 0.368799603125 0.33705357187499996 0.3608630953125 0.3449900796875 0.3578869046875 0.3452380953125 0.35491071406249997 0.34722222187499996 0.3509424609375 0.3519345234375 0.34821428593750003 0.360119046875 0.3479662703125 0.372023809375 0.3489583328125 0.381200396875 0.3544146828125 0.396329365625 0.3608630953125 0.406498015625
5 0.5615079359374999 0.609375 0.5610119046875 0.612351190625 0.562251984375 0.6230158734375 0.5711805562500001 0.6336805562500001 0.5801091265625 0.64112103125 0.5977182546875001 0.650545634375 0.6041666671875 0.6522817453124999 0.606894840625 0.6545138890625 0.612351190625 0.655505953125 0.6304563484375 0.6547619046875 0.6334325390625 0.6525297625 0.6359126984375 0.6525297625 0.6391369046875 0.6510416671875 0.6421130953125 0.6483134921875 0.6495535718750001 0.622519840625 0.6448412703125 0.61904761875 0.6386408734375 0.618799603125 0.62549603125 0.6133432546875001 0.621527778125 0.612847221875 0.612103175 0.60615079375 0.606894840625 0.6039186515625 0.5977182546875001 0.596478175 0.5820932546875001 0.5801091265625 0.5726686515625 0.564980159375 0.572420634375 0.5582837296875 0.5848214281249999 0.549355159375 0.5865575390625 0.549851190625 0.5873015875 0.5488591265625 0.5892857140625 0.5359623015625 0.5870535718750001 0.5329861109375 0.5830853171875 0.5327380953125 0.580605159375 0.534226190625 0.5744047625 0.5349702375 0.5642361109375 0.54092261875 0.562251984375 0.5448908734375 0.559523809375 0.547123015625 0.55654761875 0.5550595234375 0.5543154765625 0.5572916671875 0.55282738125 0.5637400796875001 0.552579365625 0.5691964281249999 0.5540674609375 0.577876984375 0.5577876984375 0.5887896828125 0.5615079359374999 0.609375
5 0.3551587296875 0.6651785718750001 0.3606150796875 0.6728670640625001 0.372271825 0.681299603125 0.37847222187499996 0.68427579375 0.3891369046875 0.687251984375 0.39930555624999997 0.6875 0.41617063437499996 0.6852678578125 0.422123015625 0.6825396828125 0.4295634921875 0.681299603125 0.435019840625 0.6773313484375 0.4362599203125 0.6736111109375 0.4298115078125 0.6542658734375 0.42881944375 0.637152778125 0.4298115078125 0.6230158734375 0.43948412656249997 0.5957341265625 0.44097222187499996 0.5885416671875 0.43973214218749995 0.5845734125 0.4375 0.59052579375 0.4327876984375 0.59424603125 0.43179563437499996 0.596478175 0.428075396875 0.5974702375 0.42534722187499996 0.599454365625 0.42237103125 0.603670634375 0.41815476250000005 0.6054067453124999 0.4164186515625 0.6081349203124999 0.40823412656249997 0.610119046875 0.40203372968749995 0.60987103125 0.3983134921875 0.611855159375 0.3926091265625 0.611855159375 0.38715277812500004 0.6130952375 0.3695436515625 0.6106150796875001 0.3608630953125 0.6073908734375 0.3541666671875 0.599454365625 0.3554067453125 0.5947420640625001 0.35838293593750004 0.5915178578125 0.3544146828125 0.59052579375 0.35243055624999997 0.5887896828125 0.34970238125 0.5801091265625 0.346230159375 0.5731646828125 0.34027777812500004 0.581597221875 0.3373015875 0.5897817453124999 0.33705357187499996 0.5974702375 0.3382936515625 0.6071428578125 0.35044642812500004 0.6540178578125 0.3551587296875 0.6651785718750001
5 0.5424107140625 0.99404761875 0.546130953125 0.99032738125 0.5513392859375 0.98759920625 0.5538194437499999 0.985119046875 0.5575396828125 0.98387896875 0.571924603125 0.971478175 0.5771329359374999 0.96924603125 0.61259920625 0.9580853171875001 0.6359126984375 0.9570932546875 0.666170634375 0.959325396875 0.6825396828125 0.9618055562500001 0.6939484125 0.965277778125 0.700644840625 0.966021825 0.70362103125 0.968005953125 0.7202380953125 0.9737103171875001 0.735119046875 0.9806547625 0.7385912703125 0.9833829359375 0.7425595234375 0.98387896875 0.744295634375 0.9863591265625 0.7487599203124999 0.9880952375 0.7591765875 0.9957837296875001 0.765873015625 0.997519840625 0.766369046875 0.999751984375 0.8268849203125 0.999751984375 0.828125 0.990079365625 0.828373015625 0.9739583328125001 0.8261408734375 0.9637896828124999 0.82490079375 0.9424603171875001 0.8231646828124999 0.937748015625 0.8199404765624999 0.936755953125 0.8179563484375001 0.934523809375 0.8179563484375001 0.9293154765624999 0.8191964281249999 0.92782738125 0.8179563484375001 0.9233630953124999 0.8214285718750001 0.9198908734375 0.8189484125 0.9042658734375 0.8105158734375 0.8896329359375 0.809027778125 0.884920634375 0.8048115078125001 0.88095238125 0.8018353171875001 0.8737599203125 0.7988591265625 0.8707837296875001 0.7916666671875 0.8663194437499999 0.7876984125 0.862351190625 0.7862103171875 0.859126984375 0.7795138890625 0.853670634375 0.7802579359374999 0.8454861109375 0.7765376984375 0.8427579359375 0.7730654765625 0.83779761875 0.7695932546875001 0.8301091265625 0.768601190625 0.82490079375 0.7705853171875 0.8236607140625001 0.7738095234375 0.825396825 0.7745535718750001 0.8236607140625001 0.7738095234375 0.8206845234375001 0.752976190625 0.8080357140625001 0.7457837296875 0.7991071421875 0.7447916671875 0.7876984125 0.7415674609375 0.7852182546875001 0.6887400796875001 0.7854662703125 0.6865079359374999 0.7864583328125 0.6788194437499999 0.7852182546875001 0.6421130953125 0.7857142859375 0.640873015625 0.7901785718750001 0.6202876984375 0.8296130953124999 0.6160714281249999 0.833829365625 0.612103175 0.8355654765624999 0.6081349203124999 0.8417658734375 0.596230159375 0.8489583328125001 0.5915178578125 0.8539186515624999 0.5835813484375 0.86532738125 0.581597221875 0.8727678578125 0.5763888890625 0.8802083328125001 0.547619046875 0.9623015875 0.546130953125 0.9732142859374999 0.54092261875 0.9863591265625 0.54092261875 0.9913194437499999 0.5424107140625 0.99404761875
5 0.6876510421875001 0.7236924609375001 0.6995798609375 0.7606723703125 0.7107137890625 0.7817467765624999 0.7353670640625001 0.7789635421875001 0.7568390375 0.7968568953124999 0.7826852671875 0.826679315625 0.794216765625 0.83542733125 0.7946143359375 0.8091835312500001 0.794216765625 0.7904947921875001 0.7639965281250001 0.7845302578125 0.7393432546875001 0.7658415171875 0.722642609375 0.720511409375 0.71787103125 0.708184771875 0.7007728171875 0.6950627484375 0.6765173609375 0.6910865578125 0.6741314484375 0.68949603125 0.6876510421875001 0.7236924609375001
5 0.5266096234375001 0.7793611109375 0.51547569375 0.7924828875000001 0.5114995046875 0.816341021875 0.5178616078125 0.8421870046875 0.5393338296875 0.8648521828125 0.5719397328125 0.8763836812499999 0.579097221875 0.8648521828125 0.5910260421875 0.8497420640625 0.6049432046875001 0.8366202875000001 0.6208487109374999 0.8262817453125001 0.615679315625 0.816341021875 0.6017621531249999 0.7916877484375 0.5818804562500001 0.7606723703125 0.5675657234375 0.7757824906249999 0.593014384375 0.7968568953124999 0.59659300625 0.8071954359375001 0.59659300625 0.8211125984375001 0.5914238593750001 0.827872271875 0.5818804562500001 0.8358249015625001 0.560408234375 0.8211125984375001 0.551262896875 0.79526636875 0.564384671875 0.78015625 0.563987103125 0.7650463796875 0.541321925 0.768625 0.5266096234375001 0.7793611109375
5 0.849777034375 0.3901438484375 0.85344295625 0.40794890937500006 0.86705853125 0.4069015375 0.874751984375 0.40009375 0.874751984375 0.34353596249999996 0.8654875984375 0.3440595234375 0.841921875 0.3451068953125 0.8408745046874999 0.35034375 0.8440166171874999 0.3702438 0.849777034375 0.3901438484375
5 0.46626016875 0.24027505 0.46669543593749996 0.23722817499999999 0.4597311515625 0.22373437499999999 0.44057862031250006 0.2032762890625 0.40749727187499996 0.1876061515625 0.4048856640625 0.18804141875 0.3674513890625 0.20545262968750003 0.3478638390625 0.2328752484375 0.3435111609375 0.2441927078125 0.34438169687500003 0.2655213296875 0.3496049109375 0.2807562 0.358310515625 0.298602678125 0.374415921875 0.3129670140625 0.37746304531249997 0.3147080859375 0.37833358125 0.2999084828125 0.37920411718749997 0.2885912703125 0.383121528125 0.2733563984375 0.3957447921875 0.251592509375 0.3922624015625 0.24854538750000002 0.385298115625 0.23983978125 0.393133184375 0.2389692453125 0.41185019843750004 0.24201612031250003 0.42534375 0.2350518359375 0.429261409375 0.2350518359375 0.46626016875 0.24027505