3 0.2904265875 0.608630953125 0.29340277812500004 0.6113591265625 0.2988591265625 0.622271825 0.3164682546875 0.6388888890625 0.3261408734375 0.64384920625 0.3492063484375 0.650049603125 0.3551587296875 0.65029761875 0.3643353171875 0.653273809375 0.381200396875 0.653769840625 0.3983134921875 0.6510416671875 0.41195436562500004 0.6450892859375 0.4273313484375 0.6359126984375 0.43551587343750003 0.6272321421875 0.43700396875 0.6240079359374999 0.43948412656249997 0.622271825 0.45114087343750003 0.5959821421875 0.4516369046875 0.5825892859375 0.44940476250000005 0.5664682546875001 0.45089285781250005 0.562748015625 0.4479166671875 0.5548115078125 0.4476686515625 0.5510912703125 0.44444444375 0.5404265875 0.4429563484375 0.5364583328125 0.43948412656249997 0.533730159375 0.43799603125 0.53075396875 0.4362599203125 0.5233134921875 0.4300595234375 0.5166170640625001 0.428075396875 0.512896825 0.424355159375 0.5109126984375 0.4126984125 0.50049603125 0.40575396875 0.4982638890625 0.40401785781250005 0.49553571406249997 0.384920634375 0.4895833328125 0.3668154765625 0.48834325468750006 0.3514384921875 0.4893353171875 0.337549603125 0.493303571875 0.3301091265625 0.49652777812500004 0.32762896874999997 0.4990079359375 0.32142857187499996 0.5012400796875001 0.30654761875 0.5116567453124999 0.2981150796875 0.521329365625 0.2953869046875 0.52802579375 0.29092261875 0.5334821421875 0.2884424609375 0.540674603125 0.2867063484375 0.5424107140625 0.2829861109375 0.55282738125 0.28174603125000003 0.559771825 0.281498015625 0.575644840625 0.2824900796875 0.57862103125 0.2829861109375 0.5885416671875 0.2904265875 0.608630953125
3 0.44593253906249997 0.5101686515625 0.44940476250000005 0.51884920625 0.4516369046875 0.527777778125 0.455853175 0.53447420625 0.46155753906249997 0.5404265875 0.46502976250000005 0.5421626984375 0.46924603125 0.546130953125 0.486855159375 0.5540674609375 0.4947916671875 0.5555555562500001 0.50967261875 0.55654761875 0.521825396875 0.5553075390625 0.5334821421875 0.5523313484375 0.5421626984375 0.54637896875 0.5533234125 0.5367063484375 0.5607638890625 0.528273809375 0.5637400796875001 0.5233134921875 0.577380953125 0.5106646828125 0.5798611109375 0.505704365625 0.583829365625 0.5019841265625 0.5873015875 0.4947916671875 0.5917658734375 0.48883928593750003 0.59424603125 0.47271825468750006 0.593998015625 0.453125 0.5927579359374999 0.4424603171875 0.5882936515625 0.43055555625 0.5858134921875 0.428075396875 0.5830853171875 0.422123015625 0.577380953125 0.4154265875 0.5761408734375 0.41220238125 0.5714285718750001 0.4074900796875 0.55927579375 0.3985615078125 0.5384424609375 0.38963293593750004 0.516369046875 0.38715277812500004 0.5012400796875001 0.3891369046875 0.48214285781250005 0.3958333328125 0.4704861109375 0.40426587343750003 0.46502976250000005 0.41021825468750006 0.46279761875 0.4109623015625 0.45386904687499996 0.4208829359375 0.4518849203125 0.4268353171875 0.44915674531249994 0.43030753906249997 0.446924603125 0.4362599203125 0.44444444375 0.452876984375 0.4449404765625 0.4742063484375 0.4484126984375 0.4861111109375 0.44593253906249997 0.4893353171875 0.44593253906249997 0.5101686515625
3 0.2452876984375 0.4169146828125 0.25 0.4268353171875 0.250248015625 0.4310515875 0.25347222187499996 0.44122023749999995 0.252728175 0.4427083328125 0.2549603171875 0.44618055625 0.2584325390625 0.4476686515625 0.25967261875 0.4518849203125 0.26661706406249996 0.45362103125 0.268105159375 0.45535714218749995 0.27008928593750003 0.4635416671875 0.2730654765625 0.465773809375 0.27430555624999997 0.4699900796875 0.27678571406249997 0.47222222187499996 0.2772817453125 0.47470238125 0.281498015625 0.481646825 0.283730159375 0.4828869046875 0.286954365625 0.486855159375 0.28993055624999997 0.493303571875 0.294394840625 0.4982638890625 0.296130953125 0.5022321421875 0.3048115078125 0.5089285718750001 0.30654761875 0.50967261875 0.3105158734375 0.5071924609375 0.3199404765625 0.4990079359375 0.3258928578125 0.49627976250000005 0.327876984375 0.49404761875 0.3335813484375 0.4925595234375 0.33779761875 0.487351190625 0.34027777812500004 0.48635912656249997 0.3454861109375 0.48759920625 0.3511904765625 0.48660714218749995 0.3576388890625 0.48387896875 0.3611111109375 0.4856150796875 0.3712797625 0.484126984375 0.37450396874999997 0.484623015625 0.3767361109375 0.48635912656249997 0.3893849203125 0.487103175 0.40029761875 0.490575396875 0.403769840625 0.48759920625 0.4072420640625 0.47247023749999995 0.40575396875 0.46875 0.4079861109375 0.4623015875 0.40203372968749995 0.4052579359375 0.40178571406249997 0.3926091265625 0.3990575390625 0.3831845234375 0.396329365625 0.377728175 0.3926091265625 0.3735119046875 0.39112103125000003 0.3665674609375 0.388144840625 0.3611111109375 0.38095238125 0.3529265875 0.3727678578125 0.34697420625 0.3675595234375 0.3452380953125 0.36532738125 0.34275793593750004 0.3630952375 0.3425099203125 0.3576388890625 0.3390376984375 0.35044642812500004 0.3363095234375 0.32762896874999997 0.33407738125 0.3174603171875 0.334325396875 0.3015873015625 0.33705357187499996 0.29092261875 0.3415178578125 0.2859623015625 0.3454861109375 0.27802579375 0.34821428593750003 0.27430555624999997 0.35069444375000003 0.2673611109375 0.3573908734375 0.2584325390625 0.3700396828125 0.2522321421875 0.375744046875 0.24503968281250002 0.3988095234375 0.2452876984375 0.40302579375 0.24330357187499999 0.41071428593750003 0.2457837296875 0.4141865078125 0.2452876984375 0.4169146828125
3 0.7142857140625 0.59375 0.71825396875 0.6062748015625 0.7202380953125 0.6183035718750001 0.7229662703125 0.6269841265625 0.7279265875 0.637152778125 0.7276785718750001 0.64012896875 0.7304067453124999 0.6507936515625 0.7331349203124999 0.6545138890625 0.73487103125 0.6636904765625 0.7482638890625 0.681795634375 0.749751984375 0.6862599203124999 0.765625 0.706101190625 0.7671130953125 0.7098214281249999 0.7720734125 0.7147817453124999 0.775049603125 0.72197420625 0.7834821421875 0.7266865078125 0.786954365625 0.7271825390625 0.7921626984375 0.7271825390625 0.802579365625 0.724454365625 0.815476190625 0.718501984375 0.827876984375 0.7095734125 0.833829365625 0.7041170640625001 0.8427579359375 0.6922123015625 0.843005953125 0.688244046875 0.8417658734375 0.6827876984375 0.8373015875 0.678075396875 0.8335813484375001 0.671130953125 0.8082837296875001 0.6418650796875001 0.7884424609375 0.6170634921875 0.7832341265625 0.6116071421875 0.7792658734375 0.610119046875 0.7757936515625 0.603670634375 0.7698412703125 0.5979662703125 0.7676091265625 0.594494046875 0.7641369046875 0.5925099203124999 0.7584325390625 0.5835813484375 0.7537202375 0.580605159375 0.7477678578125 0.5736607140625 0.7413194437499999 0.5689484125 0.740575396875 0.565972221875 0.737103175 0.5639880953125 0.7361111109375 0.561755953125 0.7304067453124999 0.564980159375 0.7232142859375 0.5642361109375 0.7224702375 0.565972221875 0.724454365625 0.5694444437499999 0.718005953125 0.575644840625 0.712549603125 0.578869046875 0.7118055562500001 0.5803571421875 0.7132936515625 0.5835813484375 0.71279761875 0.5915178578125 0.7142857140625 0.59375
3 0.702380953125 0.5426587296875 0.7051091265625 0.546875 0.708829365625 0.54737103125 0.7291666671875 0.5458829359374999 0.733630953125 0.5446428578125 0.77157738125 0.5431547625 0.7881944437499999 0.541170634375 0.811755953125 0.541170634375 0.8573908734375 0.5391865078125 0.8611111109375 0.533730159375 0.8660714281249999 0.53075396875 0.871527778125 0.5245535718750001 0.875248015625 0.51612103125 0.8764880953124999 0.5101686515625 0.8762400796875 0.48040674531249994 0.875 0.4751984125 0.8730158734375 0.47296627031250005 0.868799603125 0.471726190625 0.8675595234375001 0.468998015625 0.8635912703124999 0.46502976250000005 0.856398809375 0.4640376984375 0.8554067453125 0.46006944375 0.8516865078125001 0.4580853171875 0.8333333328125001 0.4580853171875 0.8268849203125 0.459821428125 0.8201884921874999 0.46031746093750003 0.82217261875 0.4637896828125 0.8261408734375 0.4635416671875 0.828373015625 0.46502976250000005 0.8325066968750001 0.46527777812500004 0.83134920625 0.4699900796875 0.8234126984374999 0.4704861109375 0.8105158734375 0.4751984125 0.7775297625 0.47569444375 0.7604166671875 0.4796626984375 0.7435515875 0.481646825 0.7291666671875 0.487351190625 0.718005953125 0.48834325468750006 0.7078373015625 0.487351190625 0.700396825 0.4853670640625 0.693204365625 0.4853670640625 0.6929563484375 0.4925595234375 0.6956845234375 0.509424603125 0.700644840625 0.53075396875 0.702380953125 0.5426587296875
3 0.893601190625 0.4895833328125 0.893105159375 0.4925595234375 0.8978174609374999 0.49553571406249997 0.90029761875 0.4987599203125 0.9079861109375 0.5014880953125 0.9231150796875 0.5049603171875 0.928075396875 0.5052083328125 0.9394841265625 0.5084325390625 0.96552579375 0.512152778125 0.9779265875 0.514880953125 0.9823908734375 0.514880953125 0.990575396875 0.5076884921875 0.999751984375 0.502976190625 0.999751984375 0.4580853171875 0.9960317453125 0.45634920625 0.99032738125 0.4516369046875 0.9481646828124999 0.4476686515625 0.9082341265625 0.4466765875 0.891369046875 0.44444444375 0.8888888890625 0.44593253906249997 0.888144840625 0.44866071406249997 0.8891369046875001 0.4521329359375 0.888144840625 0.45362103125 0.8826884921874999 0.4543650796875 0.8802083328125001 0.453373015625 0.8769841265625 0.455853175 0.8764880953124999 0.45734127031250005 0.8762400796875 0.46924603125 0.877976190625 0.48065476250000005 0.8893849203125 0.481894840625 0.893601190625 0.4895833328125
3 0.8115079359375 0.424603175 0.8142361109375 0.43328372968749995 0.8169642859374999 0.43675595312500004 0.82217261875 0.440476190625 0.8298611109375 0.44320436562500004 0.837549603125 0.44444444375 0.849454365625 0.44320436562500004 0.8613591265625 0.4384920640625 0.8675595234375001 0.43402777812500004 0.87450396875 0.42237103125 0.8759920640625 0.40997023749999995 0.874751984375 0.40228174531249994 0.8730158734375 0.3985615078125 0.865575396875 0.3883928578125 0.8573908734375 0.38368055624999997 0.84970238125 0.381200396875 0.824652778125 0.3789682546875 0.8179563484375001 0.37946428593750003 0.81200396875 0.381200396875 0.8060515875 0.38368055624999997 0.797619046875 0.3918650796875 0.7919146828125 0.40228174531249994 0.7916666671875 0.4047619046875 0.796875 0.4072420640625 0.8077876984374999 0.41765872968749995 0.8115079359375 0.424603175
3 0.7204861109375 0.4171626984375 0.7256944437499999 0.41989087343750003 0.7279265875 0.42237103125 0.7390873015625 0.42559523749999995 0.749255953125 0.4392361109375 0.752728175 0.45734127031250005 0.759424603125 0.4640376984375 0.7728174609375 0.46924603125 0.787450396875 0.468998015625 0.7946428578125 0.46651785781250005 0.80009920625 0.4632936515625 0.806795634375 0.45709325468750006 0.8107638890625 0.44940476250000005 0.8134920640625 0.4389880953125 0.8105158734375 0.42410714218749995 0.8020833328125001 0.41344246093750003 0.79365079375 0.4074900796875 0.7728174609375 0.3958333328125 0.7477678578125 0.3856646828125 0.7361111109375 0.3841765875 0.7323908734375 0.387896825 0.728670634375 0.3886408734375 0.724454365625 0.388144840625 0.719494046875 0.3928571421875 0.7199900796875001 0.39508928593750003 0.7167658734375 0.4015376984375 0.718005953125 0.41344246093750003 0.7204861109375 0.4171626984375
3 0.6862599203124999 0.45362103125 0.6884920640625001 0.4702380953125 0.6897321421875 0.474950396875 0.6964285718750001 0.481894840625 0.7013888890625 0.484623015625 0.7085813484375 0.486855159375 0.7239583328125 0.487103175 0.7333829359374999 0.48387896875 0.74404761875 0.47594246093750003 0.750744046875 0.4632936515625 0.7512400796875001 0.45262896875 0.749255953125 0.439980159375 0.740079365625 0.428571428125 0.7333829359374999 0.424851190625 0.7296626984375 0.42385912656249997 0.72842261875 0.42237103125 0.7199900796875001 0.4231150796875 0.7142857140625 0.419394840625 0.71279761875 0.4169146828125 0.7110615078125 0.4169146828125 0.708829365625 0.4144345234375 0.70907738125 0.41344246093750003 0.7051091265625 0.4141865078125 0.702876984375 0.412946428125 0.6991567453124999 0.412946428125 0.6946924609375 0.415178571875 0.6927083328125 0.419146825 0.6929563484375 0.4208829359375 0.6892361109375 0.421875 0.6892361109375 0.4233630953125 0.6927083328125 0.42757936562500004 0.6924603171875 0.42906746093750003 0.6912202375 0.431299603125 0.6865079359374999 0.43377976250000005 0.6884920640625001 0.43675595312500004 0.6884920640625001 0.4439484125 0.686755953125 0.4456845234375 0.6862599203124999 0.45362103125
3 0.8573908734375 0.5538194437499999 0.8645833328125001 0.5572916671875 0.87549603125 0.559523809375 0.8797123015625001 0.562748015625 0.8861607140625001 0.565476190625 0.8893849203125 0.5704365078125 0.891369046875 0.578125 0.8955853171875001 0.5820932546875001 0.911954365625 0.591269840625 0.9164186515624999 0.59052579375 0.9238591265625 0.591021825 0.9332837296875001 0.588045634375 0.9389880953124999 0.583829365625 0.9548611109375 0.5791170640625001 0.958829365625 0.5744047625 0.958829365625 0.5711805562500001 0.9548611109375 0.5667162703125 0.9518849203125 0.5448908734375 0.950396825 0.5394345234375 0.9481646828124999 0.5357142859375 0.94345238125 0.5327380953125 0.8886408734375 0.512648809375 0.8834325390625001 0.5119047625 0.878472221875 0.5141369046875 0.8707837296875001 0.5275297625 0.8648313484375001 0.5324900796875001 0.861855159375 0.533730159375 0.861855159375 0.5367063484375 0.8576388890625 0.5414186515625 0.8529265875 0.5429067453124999 0.8504464281249999 0.5414186515625 0.843501984375 0.5421626984375 0.8454861109375 0.5458829359374999 0.8524305562500001 0.5481150796875001 0.853174603125 0.5510912703125 0.8573908734375 0.5538194437499999
3 0.7901785718750001 0.62177579375 0.7951388890625 0.625744046875 0.799851190625 0.6331845234375 0.8110119046875001 0.6448412703125 0.8147321421875 0.6510416671875 0.824652778125 0.662450396875 0.825148809375 0.6646825390625 0.8363095234375001 0.674355159375 0.8422619046875001 0.6835317453124999 0.843005953125 0.687748015625 0.8422619046875001 0.6917162703125 0.8400297625 0.6946924609375 0.84052579375 0.6991567453124999 0.837549603125 0.700148809375 0.8373015875 0.7011408734375 0.8459821421875 0.7016369046875 0.8487103171875001 0.703125 0.8489583328125001 0.706597221875 0.8511904765624999 0.709325396875 0.8578869046875001 0.7098214281249999 0.85887896875 0.70634920625 0.8578869046875001 0.703869046875 0.858630953125 0.6981646828125 0.8573908734375 0.6961805562500001 0.8556547625 0.697420634375 0.8539186515624999 0.6939484125 0.8573908734375 0.6832837296875 0.8611111109375 0.6827876984375 0.8613591265625 0.6820436515625 0.862103175 0.6671626984375 0.8576388890625 0.656001984375 0.8506944437499999 0.6473214281249999 0.843501984375 0.6416170640625001 0.8358134921874999 0.6316964281249999 0.830605159375 0.6269841265625 0.828373015625 0.622271825 0.800347221875 0.609375 0.778769840625 0.60342261875 0.778273809375 0.6071428578125 0.7800099203124999 0.610119046875 0.783978175 0.612847221875 0.7901785718750001 0.62177579375
3 0.8484623015625001 0.6445932546875001 0.8521825390625001 0.6470734125 0.853174603125 0.650545634375 0.85615079375 0.6517857140625 0.859126984375 0.6547619046875 0.8611111109375 0.66220238125 0.8630952375 0.6651785718750001 0.862351190625 0.689980159375 0.858630953125 0.7085813484375 0.8603670640625 0.7118055562500001 0.865079365625 0.71279761875 0.8918650796875 0.7137896828125 0.89657738125 0.71279761875 0.90029761875 0.715773809375 0.9045138890625 0.716269840625 0.9126984125 0.712549603125 0.9231150796875 0.703373015625 0.9260912703124999 0.6986607140625 0.93154761875 0.6966765875 0.9335317453125 0.6946924609375 0.9325396828124999 0.6924603171875 0.9362599203125 0.6889880953125 0.9392361109375 0.690228175 0.940972221875 0.6887400796875001 0.9397321421875 0.687251984375 0.943204365625 0.6835317453124999 0.943204365625 0.6822916671875 0.9422123015625001 0.681795634375 0.9412202375 0.6773313484375 0.9384920640625 0.674355159375 0.9352678578125 0.672123015625 0.9332837296875001 0.672123015625 0.9268353171875001 0.668898809375 0.9231150796875 0.6649305562500001 0.9020337296875001 0.6510416671875 0.896825396875 0.6483134921875 0.8893849203125 0.646825396875 0.8781416171875 0.6480654765625 0.865079365625 0.6418650796875001 0.859623015625 0.640376984375 0.8578869046875001 0.6361607140625 0.8511904765624999 0.6336805562500001 0.84970238125 0.6302083328125 0.84375 0.6297123015625 0.84375 0.6341765875 0.8454861109375 0.64012896875 0.847222221875 0.64112103125 0.8484623015625001 0.6445932546875001
3 0.922123015625 0.627976190625 0.9303075390625001 0.6361607140625 0.9387400796875 0.640873015625 0.956101190625 0.6478174609375 0.9667658734375 0.6483134921875 0.981646825 0.6423611109375 0.9947916671874999 0.6388888890625 0.999751984375 0.6321924609375 0.999751984375 0.6160714281249999 0.9980158734375 0.6160714281249999 0.9960317453125 0.612847221875 0.9915674609374999 0.5979662703125 0.985119046875 0.591021825 0.9796626984374999 0.5890376984375 0.9761904765624999 0.5863095234375 0.9598214281249999 0.5820932546875001 0.9461805562500001 0.5825892859375 0.924355159375 0.5922619046875 0.924851190625 0.5957341265625 0.9181547625 0.5984623015625 0.9179067453125 0.6021825390625 0.9198908734375 0.6039186515625 0.918898809375 0.61259920625 0.922123015625 0.627976190625
3 0.9542752968749999 0.549847221875 0.9589712296874999 0.5659379953125 0.958300346875 0.5806879953124999 0.9744005453125 0.58135863125 0.98446329375 0.5894040171875 0.999751984375 0.5887333828125 0.999751984375 0.523029265625 0.973059028125 0.5163246531250001 0.9086579859375 0.5042564484375001 0.9026202874999999 0.5117415671875001 0.9475669640625 0.531074653125 0.9515920140624999 0.5404608140625 0.9542752968749999 0.549847221875
3 0.912012153125 0.6014719734375 0.8985952375 0.5961083828125 0.8905451390625 0.5887333828125 0.8885327375 0.580017609375 0.8878618546875 0.5659379953125 0.8046770828125 0.5438132437500001 0.7161257437499999 0.5478358140624999 0.7161257437499999 0.5538700390625 0.7355801093750001 0.5545404265625 0.75771800625 0.5826994046875 0.771805803125 0.598790178125 0.863040675 0.6329833828125 0.8892033734375 0.6189037703125 0.8985952375 0.613540178125 0.912012153125 0.6014719734375
3 0.878469990625 0.620915178125 0.857673859375 0.6323129953125 0.8945701890625 0.6477333828125 0.9167080859375 0.64169915625 0.9187204859375001 0.6242673609375 0.9146954359375 0.60532415625 0.9066453375 0.6115287703125001 0.8905451390625 0.6148812 0.878469990625 0.620915178125
3 0.2003516859375 0.3420322421875 0.17351612031250002 0.3341083828125 0.14668055625 0.33532738125 0.12289459375 0.34568948437499997 0.1058174609375 0.3542232140625 0.08386111093750001 0.379214534375 0.0759322921875 0.4029866078125 0.0765421625 0.429196925 0.08386111093750001 0.4426068953125 0.0984985125 0.4578454859375 0.1094766859375 0.4651599703125 0.11740550624999999 0.47064583281249994 0.138141865625 0.4810079359375 0.15643898750000002 0.47978893906250003 0.182664434375 0.4803985609375 0.212549603125 0.4919796625 0.22840699375 0.509046875 0.2399950390625 0.5151423609375 0.2497532234375 0.49502752968749997 0.2485334828125 0.42858730156249997 0.2442641375 0.39201488125 0.2247475203125 0.3615376984375 0.2003516859375 0.3420322421875
3 0.20218129999999998 0.4898821921875 0.17290624999999998 0.48256770781249997 0.14363095312500002 0.4813484625 0.144241071875 0.485615328125 0.1448509421875 0.488662946875 0.1765654765625 0.510606646875 0.19242286718749999 0.5227973703125001 0.207060515625 0.542912203125 0.20401091249999997 0.5715607640625 0.182664434375 0.59777108125 0.1503400296875 0.61483829375 0.1314330359375 0.6075238093750001 0.0692234625 0.5861897328125 0.0692234625 0.5880183531250001 0.071053075 0.5965520828125 0.08264136875 0.604476190625 0.0893501984375 0.619105159375 0.0875203375 0.6239813984375 0.12472420625 0.63739136875 0.16497743125 0.6538489578125 0.2003516859375 0.64897271875 0.2369454359375 0.6428772328125001 0.25707217187500003 0.6325151296875 0.2643908734375 0.6215431546875 0.27597891875 0.6056951890625 0.2839077375 0.5898469734375 0.279028521875 0.5758276296875 0.2778087796875 0.555712796875 0.26317113124999997 0.5404742062500001 0.23572569375 0.5160925093750001 0.22352777812500002 0.505730159375 0.2155989578125 0.499025296875 0.20218129999999998 0.4898821921875
3 0.135092509375 0.6081334328125 0.1393618546875 0.6093524312499999 0.1527795140625 0.6117906750000001 0.168027034375 0.6087428078125 0.18144469218749998 0.599599703125 0.1905932546875 0.5880183531250001 0.20218129999999998 0.570341765625 0.2027911703125 0.5496173109375 0.1979119546875 0.5288928578125 0.13387276718750002 0.4770818453125 0.11008655781250001 0.47403397812500003 0.08264136875 0.4746436015625 0.0545858140625 0.496587053125 0.038728670312500005 0.5154828874999999 0.036898809375 0.5471790671875 0.049706596874999995 0.5727797625 0.071358134375 0.5827286703125 0.060684771875 0.5813134921875001 0.10642733124999999 0.5983807046875 0.135092509375 0.6081334328125