0 0.125959325 0.4035922625 0.1264513890625 0.6481470734375 0.1446634421875 0.6653623515625 0.1756728671875 0.6801185515625 0.206190228125 0.6855290171874999 0.2396609625 0.686512896875 0.260334078125 0.6825778765625 0.3164466765625 0.6496225203125 0.3321974203125 0.6638869046875 0.3804345234375 0.6437202375 0.40701413750000004 0.6265047125 0.4217807546875 0.6024030265625 0.4222728171875 0.5925657234374999 0.4331016859375 0.44925694375 0.4331016859375 0.429090278125 0.4249092265625 0.416379215625 0.41459399843750006 0.4066014390625 0.40780406718749995 0.401412946875 0.39841790625 0.39622420625 0.3820421625 0.3889045140625 0.352685515625 0.38052281718750003 0.321930803125 0.374735615625 0.2959692453125 0.3707442953125 0.2636170640625 0.3681498015625 0.23304662656250003 0.36655332343749997 0.2392373515625 0.5045233140625001 0.2171845234375 0.5073231640625 0.20323710312499998 0.38096627031249997 0.1638598703125 0.38932812499999997 0.135803571875 0.40064112031250004 0.125959325 0.4035922625
3 0.1272321421875 0.82217261875 0.1292162703125 0.8263888890625 0.130704365625 0.824652778125 0.14087301562500001 0.8206845234375001 0.15277777812499999 0.812748015625 0.159226190625 0.8102678578125 0.1679067453125 0.8035714281249999 0.18303571406250002 0.7951388890625 0.193204365625 0.7864583328125 0.1994047625 0.7827380953125 0.2075892859375 0.7795138890625 0.2455357140625 0.7564484125 0.250744046875 0.7519841265625 0.2638888890625 0.7455357140625 0.27455357187499996 0.737847221875 0.28174603125000003 0.734126984375 0.2914186515625 0.7261904765625 0.30009920625 0.7207341265625 0.31200396874999997 0.7167658734375 0.31696428593750003 0.7123015875 0.3345734125 0.7011408734375 0.338045634375 0.6954365078125 0.3385416671875 0.6922123015625 0.3353174609375 0.6733630953125 0.33258928593750003 0.6669146828125 0.3293650796875 0.661954365625 0.3258928578125 0.65947420625 0.322420634375 0.6552579359374999 0.3142361109375 0.6545138890625 0.306299603125 0.6599702375 0.3018353171875 0.6614583328125 0.290674603125 0.669394840625 0.2896825390625 0.671875 0.28629290625000003 0.6733630953125 0.281994046875 0.6736111109375 0.2775297625 0.67782738125 0.2576884921875 0.6865079359374999 0.2512400796875 0.6875 0.24950396874999997 0.6897321421875 0.246527778125 0.6894841265625 0.246527778125 0.6919642859375 0.22916666718749998 0.7016369046875 0.22594246093749998 0.7021329359374999 0.2172619046875 0.7103174609375 0.2068452375 0.7167658734375 0.20262896874999997 0.7175099203124999 0.1773313484375 0.7321428578125 0.17286706406250002 0.7333829359374999 0.131696428125 0.7581845234375 0.125 0.7641369046875 0.125 0.8139880953124999 0.1269841265625 0.8174603171875001 0.1272321421875 0.82217261875
3 0.1324404765625 0.7509920640625001 0.14112103125 0.747023809375 0.15550595312499998 0.735119046875 0.1614583328125 0.7326388890625 0.1733630953125 0.7251984125 0.193700396875 0.7108134921875 0.20039682499999997 0.7046130953125 0.2078373015625 0.7013888890625 0.2132936515625 0.696924603125 0.2232142859375 0.690972221875 0.22445436562499999 0.6892361109375 0.2227182546875 0.68799603125 0.20833333281250002 0.6857638890625 0.20585317500000003 0.6875 0.1991567453125 0.6889880953125 0.18650793593749998 0.68427579375 0.1820436515625 0.6835317453124999 0.1760912703125 0.68700396875 0.16939484062500001 0.6892361109375 0.1644345234375 0.69345238125 0.15947420625 0.6949404765625 0.13616071406250002 0.7120535718750001 0.125 0.71875 0.125 0.755704365625 0.12946428593749998 0.7542162703125 0.1324404765625 0.7509920640625001
3 0.7591765875 0.46453372968749995 0.771825396875 0.4704861109375 0.7891865078125 0.47296627031250005 0.797123015625 0.47073412656249997 0.8013392859374999 0.4677579359375 0.8040674609374999 0.4635416671875 0.80654761875 0.45684523749999995 0.809027778125 0.44320436562500004 0.8082837296875001 0.43328372968749995 0.809771825 0.4228670640625 0.81572420625 0.4045138890625 0.8162202375 0.396329365625 0.81845238125 0.3883928578125 0.81845238125 0.380704365625 0.8164682546875 0.3767361109375 0.802579365625 0.37053571406249997 0.79737103125 0.36904761875 0.7916666671875 0.368799603125 0.7824900796875001 0.3697916671875 0.7767857140625 0.3727678578125 0.7738095234375 0.37599206406249996 0.765873015625 0.4144345234375 0.76240079375 0.424851190625 0.7566964281249999 0.437251984375 0.7544642859375 0.44717261875 0.7542162703125 0.4513888890625 0.752976190625 0.4541170640625 0.7542162703125 0.459325396875 0.7591765875 0.46453372968749995
3 0.7792658734375 0.584325396875 0.794394840625 0.591269840625 0.8112599203125 0.593501984375 0.8211805562500001 0.593501984375 0.8271329359375 0.5917658734375 0.8323412703124999 0.5885416671875 0.8358134921874999 0.5845734125 0.8417658734375 0.561755953125 0.841269840625 0.5560515875 0.8365575390625001 0.5486111109375 0.8263888890625 0.541170634375 0.80927579375 0.5359623015625 0.7881944437499999 0.5367063484375 0.7797619046875 0.5386904765625 0.7748015875 0.5446428578125 0.7735615078125 0.5478670640625001 0.7693452375 0.5677083328125 0.7695932546875001 0.57217261875 0.7738095234375 0.5798611109375 0.7792658734375 0.584325396875
3 0.7765376984375 0.7323908734375 0.781994046875 0.7333829359374999 0.7889384921875 0.7323908734375 0.7914186515625 0.7294146828125 0.7924107140625 0.7209821421875 0.7914186515625 0.716021825 0.7926587296875 0.712549603125 0.7894345234375 0.7094494046875 0.7894345234375 0.7080853171875 0.791170634375 0.6941964281249999 0.7926587296875 0.6914682546875001 0.7951388890625 0.6783234125 0.7951388890625 0.668898809375 0.7986111109375 0.646825396875 0.7981150796875001 0.640873015625 0.7926587296875 0.637648809375 0.7788938484375 0.6364087296875 0.768105159375 0.6316964281249999 0.7601686515625 0.63095238125 0.756200396875 0.627480159375 0.7544642859375 0.6297123015625 0.749751984375 0.6324404765625 0.747271825 0.6453373015625 0.7452876984375 0.6681547625 0.7420634921875 0.6755952375 0.7380952375 0.681299603125 0.731646825 0.7041170640625001 0.731894840625 0.70907738125 0.7306547625 0.7170138890625 0.7326388890625 0.71924603125 0.7765376984375 0.7323908734375
3 0.6671626984375 0.7043650796875001 0.6738591265625 0.7145337296875 0.6820436515625 0.731894840625 0.6835317453124999 0.7430555562500001 0.6835317453124999 0.759424603125 0.6790674609375 0.7824900796875001 0.6788194437499999 0.7881944437499999 0.6800595234375 0.7974536203125 0.6790674609375 0.8070436515624999 0.6800595234375 0.8082837296875001 0.6832837296875 0.8082837296875001 0.6914682546875001 0.8080357140625001 0.6944444437499999 0.8070436515624999 0.7095734125 0.8077876984374999 0.7331349203124999 0.8060515875 0.7366071421875 0.802579365625 0.7356150796875001 0.8008432546875 0.7388392859375 0.7991071421875 0.7361111109375 0.7849702375 0.7068452375 0.7123015875 0.6976686515625 0.693204365625 0.6949404765625 0.6922123015625 0.6708829359374999 0.6927083328125 0.659226190625 0.6941964281249999 0.658978175 0.6976686515625 0.6599702375 0.700644840625 0.665674603125 0.70262896875 0.6671626984375 0.7043650796875001
3 0.7537202375 0.615575396875 0.752976190625 0.619295634375 0.7884424609375 0.6202876984375 0.7914186515625 0.6197916671875 0.796130953125 0.6143353171875 0.797123015625 0.608630953125 0.796626984375 0.6029265875 0.7953869046875 0.6001984125 0.7931547625 0.5984623015625 0.7889384921875 0.597222221875 0.7703373015625 0.59697420625 0.7619047625 0.5974702375 0.7554563484375 0.5992063484375 0.7609126984375 0.6024305562500001 0.7619047625 0.6073908734375 0.7604166671875 0.610119046875 0.7537202375 0.615575396875
3 0.4755982140625 0.5369407234375 0.478203125 0.5545223218750001 0.4789474203125 0.5603482140625 0.4811803078125 0.566669890625 0.4836609625 0.569273065625 0.4841572421875 0.5548943453125 0.485521578125 0.54782886875 0.48787847187500005 0.5436143359375001 0.4891001984375 0.5405828374999999 0.48217261875000006 0.4718405265625 0.47609449374999996 0.47010515937499997 0.47014037656249996 0.4727080859375 0.4755982140625 0.5369407234375
3 0.6172978671875 0.4622522328125 0.62263516875 0.46522371093750003 0.6269513890625 0.4698224203125 0.6309161703124999 0.4737083328125 0.6335084328125 0.4775178578125 0.6343707843749999 0.48323090312500006 0.6626919640625 0.5064084828125 0.6817353671874999 0.5222671125 0.69113516875 0.52824454375 0.7076150796875 0.53434375 0.7215314984375001 0.53519766875 0.7301986609375 0.53434375 0.7405751484375 0.5305622515625 0.7676755953125001 0.5189732140625 0.7696287203125001 0.51128819375 0.765722221875 0.503480903125 0.7604732140625 0.5018950890625 0.720424603125 0.5167775296875 0.715175346875 0.51665550625 0.706552828125 0.5150696921875 0.7025243062500001 0.513605903125 0.6939791671875 0.5079942953125001 0.6446612109375 0.46887549531249995 0.61341021875 0.444599703125 0.6073065468750001 0.44398983125 0.6021795640625001 0.44923536718749996 0.6012028765624999 0.4554568453125 0.60571949375 0.459482390625 0.6086056546874999 0.45996627031250004 0.61356175625 0.4611091265625 0.6172978671875 0.4622522328125
3 0.5745119046875 0.6597475203125 0.5908618546875 0.66181324375 0.6073172125 0.666508184375 0.622915675 0.6653814484375 0.6281775796875 0.6745835812500001 0.6351312 0.6774005453124999 0.6383258921875 0.68096875 0.644527778125 0.68528819375 0.73905704375 0.6783395343749999 0.7420639875 0.6745835812500001 0.745446925 0.6657571921875001 0.746950396875 0.6535500984375 0.7465744046875 0.6414037703125001 0.7445071921874999 0.629008928125 0.7433757437499999 0.618456596875 0.740972221875 0.611784721875 0.6782137890625 0.61685540625 0.6750091765625 0.6037787703124999 0.665662203125 0.5904352671875001 0.6229330359375 0.59443824375 0.61892733125 0.6021775796875 0.6178591265625 0.613652778125 0.5764652781249999 0.642474703125 0.569521825 0.6512814984374999 0.5510947421875 0.6563519343750001 0.5454866078125 0.6638244046875 0.5512083328124999 0.662564484375 0.5600411703125 0.6610620046875 0.5745119046875 0.6597475203125
3 0.5311599703125001 0.8374712296875 0.5177485125 0.8503509421875 0.516877728125 0.8644491562500001 0.5234962796875 0.8705409218750001 0.5376044140625 0.8776768359375 0.5522348703125 0.882550346875 0.5680845734375 0.8881200390625 0.5853276296875001 0.8881200390625 0.6013514390625 0.88672743125 0.6147628968750001 0.8839427078125001 0.63113516875 0.8775027281250001 0.6440238093749999 0.8700186015625 0.645765625 0.8548762406250001 0.6304384921875 0.839616071875 0.6384503968749999 0.8368311015625001 0.6591768359375 0.8547584328125 0.66353125 0.8472740578125 0.6692790171875 0.833872271875 0.6724139390625 0.8234293156250001 0.6738075390625 0.8122899312499999 0.6748524312499999 0.8025431546874999 0.6745042156250001 0.795233134375 0.6774650296875 0.7887931546875 0.683212796875 0.7589126984375001 0.68408358125 0.7469032734375001 0.6823420140625001 0.7362859625 0.6788583828125 0.72587103125 0.6718916171875 0.7124692453125 0.664924603125 0.7024583328125 0.6546483140625 0.6928856640625 0.643501240625 0.6843571421875 0.6310310015625 0.6770471234375 0.619709821875 0.6721736109374999 0.6026408734375 0.6657338796875 0.5836560015625001 0.6620786203125 0.57059300625 0.661556546875 0.5524791671875 0.662252728125 0.5362810015624999 0.6658516859375 0.51172271875 0.676294890625 0.49622122968750004 0.6879561015625 0.4869900796875 0.6999655265625 0.4815907734375 0.7102346234375 0.477584821875 0.7231143359375001 0.4780858140625 0.7323449906249999 0.47780704375000005 0.7459995046875 0.4780858140625 0.7554739578125 0.479758928125 0.7655057046875 0.4817110609375 0.7744228671875 0.48477852187500003 0.7830612593749999 0.484220734375 0.791699653125 0.48477852187500003 0.80368204375 0.488403521875 0.8151071421875 0.49202877031250003 0.83210540625 0.5003943453125 0.8468745046875 0.505413690625 0.8513330859374999 0.5157313984375 0.8443665671874999 0.520535465625 0.8386894843749999 0.5252380953125 0.832423859375 0.5311599703125001 0.8374712296875
3 0.7493077875 0.4666966765625 0.75343353125 0.47164756875 0.7590920140625 0.4761272328125 0.767933284375 0.48107812499999997 0.7747703375 0.4852041171875 0.7917455359375001 0.49098040625 0.8100171125 0.49475272812500004 0.8195657234375 0.49569568437499995 0.823455853125 0.49663864062499996 0.8269923109375 0.4985248015625 0.8262849703124999 0.5054799109375 0.8252239578125 0.5120813484375 0.8261671625 0.5147926593750001 0.8300572921875 0.51667881875 0.8423169640625 0.51750396875 0.8517475203125 0.5169144343750001 0.862003471875 0.5162070937500001 0.865421875 0.514203125 0.866954365625 0.511491815625 0.8677795140625 0.5014719734375 0.8701371531250001 0.49663864062499996 0.874751984375 0.4935736609375 0.874380953125 0.4919233625 0.8714340281249999 0.492512896875 0.8683665671874999 0.494634671875 0.8667162703125 0.4969923109375 0.8651837796875 0.5027686015625 0.8636512890624999 0.5123172125 0.8604685015625 0.51349603125 0.8548102671875 0.5140853171875001 0.8437291671875 0.5151463296875 0.8322946421875 0.5144389875 0.8276971718749999 0.5133779765625001 0.828758184375 0.5079553578125 0.8306443453125001 0.5007646328125 0.8299370046875 0.49793551562499994 0.8271078875000001 0.4942810015625 0.8205064484375001 0.49345585312500007 0.8088360609375 0.4921592265625 0.7938650796875 0.489212053125 0.7826661703125 0.4863829359375 0.7740607640625 0.48284647812500003 0.767459325 0.478602678125 0.7673415171875 0.4783670640625 0.7597968749999999 0.47376959375 0.7530776296874999 0.467993303125 0.7485982140624999 0.461509671875 0.7453459828125 0.4556029265625 0.743413690625 0.45691245 0.745535465625 0.460330853125 0.7493077875 0.4666966765625
3 0.750840278125 0.4532579359375 0.7491899796875 0.4452420640625 0.7495436515625 0.4409982640625 0.7506044140625 0.437933284375 0.7531979171875001 0.43522197343749996 0.7585024796875001 0.43215699374999994 0.7590920140625 0.43074255937499994 0.750840278125 0.43510416718749995 0.7482467765624999 0.437108134375 0.7473038187500001 0.44182341249999996 0.748600446875 0.44960367031250004 0.7498970734375 0.45490823437500005 0.7489541171874999 0.4592700890625 0.7501329359375 0.46221701406250004 0.7516654265625 0.458209078125 0.750840278125 0.4532579359375
3 0.8453457343749999 0.4291143359375 0.850935515625 0.432188740625 0.8519603171875 0.43572891875 0.8498174609375001 0.443834325 0.848699653125 0.44933085312500004 0.85223983125 0.4527780265625 0.8679846234375 0.4603244046875 0.874751984375 0.4625602671875 0.874751984375 0.4605106640625 0.8538236609375 0.45165997031250005 0.8506560015625 0.449237846875 0.850935515625 0.4467224703125 0.8537304062500001 0.43712648749999994 0.8532646328125001 0.43237500000000006 0.8514012890625 0.42892807499999996 0.8438549109375 0.4270647328125 0.83407266875 0.42557415625 0.8229861109375 0.4246423609375 0.8107817453124999 0.42426984062499995 0.8087321421875 0.42659895781249996 0.8299734624999999 0.426971478125 0.8453457343749999 0.4291143359375