4 0.437251984375 0.2606646828125 0.434771825 0.284226190625 0.4141865078125 0.422123015625 0.412450396875 0.440228175 0.406498015625 0.47222222187499996 0.4007936515625 0.516369046875 0.3978174609375 0.5295138890625 0.396329365625 0.5458829359374999 0.39384920625 0.553075396875 0.3926091265625 0.565476190625 0.389880953125 0.5763888890625 0.384920634375 0.6197916671875 0.3824404765625 0.6299603171875 0.38095238125 0.6448412703125 0.377480159375 0.6626984125 0.374255953125 0.671130953125 0.36532738125 0.7398313484375 0.35887896874999997 0.7762896828125 0.353670634375 0.818700396875 0.35069444375000003 0.8348214281249999 0.3484623015625 0.855902778125 0.3457341265625 0.8705357140625001 0.3479662703125 0.874751984375 0.3606150796875 0.874751984375 0.362351190625 0.8732638890625 0.3670634921875 0.874751984375 0.3764880953125 0.874751984375 0.3767361109375 0.8732638890625 0.37934027812500004 0.8732638890625 0.3821924609375 0.874751984375 0.3988095234375 0.874751984375 0.40178571406249997 0.8732638890625 0.4079861109375 0.8727678578125 0.408978175 0.8702876984374999 0.43055555625 0.6758432546875001 0.437748015625 0.6227678578125 0.44717261875 0.5399305562500001 0.45262896875 0.5049603171875 0.45238095312500004 0.4982638890625 0.46180555625 0.412946428125 0.481398809375 0.24181547656250002 0.484623015625 0.22048611093749998 0.491071428125 0.15674603125 0.4923115078125 0.15277777812499999 0.4923115078125 0.146329365625 0.491071428125 0.14112103125 0.4856150796875 0.1304563484375 0.48387896875 0.125 0.45882936562500004 0.125 0.45758928593750003 0.12946428593749998 0.437251984375 0.2606646828125
2 0.41220238125 0.2668650796875 0.375248015625 0.644097221875 0.375248015625 0.662450396875 0.3767361109375 0.6641865078125 0.384424603125 0.618799603125 0.39508928593750003 0.5381944437499999 0.424603175 0.22569444375 0.4283234125 0.20064484062500001 0.434771825 0.1324404765625 0.434523809375 0.125 0.42782738125 0.125 0.4144345234375 0.2547123015625 0.41220238125 0.2668650796875
2 0.1820436515625 0.48883928593750003 0.19717261875 0.4923115078125 0.20114087343749998 0.49404761875 0.2232142859375 0.4982638890625 0.249751984375 0.5138888890625 0.2554563484375 0.518105159375 0.25892857187499996 0.5220734125 0.265376984375 0.525545634375 0.32490079375 0.5453869046875 0.341021825 0.5491071421875 0.34970238125 0.5483630953125 0.3554067453125 0.5453869046875 0.362103175 0.5396825390625 0.3668154765625 0.530505953125 0.36805555624999997 0.5248015875 0.3673115078125 0.5044642859375 0.3658234125 0.50049603125 0.356894840625 0.4935515875 0.19717261875 0.44990079375 0.18824404687500002 0.44990079375 0.18055555625 0.4521329359375 0.1706349203125 0.4632936515625 0.1644345234375 0.465773809375 0.1641865078125 0.474950396875 0.16939484062500001 0.4853670640625 0.171875 0.487351190625 0.1820436515625 0.48883928593750003
2 0.1202876984375 0.8206845234375001 0.1230158734375 0.8236607140625001 0.1235119046875 0.8263888890625 0.1262400796875 0.8293650796875 0.1272321421875 0.8323412703124999 0.1366567453125 0.84375 0.1547619046875 0.85615079375 0.1768353171875 0.8635912703124999 0.1922123015625 0.8643353171875001 0.20882936562499999 0.8638392859374999 0.21602182499999997 0.8616071421875 0.2172619046875 0.8630952375 0.2172619046875 0.8648313484375001 0.22123015937499999 0.865575396875 0.23239087343749998 0.8645833328125001 0.2519841265625 0.8608630953124999 0.2636408734375 0.856398809375 0.2673611109375 0.853174603125 0.275049603125 0.8501984125 0.290674603125 0.8392857140625001 0.3005952375 0.834325396875 0.302579365625 0.830605159375 0.3045634921875 0.8293650796875 0.306299603125 0.8239087296875001 0.3105158734375 0.8204365078125001 0.318700396875 0.8107638890625 0.32142857187499996 0.8053075390625001 0.3261408734375 0.800347221875 0.32911706406249996 0.794394840625 0.3323412703125 0.791170634375 0.33779761875 0.7790178578125 0.3417658734375 0.7733134921875 0.343998015625 0.7641369046875 0.3501984125 0.74950396875 0.3551587296875 0.716021825 0.35491071406249997 0.6927083328125 0.3501984125 0.666170634375 0.3514384921875 0.653521825 0.34970238125 0.650049603125 0.34375 0.64384920625 0.3420138890625 0.640625 0.333829365625 0.6319444437499999 0.328373015625 0.628472221875 0.3258928578125 0.62549603125 0.30927579375 0.621527778125 0.2951388890625 0.6106150796875001 0.2832341265625 0.6044146828125 0.268105159375 0.59970238125 0.24950396874999997 0.5987103171875 0.22867063437500001 0.6019345234375 0.2140376984375 0.606646825 0.20386904687500002 0.612847221875 0.202876984375 0.615575396875 0.19990079375 0.6185515875 0.1991567453125 0.621527778125 0.18923611093749998 0.64012896875 0.18154761875 0.6460813484375 0.17906746093749998 0.6522817453124999 0.1773313484375 0.6540178578125 0.17633928593749998 0.656498015625 0.1765873015625 0.659722221875 0.174851190625 0.6626984125 0.1664186515625 0.6612103171875 0.1542658734375 0.6574900796875001 0.150545634375 0.6577380953125 0.1480654765625 0.6599702375 0.143353175 0.6676587296875 0.13988095312499998 0.67137896875 0.13888888906250002 0.6741071421875 0.1359126984375 0.6770833328125 0.12375992031250001 0.700396825 0.11582341249999999 0.7234623015625 0.1113591265625 0.7450396828125 0.109375 0.762648809375 0.109375 0.7767857140625 0.11235119062500001 0.797619046875 0.115575396875 0.809027778125 0.1202876984375 0.8206845234375001
2 0.2948908734375 0.4384920640625 0.30282738125 0.4389880953125 0.3263888890625 0.434523809375 0.3318452375 0.43154761875 0.3417658734375 0.4298115078125 0.3511904765625 0.42534722187499996 0.3541666671875 0.4228670640625 0.356398809375 0.4136904765625 0.3573908734375 0.40029761875 0.3578869046875 0.3831845234375 0.3571428578125 0.37450396874999997 0.33482142812500004 0.343005953125 0.3241567453125 0.3298611109375 0.318204365625 0.3201884921875 0.3085317453125 0.30902777812500004 0.294394840625 0.2886904765625 0.27678571406249997 0.2673611109375 0.2760416671875 0.264880953125 0.2720734125 0.26116071406249997 0.268105159375 0.2609126984375 0.2576884921875 0.26463293593750004 0.2519841265625 0.26512896874999997 0.212549603125 0.2797619046875 0.20907738125000003 0.2824900796875 0.206101190625 0.287450396875 0.2070932546875 0.290674603125 0.19965277812499999 0.3102678578125 0.1951884921875 0.330605159375 0.1949404765625 0.33482142812500004 0.196924603125 0.3400297625 0.2827380953125 0.42782738125 0.2948908734375 0.4384920640625
2 0.4895833328125 0.133928571875 0.49131944375 0.13616071406250002 0.49925595312500004 0.1584821421875 0.515376984375 0.1954365078125 0.516369046875 0.200148809375 0.5389384921875 0.25 0.540674603125 0.25595238125 0.55654761875 0.2916666671875 0.5615079359374999 0.30009920625 0.564980159375 0.3105158734375 0.580853175 0.3459821421875 0.6011904765625 0.3856646828125 0.60342261875 0.3926091265625 0.6051587296875 0.3943452375 0.60987103125 0.4050099203125 0.6269841265625 0.4360119046875 0.634920634375 0.4481646828125 0.640625 0.453125 0.64657738125 0.45386904687499996 0.6540178578125 0.450396825 0.7366071421875 0.409226190625 0.78720238125 0.3854166671875 0.818204365625 0.369295634375 0.8261408734375 0.36631944375000003 0.8392857140625001 0.358630953125 0.87822420625 0.34052579375 0.89384920625 0.3320932546875 0.90029761875 0.3298611109375 0.9082341265625 0.32490079375 0.9136904765624999 0.32366071406249997 0.9236111109375 0.3179563484375 0.92782738125 0.3142361109375 0.9365079359375 0.2991071421875 0.937748015625 0.29340277812500004 0.9362599203125 0.286954365625 0.9394841265625 0.28025793593750004 0.940476190625 0.2668650796875 0.938244046875 0.2452876984375 0.934523809375 0.23239087343749998 0.93427579375 0.22867063437500001 0.9290674609374999 0.2150297625 0.9270833328125001 0.2053571421875 0.9231150796875 0.19866071406250002 0.92137896875 0.19072420625 0.911954365625 0.16840277812499999 0.9077380953124999 0.1612103171875 0.9077380953124999 0.1582341265625 0.903769840625 0.146825396875 0.8985615078125001 0.137648809375 0.89657738125 0.131200396875 0.8923611109375 0.1269841265625 0.8861607140625001 0.1264880953125 0.88467261875 0.125 0.8821924609374999 0.12673611093749998 0.8794642859374999 0.12673611093749998 0.8767361109375 0.125 0.873842509375 0.1264880953125 0.861855159375 0.1269841265625 0.7978670640625001 0.12673611093749998 0.7953869046875 0.125 0.7274305562500001 0.125 0.7227182546875001 0.12673611093749998 0.7175099203124999 0.125 0.67782738125 0.125 0.67509920625 0.12673611093749998 0.6708829359374999 0.1264880953125 0.6706349203124999 0.125 0.6602182546875001 0.125 0.6572420640625001 0.12673611093749998 0.655505953125 0.1264880953125 0.6552579359374999 0.125 0.4895833328125 0.125 0.48883928593750003 0.127728175 0.4895833328125 0.133928571875
2 0.6696428578125 0.568204365625 0.6884920640625001 0.55927579375 0.693700396875 0.5582837296875 0.7142857140625 0.549603175 0.7552083328125 0.5349702375 0.7767857140625 0.525545634375 0.7929067453124999 0.5203373015625 0.809523809375 0.512896825 0.8296130953124999 0.506200396875 0.84052579375 0.5009920640625001 0.87549603125 0.48834325468750006 0.90029761875 0.47743055625 0.90674603125 0.4764384921875 0.9337797625 0.46478174531249994 0.958829365625 0.45709325468750006 0.9623015875 0.4546130953125 0.971478175 0.450644840625 0.9737103171875001 0.44866071406249997 0.9709821421875 0.44320436562500004 0.953125 0.41964285781250005 0.9295634921874999 0.39112103125000003 0.9203869046875001 0.377728175 0.916170634375 0.37400793593750004 0.9146825390625001 0.37400793593750004 0.8794642859374999 0.3869047625 0.8663194437499999 0.3928571421875 0.8427579359375 0.4015376984375 0.8387896828124999 0.40401785781250005 0.8055555562500001 0.41592261875 0.7946428578125 0.42137896875 0.6956845234375 0.459821428125 0.627480159375 0.487103175 0.624751984375 0.4890873015625 0.65029761875 0.547619046875 0.6584821421875 0.5637400796875001 0.661954365625 0.568700396875 0.6696428578125 0.568204365625
2 0.47098214218749995 0.527777778125 0.49578372968749995 0.544146825 0.505704365625 0.5543154765625 0.5079365078125 0.5545634921875 0.51103670625 0.5566716265625 0.513144840625 0.5602678578125 0.528769840625 0.57217261875 0.5322420640625001 0.5734126984375 0.5364583328125 0.578125 0.55654761875 0.590277778125 0.565972221875 0.5979662703125 0.568204365625 0.6021825390625 0.57762896875 0.6071428578125 0.580605159375 0.610119046875 0.583829365625 0.6106150796875001 0.5855654765625 0.609623015625 0.6016865078125 0.5863095234375 0.6011904765625 0.5848214281249999 0.6026785718750001 0.58134920625 0.6049107140625 0.5803571421875 0.60342261875 0.5768849203124999 0.6051587296875 0.575644840625 0.6054067453124999 0.5741567453124999 0.6039186515625 0.5711805562500001 0.6078869046875 0.564980159375 0.60987103125 0.56299603125 0.6168154765625 0.5610119046875 0.6197916671875 0.5575396828125 0.61904761875 0.553075396875 0.6113591265625 0.5421626984375 0.5047123015625 0.47098214218749995 0.49603174531249994 0.466269840625 0.4925595234375 0.466269840625 0.4858630953125 0.47296627031250005 0.455853175 0.5071924609375 0.455605159375 0.5101686515625 0.4583333328125 0.5146329359374999 0.462549603125 0.5178571421875 0.47098214218749995 0.527777778125
2 0.999751984375 0.5399305562500001 0.8239087296875001 0.534226190625 0.8058035718750001 0.5349702375 0.80282738125 0.5367063484375 0.8013392859374999 0.5414186515625 0.8005952375 0.550347221875 0.7951388890625 0.7765376984375 0.793898809375 0.8705357140625001 0.7953869046875 0.8727678578125 0.999751984375 0.8727678578125 0.999751984375 0.5399305562500001
1 0.502728175 0.8705357140625001 0.5052083328125 0.874751984375 0.768105159375 0.874751984375 0.7705853171875 0.8697916671874999 0.7673611109375 0.763144840625 0.7666170640625001 0.7619047625 0.7636408734375 0.7611607140625 0.74404761875 0.7606646828125 0.7304067453124999 0.7564484125 0.7234623015625 0.749751984375 0.716021825 0.735119046875 0.71279761875 0.72470238125 0.7145337296875 0.716021825 0.7150297625 0.7070932546875001 0.7140376984375 0.68700396875 0.7142857140625 0.6577380953125 0.713045634375 0.6448412703125 0.7100694437499999 0.6324404765625 0.709325396875 0.624255953125 0.693204365625 0.62450396875 0.6855158734375 0.6235119046875 0.677579365625 0.6210317453124999 0.6649305562500001 0.6143353171875 0.6609623015625 0.6106150796875001 0.6540178578125 0.6011904765625 0.646329365625 0.5833333328125 0.6366567453124999 0.581597221875 0.6334325390625 0.581597221875 0.6292162703125 0.5830853171875 0.6259920640625001 0.5823412703125 0.6262400796875001 0.57762896875 0.6289682546875001 0.571924603125 0.6289682546875001 0.568204365625 0.630704365625 0.565972221875 0.6267361109375 0.5647321421875 0.615079365625 0.5642361109375 0.6116071421875 0.56572420625 0.61259920625 0.568700396875 0.6106150796875001 0.571924603125 0.61532738125 0.5979662703125 0.6170634921875 0.6029265875 0.615575396875 0.6071428578125 0.6071428578125 0.6145833328125 0.5992063484375 0.61904761875 0.591021825 0.62177579375 0.581597221875 0.6230158734375 0.5704365078125 0.622271825 0.5647321421875 0.6207837296875 0.55654761875 0.6158234125 0.546875 0.603670634375 0.5448908734375 0.5974702375 0.5426587296875 0.5949900796875001 0.541170634375 0.5890376984375 0.53720238125 0.5820932546875001 0.5329861109375 0.5835813484375 0.531001984375 0.59325396875 0.5248015875 0.6634424609375 0.5228174609375 0.6765873015625 0.5049603171875 0.8571428578125 0.502728175 0.8705357140625001
1 0.12276785781249999 0.593501984375 0.1292162703125 0.5979662703125 0.1386408734375 0.6016865078125 0.1421130953125 0.6006944437499999 0.1617063484375 0.609623015625 0.17113095312499998 0.612103175 0.177579365625 0.615575396875 0.1862599203125 0.6173115078125 0.19097222187500001 0.6197916671875 0.19469246093749998 0.6200396828125 0.1976686515625 0.618799603125 0.20064484062500001 0.612847221875 0.20510912656250002 0.609375 0.2209821421875 0.6024305562500001 0.2385912703125 0.5979662703125 0.24255952343749998 0.5922619046875 0.24330357187499999 0.588045634375 0.2517361109375 0.572420634375 0.2576884921875 0.568700396875 0.2591765875 0.5505952375 0.256200396875 0.530505953125 0.25595238125 0.521825396875 0.25 0.51512896875 0.2353670640625 0.5071924609375 0.23164682499999997 0.5042162703125 0.2199900796875 0.4990079359375 0.21130952343749998 0.49776785781250005 0.1770833328125 0.4890873015625 0.16468253906250002 0.487351190625 0.15972222187500001 0.4853670640625 0.146329365625 0.48239087343750003 0.12822420625 0.4796626984375 0.11929563437499999 0.48090277812500004 0.09895833281250001 0.48809523749999995 0.0952380953125 0.4908234125 0.087549603125 0.49404761875 0.08333333281250001 0.503472221875 0.08333333281250001 0.5049603171875 0.0865575390625 0.5101686515625 0.07217261875 0.5362103171875 0.0580357140625 0.56572420625 0.057539682812500006 0.5696924609375 0.0647321421875 0.5741567453124999 0.0922619046875 0.5820932546875001 0.12276785781249999 0.593501984375
1 0.291170634375 0.28174603125000003 0.2948908734375 0.2827380953125 0.30381944375000003 0.27008928593750003 0.3072916671875 0.259920634375 0.3102678578125 0.2571924609375 0.315228175 0.2490079359375 0.31845238125 0.24677579375 0.3216765875 0.24156746093749998 0.32911706406249996 0.234623015625 0.3301091265625 0.23263888906250002 0.333829365625 0.230902778125 0.344494046875 0.218998015625 0.3640873015625 0.2008928578125 0.3883928578125 0.18700396875 0.390376984375 0.1835317453125 0.396329365625 0.17906746093749998 0.40426587343750003 0.1703869046875 0.4079861109375 0.1644345234375 0.40674603125 0.1609623015625 0.40997023749999995 0.15376984062500001 0.40947420625 0.15029761875 0.40625 0.146329365625 0.40674603125 0.14384920625 0.4047619046875 0.14161706406250002 0.396329365625 0.134920634375 0.390873015625 0.1364087296875 0.3826884921875 0.1453373015625 0.3802083328125 0.1522817453125 0.374751984375 0.158978175 0.328373015625 0.203373015625 0.313244046875 0.22123015937499999 0.2951388890625 0.24503968281250002 0.2800099203125 0.2614087296875 0.278769840625 0.2671130953125 0.281994046875 0.27256944375000003 0.286954365625 0.2790178578125 0.291170634375 0.28174603125000003
1 0.259920634375 0.262896825 0.268105159375 0.259920634375 0.27232142812500004 0.259920634375 0.27529761875 0.2616567453125 0.2772817453125 0.2606646828125 0.2800099203125 0.2554563484375 0.283730159375 0.2522321421875 0.283730159375 0.249751984375 0.2867063484375 0.24305555625 0.2891865078125 0.24131944375 0.2926587296875 0.240575396875 0.2948908734375 0.2380952375 0.2983630953125 0.23710317500000003 0.299851190625 0.2331349203125 0.30654761875 0.2289186515625 0.312251984375 0.21949404687500002 0.314980159375 0.2172619046875 0.315476190625 0.2132936515625 0.3177083328125 0.20882936562499999 0.3258928578125 0.2041170640625 0.328869046875 0.1979166671875 0.3318452375 0.1956845234375 0.337549603125 0.19345238125 0.3420138890625 0.1887400796875 0.344494046875 0.18402777812499999 0.3551587296875 0.177579365625 0.36036706406249996 0.17162698437499999 0.372271825 0.1614583328125 0.3859126984375 0.14236111093749998 0.388144840625 0.13814484062500001 0.38715277812500004 0.134920634375 0.38194444375000003 0.131200396875 0.3767361109375 0.12946428593749998 0.3685515875 0.131696428125 0.3613591265625 0.13740079375 0.358630953125 0.14136904687500002 0.34970238125 0.14905753906250002 0.343501984375 0.15649801562500001 0.3268849203125 0.16741071406250002 0.31572420625 0.17881944375 0.30927579375 0.18725198437499999 0.3048115078125 0.19097222187500001 0.2929067453125 0.20634920625 0.2641369046875 0.23387896874999997 0.2519841265625 0.24280753906250002 0.24727182499999997 0.24925595312499998 0.24677579375 0.252480159375 0.2477678578125 0.2579365078125 0.2517361109375 0.2633928578125 0.259920634375 0.262896825
1 0.3459821421875 0.8571428578125 0.3449900796875 0.8551587296875001 0.341269840625 0.853670634375 0.3303571421875 0.84052579375 0.327380953125 0.8382936515624999 0.3102678578125 0.8320932546875 0.306795634375 0.8333333328125001 0.3048115078125 0.8353174609374999 0.284226190625 0.862351190625 0.2770337296875 0.8702876984374999 0.27529761875 0.874751984375 0.34375 0.874751984375 0.3459821421875 0.862847221875 0.3459821421875 0.8571428578125